time 		pos x 		pos y 		angle 		
0.0 		499.19 		656.74 		0.75 		
0.02 		510.82 		690.95 		-1.6 		
0.04 		510.82 		690.95 		-1.6 		
0.06 		512.23 		688.17 		-1.62 		
0.08 		499.18 		658.13 		0.41 		
0.1 		512.23 		688.17 		-1.62 		
0.12 		499.17 		659.52 		0.7 		
0.14 		499.17 		659.52 		0.7 		
0.16 		500.58 		655.35 		0.7 		
0.18 		512.23 		688.17 		-1.62 		
0.2 		512.23 		688.17 		-1.63 		
0.22 		512.23 		688.17 		-0.87 		
0.24 		512.23 		688.17 		-0.87 		
0.26 		512.23 		688.17 		-1.58 		
0.28 		512.23 		689.57 		-1.62 		
0.3 		512.23 		688.17 		-0.73 		
0.32 		512.23 		688.17 		-0.73 		
0.34 		512.23 		689.57 		-1.62 		
0.36 		512.23 		689.57 		-0.61 		
0.38 		499.19 		656.74 		0.7 		
0.4 		499.19 		656.74 		0.7 		
0.42 		499.19 		656.74 		0.7 		
0.44 		499.19 		656.74 		0.7 		
0.46 		540.54 		720.36 		-1.14 		
0.48 		512.23 		688.17 		-1.58 		
0.5 		544.02 		719.68 		-1.25 		
0.52 		544.02 		719.68 		-1.25 		
0.54 		499.18 		658.13 		0.81 		
0.56 		512.23 		688.17 		-1.62 		
0.58 		512.23 		689.57 		-1.62 		
0.6 		512.23 		688.87 		-0.78 		
0.62 		512.23 		688.87 		-0.78 		
0.64 		512.23 		688.87 		-1.58 		
0.66 		512.23 		688.87 		-1.62 		
0.68 		512.23 		688.17 		-0.68 		
0.7 		512.23 		688.17 		-0.68 		
0.72 		512.23 		688.17 		-1.62 		
0.74 		512.23 		688.17 		-1.62 		
0.76 		512.23 		688.17 		-1.62 		
0.79 		500.58 		656.74 		0.19 		
0.8 		500.58 		656.74 		0.19 		
0.82 		512.23 		689.57 		-1.62 		
0.84 		512.23 		688.17 		-1.62 		
0.86 		497.78 		659.51 		0.35 		
0.89 		512.23 		688.17 		-1.62 		
0.9 		512.23 		688.17 		-1.62 		
0.92 		512.23 		688.17 		-1.58 		
0.94 		595.34 		632.88 		2.69 		
0.96 		512.23 		689.57 		-1.63 		
0.98 		512.23 		689.57 		-1.63 		
1.0 		497.78 		659.51 		0.81 		
1.02 		500.58 		656.74 		0.89 		
1.04 		499.19 		656.74 		0.88 		
1.07 		512.23 		688.17 		-1.62 		
1.08 		512.23 		688.17 		-1.62 		
1.1 		500.58 		656.74 		0.73 		
1.12 		499.19 		656.74 		0.67 		
1.14 		591.83 		637.74 		2.69 		
1.16 		512.23 		689.57 		-1.62 		
1.18 		512.23 		689.57 		-1.62 		
1.2 		512.23 		688.17 		-1.58 		
1.23 		512.23 		688.17 		-0.92 		
1.25 		595.75 		678.17 		3.08 		
1.26 		595.75 		678.17 		3.08 		
1.28 		512.23 		688.17 		-1.58 		
1.3 		512.22 		690.26 		-1.58 		
1.33 		512.23 		688.17 		-1.58 		
1.35 		544.01 		721.07 		-1.26 		
1.36 		544.01 		721.07 		-1.26 		
1.38 		512.23 		688.17 		-1.62 		
1.4 		512.23 		688.17 		-0.76 		
1.43 		512.23 		689.57 		-1.58 		
1.45 		511.52 		690.96 		-1.61 		
1.46 		511.52 		690.96 		-1.61 		
1.48 		512.23 		688.17 		-1.58 		
1.51 		512.23 		688.17 		-1.62 		
1.53 		512.23 		688.87 		-1.58 		
1.54 		512.23 		688.87 		-1.58 		
1.56 		512.23 		688.17 		-1.62 		
1.58 		512.23 		688.17 		-1.62 		
1.6 		512.23 		688.17 		-1.62 		
1.63 		544.07 		711.33 		-1.11 		
1.64 		544.07 		711.33 		-1.11 		
1.67 		512.23 		688.17 		-1.62 		
1.69 		512.23 		688.17 		-1.63 		
1.71 		512.23 		688.17 		-1.58 		
1.73 		510.82 		690.95 		-1.6 		
1.75 		510.82 		690.95 		-1.6 		
1.77 		512.23 		688.17 		-0.68 		
1.79 		510.82 		690.95 		-0.76 		
1.81 		510.82 		690.95 		-0.8 		
1.83 		512.23 		688.17 		-1.62 		
1.85 		512.23 		688.17 		-1.62 		
1.87 		512.23 		689.57 		-0.86 		
1.89 		512.23 		688.17 		-1.62 		
1.9 		512.23 		688.17 		-1.62 		
1.92 		512.23 		688.17 		-1.62 		
1.94 		512.23 		688.17 		-1.62 		
1.97 		512.23 		688.17 		-1.62 		
1.99 		512.23 		688.17 		-1.62 		
2.01 		512.23 		688.17 		-1.62 		
2.03 		512.23 		688.17 		-1.62 		
2.05 		512.23 		688.17 		-1.63 		
2.07 		512.23 		688.17 		-0.81 		
2.09 		512.23 		689.57 		-1.62 		
2.11 		499.18 		658.13 		0.77 		
2.13 		499.18 		658.13 		0.77 		
2.15 		512.23 		688.17 		-0.8 		
2.17 		512.23 		689.57 		-0.8 		
2.19 		512.23 		688.17 		-1.58 		
2.21 		512.23 		688.17 		-1.58 		
2.23 		512.23 		689.57 		-1.62 		
2.25 		512.23 		689.57 		-1.63 		
2.27 		512.23 		688.17 		-1.62 		
2.29 		512.23 		688.17 		-0.87 		
2.31 		512.23 		688.17 		-0.87 		
2.33 		512.23 		688.17 		-1.63 		
2.35 		512.23 		688.17 		-0.75 		
2.37 		512.23 		689.57 		-1.62 		
2.39 		542.61 		722.46 		-1.21 		
2.41 		542.61 		722.46 		-1.21 		
2.43 		512.23 		688.17 		-1.62 		
2.45 		512.23 		688.17 		-1.58 		
2.47 		512.23 		688.17 		-0.83 		
2.49 		512.23 		688.17 		-1.63 		
2.51 		512.23 		688.17 		-1.63 		
2.53 		512.23 		688.17 		-1.63 		
2.55 		512.23 		688.17 		-1.62 		
2.57 		512.23 		688.17 		-1.63 		
2.59 		512.23 		688.17 		-1.63 		
2.61 		512.23 		689.57 		-1.62 		
2.63 		512.23 		688.17 		-1.62 		
2.65 		540.6 		710.61 		-1.18 		
2.67 		500.58 		656.74 		0.64 		
2.69 		500.58 		656.74 		0.64 		
2.71 		500.58 		656.74 		0.39 		
2.73 		597.81 		683.06 		3.1 		
2.75 		500.58 		656.74 		0.87 		
2.77 		512.23 		689.57 		-1.58 		
2.79 		512.23 		689.57 		-1.58 		
2.81 		512.23 		688.17 		-1.62 		
2.83 		512.23 		688.17 		-1.62 		
2.85 		512.23 		688.17 		-1.62 		
2.87 		512.23 		688.17 		-1.62 		
2.89 		512.23 		688.17 		-1.62 		
2.91 		512.23 		688.17 		-0.77 		
2.93 		512.23 		689.57 		-1.62 		
2.95 		512.23 		688.17 		-1.58 		
2.97 		512.23 		688.17 		-1.58 		
2.99 		512.23 		688.17 		-0.71 		
3.01 		512.23 		689.57 		-1.62 		
3.03 		598.64 		660.07 		2.92 		
3.05 		598.64 		660.07 		2.92 		
3.07 		512.23 		688.17 		-1.62 		
3.09 		512.23 		688.17 		-1.62 		
3.11 		512.23 		689.57 		-1.62 		
3.13 		512.23 		689.57 		-1.62 		
3.15 		512.23 		689.57 		-1.62 		
3.17 		512.23 		688.17 		-1.62 		
3.19 		542.63 		718.28 		-1.05 		
3.21 		512.23 		688.17 		-1.58 		
3.23 		499.17 		659.52 		0.78 		
3.25 		499.17 		659.52 		0.78 		
3.27 		499.18 		658.13 		0.86 		
3.29 		499.18 		658.13 		0.77 		
3.31 		512.23 		688.17 		-1.62 		
3.33 		597.99 		654.5 		2.85 		
3.35 		597.99 		654.5 		2.85 		
3.37 		497.77 		660.91 		0.71 		
3.39 		512.23 		688.87 		-1.62 		
3.41 		512.23 		688.17 		-1.62 		
3.43 		510.82 		690.95 		-1.6 		
3.45 		510.82 		690.95 		-1.6 		
3.47 		499.18 		658.13 		0.71 		
3.49 		499.19 		656.74 		0.82 		
3.51 		512.23 		689.57 		-1.58 		
3.53 		512.23 		689.57 		-1.58 		
3.55 		512.23 		688.17 		-1.62 		
3.57 		512.23 		688.17 		-0.76 		
3.59 		500.58 		656.74 		0.21 		
3.61 		512.23 		689.57 		-1.63 		
3.63 		512.23 		689.57 		-1.63 		
3.65 		512.23 		689.57 		-1.62 		
3.67 		499.19 		656.74 		-0.05 		
3.69 		512.23 		689.57 		-0.81 		
3.71 		512.23 		689.57 		-1.58 		
3.73 		512.23 		689.57 		-1.58 		
3.75 		512.23 		689.57 		-1.58 		
3.77 		544.0 		721.77 		-1.19 		
3.79 		544.0 		721.77 		-1.19 		
3.81 		500.58 		656.74 		0.78 		
3.83 		497.77 		660.21 		0.82 		
3.85 		544.04 		716.9 		-1.08 		
3.87 		510.82 		690.95 		-1.55 		
3.89 		499.19 		656.74 		0.72 		
3.91 		499.19 		656.74 		0.72 		
3.93 		512.23 		689.57 		-0.61 		
3.95 		512.23 		688.17 		-1.58 		
3.97 		512.23 		688.17 		-0.68 		
3.99 		512.23 		688.17 		-1.62 		
4.01 		512.23 		688.17 		-1.62 		
4.03 		512.23 		688.17 		-1.62 		
4.05 		512.23 		688.17 		-1.62 		
4.07 		512.23 		688.17 		-1.63 		
4.09 		512.23 		688.17 		-1.63 		
4.11 		499.17 		658.83 		0.45 		
4.13 		499.19 		656.74 		0.38 		
4.15 		512.23 		688.17 		-1.62 		
4.17 		512.23 		689.57 		-1.62 		
4.19 		512.23 		689.57 		-1.62 		
4.21 		512.23 		688.17 		-0.77 		
4.23 		512.23 		688.17 		-1.62 		
4.25 		512.23 		688.17 		-1.62 		
4.28 		512.23 		689.57 		-1.62 		
4.29 		512.23 		689.57 		-1.62 		
4.31 		512.23 		688.17 		-1.62 		
4.33 		512.23 		688.17 		-1.62 		
4.35 		512.23 		688.17 		-1.62 		
4.37 		499.19 		656.74 		0.22 		
4.39 		499.19 		656.74 		0.76 		
4.41 		596.42 		682.36 		3.1 		
4.43 		512.23 		688.17 		-0.74 		
4.45 		512.23 		688.17 		-1.62 		
4.47 		512.23 		688.17 		-1.62 		
4.49 		512.23 		688.17 		-1.62 		
4.51 		499.17 		659.52 		-0.08 		
4.54 		541.96 		714.8 		-1.09 		
4.56 		512.23 		688.17 		-1.58 		
4.58 		512.23 		688.17 		-1.58 		
4.6 		512.23 		688.17 		-1.62 		
4.62 		544.0 		721.77 		-1.14 		
4.64 		512.23 		688.17 		-1.58 		
4.66 		499.19 		656.74 		0.1 		
4.68 		499.19 		656.74 		0.1 		
4.7 		512.23 		688.17 		-1.62 		
4.72 		512.23 		689.57 		-1.62 		
4.74 		512.23 		688.17 		-1.62 		
4.76 		512.23 		689.57 		-1.62 		
4.78 		512.23 		689.57 		-1.62 		
4.8 		512.23 		688.17 		-1.62 		
4.82 		512.23 		689.57 		-1.62 		
4.84 		500.58 		656.74 		0.75 		
4.86 		500.58 		656.74 		0.75 		
4.88 		512.23 		689.57 		-1.58 		
4.9 		512.23 		688.17 		-0.63 		
4.92 		512.23 		688.17 		-1.62 		
4.94 		512.23 		688.17 		-1.62 		
4.96 		512.23 		688.17 		-1.62 		
4.98 		512.23 		688.17 		-1.62 		
5.0 		512.23 		688.17 		-0.79 		
5.02 		510.82 		690.95 		-0.7 		
5.04 		500.57 		658.14 		0.67 		
5.06 		500.57 		658.14 		0.67 		
5.08 		499.19 		656.74 		0.66 		
5.1 		499.19 		656.74 		0.19 		
5.12 		499.19 		656.74 		0.21 		
5.14 		499.19 		656.74 		0.21 		
5.16 		500.58 		656.74 		0.78 		
5.18 		499.19 		656.74 		0.8 		
5.2 		512.23 		689.57 		-0.77 		
5.22 		512.23 		688.17 		-0.67 		
5.24 		512.23 		688.17 		-0.67 		
5.26 		512.23 		688.17 		-1.62 		
5.28 		512.23 		688.17 		-0.87 		
5.3 		512.23 		688.17 		-1.62 		
5.32 		512.23 		688.17 		-1.62 		
5.34 		512.23 		689.57 		-1.62 		
5.36 		512.23 		688.17 		-0.81 		
5.38 		512.23 		689.57 		-1.62 		
5.4 		500.58 		656.74 		0.71 		
5.42 		500.58 		656.74 		0.71 		
5.44 		512.23 		688.17 		-1.58 		
5.46 		512.23 		688.17 		-1.58 		
5.48 		512.23 		688.17 		-1.63 		
5.5 		499.18 		658.13 		0.78 		
5.52 		499.18 		658.13 		0.78 		
5.54 		512.23 		689.57 		-0.74 		
5.56 		512.23 		688.17 		-1.58 		
5.58 		512.23 		688.17 		-1.58 		
5.6 		512.23 		688.17 		-1.58 		
5.62 		512.23 		688.17 		-1.58 		
5.64 		512.23 		688.17 		-0.69 		
5.66 		512.23 		689.57 		-1.58 		
5.68 		512.23 		688.17 		-1.62 		
5.7 		512.23 		688.17 		-1.62 		
5.72 		512.23 		689.57 		-0.9 		
5.74 		512.23 		689.57 		-1.62 		
5.76 		512.23 		688.17 		-1.62 		
5.78 		512.23 		688.17 		-1.58 		
5.8 		512.23 		688.17 		-1.58 		
5.82 		499.18 		658.13 		-0.17 		
5.84 		512.23 		689.57 		-1.58 		
5.86 		512.23 		688.17 		-1.63 		
5.88 		512.23 		688.17 		-1.63 		
5.9 		499.17 		659.52 		0.76 		
5.92 		512.23 		689.57 		-1.63 		
5.94 		512.22 		690.26 		-1.62 		
5.96 		512.23 		688.17 		-1.62 		
5.98 		512.23 		688.17 		-1.62 		
6.0 		512.23 		689.57 		-1.58 		
6.02 		512.23 		688.17 		-1.62 		
6.04 		512.23 		689.57 		-1.62 		
6.06 		512.23 		688.17 		-1.58 		
6.08 		512.23 		688.17 		-1.58 		
6.1 		512.23 		688.17 		-1.58 		
6.12 		512.23 		688.17 		-1.58 		
6.14 		512.23 		689.57 		-1.58 		
6.16 		512.23 		689.57 		-1.58 		
6.18 		512.23 		689.57 		-0.79 		
6.2 		512.23 		689.57 		-1.62 		
6.22 		500.58 		656.74 		0.74 		
6.24 		512.22 		690.96 		-1.62 		
6.26 		512.22 		690.96 		-1.62 		
6.28 		499.19 		656.74 		0.75 		
6.3 		512.23 		688.17 		-1.62 		
6.32 		512.23 		688.17 		-1.62 		
6.34 		499.19 		656.74 		0.42 		
6.36 		499.19 		656.74 		0.42 		
6.38 		512.23 		688.17 		-0.87 		
6.4 		512.23 		689.57 		-0.71 		
6.42 		512.23 		688.17 		-1.58 		
6.44 		512.23 		688.17 		-1.58 		
6.46 		512.23 		688.17 		-0.81 		
6.48 		512.23 		688.17 		-1.63 		
6.5 		512.23 		688.17 		-0.9 		
6.52 		512.23 		688.17 		-1.58 		
6.54 		512.23 		688.17 		-1.58 		
6.56 		510.82 		690.95 		-1.55 		
6.58 		500.58 		656.74 		0.76 		
6.6 		512.23 		688.17 		-0.76 		
6.62 		512.23 		689.57 		-1.63 		
6.64 		512.23 		689.57 		-1.63 		
6.66 		499.18 		658.13 		0.22 		
6.68 		512.23 		689.57 		-1.62 		
6.7 		512.23 		689.57 		-1.62 		
6.72 		512.23 		689.57 		-1.62 		
6.74 		512.23 		688.17 		-1.62 		
6.76 		499.17 		659.52 		0.68 		
6.78 		499.18 		658.13 		0.78 		
6.8 		512.23 		689.57 		-1.58 		
6.82 		512.23 		689.57 		-1.58 		
6.84 		510.82 		690.95 		-1.55 		
6.86 		512.23 		688.17 		-1.62 		
6.88 		512.23 		688.17 		-0.77 		
6.9 		512.23 		688.17 		-1.58 		
6.92 		512.23 		688.17 		-1.58 		
6.94 		512.23 		688.17 		-0.84 		
6.96 		512.23 		689.57 		-1.62 		
6.98 		512.23 		688.17 		-1.62 		
7.0 		512.23 		688.17 		-1.62 		
7.02 		512.23 		688.17 		-1.62 		
7.04 		512.23 		689.57 		-1.58 		
7.06 		512.23 		689.57 		-0.79 		
7.08 		512.23 		688.17 		-1.62 		
7.1 		512.23 		688.17 		-1.62 		
7.12 		512.23 		688.17 		-1.62 		
7.14 		512.23 		688.17 		-1.62 		
7.16 		500.58 		656.74 		0.74 		
7.18 		512.23 		689.57 		-1.62 		
7.2 		512.23 		689.57 		-1.62 		
7.22 		512.23 		688.17 		-1.62 		
7.24 		512.23 		689.57 		-1.62 		
7.26 		512.23 		688.17 		-1.63 		
7.28 		512.23 		688.17 		-1.63 		
7.3 		512.23 		688.17 		-0.83 		
7.32 		512.23 		688.17 		-1.58 		
7.34 		512.23 		688.17 		-1.62 		
7.36 		500.57 		658.14 		0.77 		
7.38 		500.57 		658.14 		0.77 		
7.4 		512.23 		688.17 		-1.58 		
7.42 		512.23 		688.87 		-1.62 		
7.44 		500.58 		656.74 		0.39 		
7.46 		512.23 		688.17 		-1.62 		
7.48 		512.23 		688.17 		-1.62 		
7.5 		512.23 		689.57 		-0.62 		
7.52 		512.23 		688.17 		-1.62 		
7.54 		512.23 		688.17 		-0.87 		
7.56 		599.21 		680.98 		3.1 		
7.58 		599.21 		680.98 		3.1 		
7.6 		512.23 		688.17 		-1.58 		
7.62 		512.23 		688.17 		-1.58 		
7.64 		512.23 		688.17 		-1.58 		
7.66 		512.23 		688.17 		-1.58 		
7.68 		512.23 		688.17 		-1.58 		
7.7 		512.23 		689.57 		-1.58 		
7.72 		499.19 		656.74 		0.19 		
7.74 		512.23 		689.57 		-1.62 		
7.76 		512.23 		689.57 		-1.62 		
7.78 		499.19 		656.74 		0.76 		
7.8 		512.23 		689.57 		-1.6 		
7.82 		512.23 		688.17 		-1.62 		
7.84 		512.23 		689.57 		-1.62 		
7.86 		512.23 		689.57 		-1.62 		
7.88 		512.23 		688.17 		-0.87 		
7.9 		512.23 		688.17 		-1.58 		
7.92 		512.23 		688.87 		-0.82 		
7.94 		512.23 		688.87 		-0.82 		
7.96 		512.23 		688.17 		-1.62 		
7.98 		544.0 		722.47 		-1.18 		
8.0 		499.18 		658.13 		0.15 		
8.02 		512.23 		688.17 		-1.6 		
8.04 		512.23 		688.17 		-1.6 		
8.06 		512.23 		688.17 		-0.79 		
8.08 		500.57 		658.14 		0.71 		
8.1 		512.23 		688.17 		-1.6 		
8.12 		500.58 		656.74 		0.8 		
8.14 		500.58 		656.74 		0.8 		
8.16 		512.23 		688.17 		-1.62 		
8.18 		512.23 		688.17 		-1.62 		
8.2 		512.23 		688.17 		-1.62 		
8.22 		512.23 		689.57 		-1.63 		
8.24 		499.18 		658.13 		0.69 		
8.26 		512.23 		688.17 		-1.62 		
8.28 		512.23 		688.17 		-0.81 		
8.3 		500.58 		656.74 		0.66 		
8.32 		500.58 		656.74 		0.66 		
8.34 		512.23 		688.17 		-0.86 		
8.36 		512.23 		688.17 		-1.62 		
8.38 		512.23 		688.17 		-1.6 		
8.4 		512.23 		689.57 		-1.58 		
8.42 		512.23 		689.57 		-1.58 		
8.44 		512.23 		689.57 		-0.78 		
8.46 		512.23 		688.17 		-1.58 		
8.48 		512.23 		688.17 		-1.58 		
8.51 		512.23 		689.57 		-1.62 		
8.52 		512.23 		689.57 		-1.62 		
8.54 		512.23 		689.57 		-1.62 		
8.56 		512.23 		688.17 		-0.87 		
8.58 		512.23 		688.17 		-1.62 		
8.61 		500.58 		656.74 		0.71 		
8.62 		500.58 		656.74 		0.71 		
8.65 		512.23 		689.57 		-0.79 		
8.67 		500.58 		656.74 		0.47 		
8.69 		512.23 		689.57 		-1.62 		
8.71 		512.23 		689.57 		-1.62 		
8.72 		512.23 		689.57 		-1.58 		
8.74 		512.23 		688.17 		-1.63 		
8.77 		512.23 		688.17 		-1.58 		
8.79 		512.23 		688.17 		-1.58 		
8.81 		512.23 		688.17 		-1.58 		
8.83 		512.23 		688.17 		-1.62 		
8.85 		512.23 		688.17 		-1.62 		
8.87 		512.23 		688.17 		-1.62 		
8.88 		512.23 		688.17 		-1.62 		
8.9 		499.18 		658.13 		0.77 		
8.93 		499.19 		656.74 		0.46 		
8.94 		512.23 		689.57 		-0.68 		
8.97 		512.23 		689.57 		-1.62 		
8.98 		512.23 		689.57 		-1.62 		
9.0 		544.07 		712.72 		-1.12 		
9.03 		544.07 		712.72 		-1.12 		
9.04 		544.07 		712.72 		-1.12 		
9.07 		512.23 		689.57 		-1.58 		
9.09 		512.23 		689.57 		-1.58 		
9.11 		512.23 		688.87 		-1.58 		
9.13 		544.02 		718.98 		-1.21 		
9.15 		512.23 		688.17 		-1.62 		
9.17 		512.23 		688.17 		-1.58 		
9.19 		512.23 		688.17 		-1.58 		
9.21 		500.58 		656.74 		0.63 		
9.23 		500.58 		656.74 		0.75 		
9.25 		512.23 		688.17 		-1.58 		
9.27 		512.23 		688.17 		-1.58 		
9.29 		512.23 		688.17 		-1.62 		
9.31 		512.23 		688.17 		-1.62 		
9.33 		512.23 		688.17 		-0.79 		
9.35 		512.23 		688.17 		-1.62 		
9.37 		512.23 		688.17 		-1.62 		
9.39 		510.82 		690.95 		-0.79 		
9.41 		512.23 		689.57 		-0.68 		
9.43 		542.1 		694.61 		-1.13 		
9.45 		500.58 		656.74 		0.38 		
9.47 		500.58 		656.74 		0.38 		
9.49 		512.23 		688.17 		-1.62 		
9.51 		500.57 		657.44 		0.77 		
9.53 		499.19 		656.74 		0.75 		
9.55 		499.19 		656.74 		0.75 		
9.57 		512.23 		688.17 		-1.58 		
9.59 		512.23 		688.17 		-1.62 		
9.61 		512.23 		689.57 		-0.85 		
9.63 		499.18 		658.13 		0.13 		
9.65 		499.18 		658.13 		0.13 		
9.67 		512.23 		688.17 		-1.62 		
9.69 		512.23 		688.17 		-1.58 		
9.71 		544.03 		717.59 		-1.22 		
9.73 		512.23 		688.17 		-1.62 		
9.75 		512.23 		688.17 		-1.62 		
9.77 		500.58 		656.74 		0.58 		
9.79 		512.23 		688.17 		-1.63 		
9.81 		500.58 		656.74 		0.72 		
9.83 		500.58 		656.74 		0.9 		
9.85 		500.58 		656.74 		0.9 		
9.87 		500.58 		656.74 		0.9 		
9.89 		500.58 		656.74 		0.9 		
9.92 		595.88 		658.68 		2.9 		
9.93 		595.88 		658.68 		2.9 		
9.95 		512.23 		688.17 		-0.87 		
9.97 		512.23 		688.17 		-0.81 		
9.99 		512.23 		688.17 		-0.81 		
10.0 		512.23 		688.17 		-0.81 		
10.0 		512.23 		689.57 		-1.62 		
10.0 		500.58 		656.74 		0.38 		
10.1 		500.58 		656.74 		0.8 		
10.1 		499.19 		656.74 		0.76 		
10.1 		512.22 		690.96 		-1.62 		
10.1 		512.22 		690.96 		-1.62 		
10.1 		512.23 		688.17 		-1.58 		
10.2 		541.93 		720.37 		-1.1 		
10.2 		541.93 		720.37 		-1.1 		
10.2 		512.23 		689.57 		-0.86 		
10.2 		500.58 		656.74 		0.26 		
10.2 		512.23 		689.57 		-1.62 		
10.3 		512.23 		688.17 		-1.62 		
10.3 		512.23 		689.57 		-1.62 		
10.3 		512.23 		689.57 		-1.62 		
10.3 		512.23 		689.57 		-0.84 		
10.3 		500.57 		658.14 		0.35 		
10.4 		512.23 		688.17 		-0.76 		
10.4 		512.23 		688.17 		-1.58 		
10.4 		512.23 		688.17 		-1.58 		
10.4 		512.23 		689.57 		-0.65 		
10.4 		500.58 		655.35 		0.97 		
10.5 		500.58 		655.35 		0.97 		
10.5 		500.58 		655.35 		0.97 		
10.5 		500.58 		655.35 		0.97 		
10.5 		500.58 		655.35 		0.97 		
10.5 		500.58 		655.35 		0.97 		
10.6 		499.19 		656.74 		1.02 		
10.6 		499.19 		656.74 		1.02 		
10.6 		499.19 		656.74 		1.02 		
10.6 		499.19 		656.74 		1.02 		
10.6 		499.19 		656.74 		1.02 		
10.7 		499.19 		656.74 		1.02 		
10.7 		499.19 		656.04 		1.06 		
10.7 		479.42 		703.27 		0.7 		
10.7 		475.26 		701.16 		0.69 		
10.7 		475.26 		701.16 		0.69 		
10.8 		475.26 		701.16 		0.69 		
10.8 		475.26 		701.16 		0.69 		
10.8 		475.26 		701.16 		0.69 		
10.8 		475.26 		701.16 		0.69 		
10.8 		475.26 		701.16 		0.69 		
10.9 		475.26 		701.16 		0.69 		
10.9 		475.26 		701.16 		0.69 		
10.9 		475.26 		701.16 		0.69 		
10.9 		475.26 		701.16 		0.69 		
10.9 		475.26 		701.16 		0.69 		
11.0 		475.26 		701.16 		0.69 		
11.0 		475.26 		701.16 		0.69 		
11.0 		475.26 		701.16 		0.69 		
11.0 		497.89 		638.6 		1.03 		
11.0 		497.89 		638.6 		1.03 		
11.1 		497.89 		638.6 		1.03 		
11.1 		497.89 		638.6 		1.03 		
11.1 		497.89 		638.6 		1.03 		
11.1 		497.89 		638.6 		1.03 		
11.1 		497.89 		638.6 		1.03 		
11.2 		497.89 		638.6 		1.03 		
11.2 		497.89 		638.6 		1.03 		
11.2 		497.89 		638.6 		1.03 		
11.2 		497.89 		638.6 		1.03 		
11.2 		497.89 		638.6 		1.03 		
11.3 		497.89 		638.6 		1.03 		
11.3 		497.89 		638.6 		1.03 		
11.3 		497.89 		638.6 		1.03 		
11.3 		497.89 		638.6 		1.03 		
11.4 		497.89 		638.6 		1.03 		
11.4 		497.89 		638.6 		1.03 		
11.4 		497.89 		638.6 		1.03 		
11.4 		497.89 		638.6 		1.03 		
11.4 		497.89 		638.6 		1.03 		
11.5 		497.89 		638.6 		1.03 		
11.5 		497.89 		638.6 		1.03 		
11.5 		497.89 		638.6 		1.03 		
11.5 		497.89 		638.6 		1.03 		
11.5 		497.89 		638.6 		1.03 		
11.6 		497.89 		638.6 		1.03 		
11.6 		497.89 		638.6 		1.03 		
11.6 		497.89 		638.6 		1.03 		
11.6 		497.89 		638.6 		1.03 		
11.6 		497.89 		638.6 		1.03 		
11.7 		497.89 		638.6 		1.03 		
11.7 		497.89 		638.6 		1.03 		
11.7 		497.89 		638.6 		1.03 		
11.7 		497.89 		638.6 		1.03 		
11.7 		497.89 		638.6 		1.03 		
11.8 		497.89 		638.6 		1.03 		
11.8 		497.89 		638.6 		1.03 		
11.8 		497.89 		638.6 		1.03 		
11.8 		497.89 		638.6 		1.03 		
11.8 		497.89 		638.6 		1.03 		
11.9 		497.89 		638.6 		1.03 		
11.9 		497.89 		638.6 		1.03 		
11.9 		497.89 		638.6 		1.03 		
11.9 		497.89 		638.6 		1.03 		
11.9 		497.89 		638.6 		1.03 		
12.0 		497.89 		638.6 		1.03 		
12.0 		497.89 		638.6 		1.03 		
12.0 		497.89 		638.6 		1.03 		
12.0 		497.89 		638.6 		1.03 		
12.0 		497.89 		638.6 		1.03 		
12.1 		497.89 		638.6 		1.03 		
12.1 		497.89 		638.6 		1.03 		
12.1 		497.89 		638.6 		1.03 		
12.1 		497.89 		638.6 		1.03 		
12.1 		497.89 		638.6 		1.03 		
12.2 		497.89 		638.6 		1.03 		
12.2 		497.89 		638.6 		1.03 		
12.2 		497.89 		638.6 		1.03 		
12.2 		497.89 		638.6 		1.03 		
12.2 		497.89 		638.6 		1.03 		
12.3 		497.89 		638.6 		1.03 		
12.3 		497.89 		638.6 		1.03 		
12.3 		497.89 		638.6 		1.03 		
12.3 		497.89 		638.6 		1.03 		
12.3 		497.89 		638.6 		1.03 		
12.4 		497.89 		638.6 		1.03 		
12.4 		497.89 		638.6 		1.03 		
12.4 		497.89 		638.6 		1.03 		
12.4 		497.89 		638.6 		1.03 		
12.4 		497.89 		638.6 		1.03 		
12.5 		497.89 		638.6 		1.03 		
12.5 		497.89 		638.6 		1.03 		
12.5 		497.89 		638.6 		1.03 		
12.5 		599.64 		823.67 		-2.24 		
12.5 		599.64 		823.67 		-2.24 		
12.6 		599.64 		823.67 		-2.24 		
12.6 		599.64 		823.67 		-2.24 		
12.6 		599.64 		823.67 		-2.24 		
12.6 		599.64 		823.67 		-2.24 		
12.6 		599.64 		823.67 		-2.24 		
12.7 		599.64 		823.67 		-2.24 		
12.7 		599.64 		823.67 		-2.24 		
12.7 		599.64 		823.67 		-2.24 		
12.7 		599.64 		823.67 		-2.24 		
12.7 		599.64 		823.67 		-2.24 		
12.8 		599.64 		823.67 		-2.24 		
12.8 		599.64 		823.67 		-2.24 		
12.8 		599.64 		823.67 		-2.24 		
12.8 		599.64 		823.67 		-2.24 		
12.8 		599.64 		823.67 		-2.24 		
12.9 		599.64 		823.67 		-2.24 		
12.9 		599.64 		823.67 		-2.24 		
12.9 		599.64 		823.67 		-2.24 		
12.9 		599.64 		823.67 		-2.24 		
12.9 		599.64 		823.67 		-2.24 		
13.0 		599.64 		823.67 		-2.24 		
13.0 		599.64 		823.67 		-2.24 		
13.0 		600.38 		818.81 		-2.26 		
13.0 		600.38 		818.81 		-2.26 		
13.0 		600.38 		818.81 		-2.26 		
13.1 		600.38 		818.81 		-2.26 		
13.1 		600.38 		818.81 		-2.26 		
13.1 		600.38 		818.81 		-2.26 		
13.1 		600.38 		818.81 		-2.26 		
13.1 		600.38 		818.81 		-2.26 		
13.2 		600.38 		818.81 		-2.26 		
13.2 		600.38 		818.81 		-2.26 		
13.2 		600.38 		818.81 		-2.26 		
13.2 		627.77 		872.51 		-2.17 		
13.2 		627.77 		872.51 		-2.17 		
13.3 		627.77 		872.51 		-2.17 		
13.3 		627.77 		872.51 		-2.17 		
13.3 		627.77 		872.51 		-2.17 		
13.3 		627.77 		872.51 		-2.17 		
13.3 		627.77 		872.51 		-2.17 		
13.4 		627.77 		872.51 		-2.17 		
13.4 		627.77 		872.51 		-2.17 		
13.4 		627.77 		872.51 		-2.17 		
13.4 		516.44 		683.32 		2.22 		
13.4 		499.18 		656.74 		0.82 		
13.5 		509.45 		688.16 		-1.58 		
13.5 		510.84 		688.17 		-1.6 		
13.5 		510.84 		688.17 		-1.6 		
13.6 		510.15 		688.16 		-1.54 		
13.6 		509.45 		688.16 		-1.58 		
13.6 		510.83 		689.56 		-1.6 		
13.6 		510.83 		689.56 		-1.6 		
13.6 		509.45 		688.16 		-0.66 		
13.7 		510.84 		688.17 		-1.6 		
13.7 		510.83 		689.56 		-1.6 		
13.7 		510.84 		688.17 		-1.6 		
13.7 		510.84 		688.17 		-1.6 		
13.7 		510.84 		688.17 		-1.6 		
13.8 		510.84 		688.17 		-1.6 		
13.8 		509.44 		689.55 		-1.58 		
13.8 		510.15 		688.16 		-1.59 		
13.8 		510.15 		688.16 		-1.59 		
13.8 		510.84 		688.17 		-1.6 		
13.9 		510.84 		688.17 		-1.6 		
13.9 		509.44 		689.55 		-0.77 		
13.9 		509.45 		688.16 		-1.58 		
13.9 		509.45 		688.16 		-1.58 		
13.9 		510.85 		687.47 		-1.6 		
14.0 		510.84 		688.17 		-1.6 		
14.0 		509.45 		688.16 		-1.53 		
14.0 		509.45 		688.16 		-1.53 		
14.0 		510.84 		688.17 		-1.6 		
14.0 		497.79 		658.12 		0.44 		
14.1 		510.84 		688.17 		-1.6 		
14.1 		510.84 		688.17 		-1.55 		
14.1 		510.84 		688.17 		-1.55 		
14.1 		510.83 		689.56 		-1.6 		
14.1 		510.84 		688.17 		-1.6 		
14.2 		510.84 		688.17 		-1.6 		
14.2 		510.84 		688.17 		-1.6 		
14.2 		540.54 		718.97 		-1.21 		
14.2 		497.79 		658.12 		0.7 		
14.2 		510.83 		689.56 		-1.6 		
14.3 		508.05 		689.54 		-0.82 		
14.3 		508.05 		689.54 		-0.82 		
14.3 		510.83 		689.56 		-1.6 		
14.3 		509.44 		689.55 		-0.72 		
14.3 		499.18 		656.74 		0.14 		
14.4 		510.84 		688.17 		-1.6 		
14.4 		510.84 		688.17 		-1.6 		
14.4 		510.83 		689.56 		-0.7 		
14.4 		510.15 		688.16 		-1.59 		
14.4 		510.83 		689.56 		-1.55 		
14.5 		510.83 		689.56 		-1.55 		
14.5 		510.83 		689.56 		-1.55 		
14.5 		510.83 		689.56 		-1.6 		
14.5 		509.45 		688.16 		-0.67 		
14.5 		509.45 		688.16 		-1.58 		
14.6 		509.45 		688.16 		-1.58 		
14.6 		510.84 		688.17 		-1.6 		
14.6 		510.83 		689.56 		-1.6 		
14.6 		510.83 		689.56 		-0.71 		
14.6 		509.45 		688.16 		-1.58 		
14.7 		509.45 		688.16 		-1.58 		
14.7 		509.45 		688.16 		-1.58 		
14.7 		509.45 		688.16 		-1.58 		
14.7 		510.83 		689.56 		-1.6 		
14.7 		510.83 		689.56 		-1.6 		
14.8 		510.83 		689.56 		-1.6 		
14.8 		510.83 		689.56 		-1.6 		
14.8 		510.15 		688.16 		-1.59 		
14.8 		509.45 		688.16 		-1.58 		
14.8 		509.45 		688.16 		-1.58 		
14.9 		497.79 		656.73 		-0.07 		
14.9 		510.84 		688.17 		-1.6 		
14.9 		510.84 		688.17 		-1.6 		
14.9 		509.45 		688.16 		-1.58 		
14.9 		509.45 		688.16 		-1.58 		
15.0 		510.84 		688.17 		-1.6 		
15.0 		509.45 		688.16 		-1.58 		
15.0 		509.45 		688.16 		-1.58 		
15.0 		509.45 		688.16 		-1.58 		
15.0 		510.84 		688.17 		-1.6 		
15.1 		510.84 		688.17 		-1.6 		
15.1 		510.83 		689.56 		-0.68 		
15.1 		510.84 		688.17 		-1.6 		
15.1 		510.84 		688.17 		-1.6 		
15.1 		503.88 		689.52 		-0.85 		
15.2 		509.45 		688.16 		-1.58 		
15.2 		510.84 		688.17 		-1.6 		
15.2 		510.84 		688.17 		-1.6 		
15.2 		510.84 		688.17 		-1.6 		
15.2 		510.84 		688.17 		-1.6 		
15.3 		509.45 		688.16 		-1.58 		
15.3 		509.44 		689.55 		-0.77 		
15.3 		509.44 		690.25 		-0.81 		
15.3 		509.44 		690.25 		-0.81 		
15.3 		510.84 		688.17 		-1.6 		
15.4 		510.84 		688.17 		-1.6 		
15.4 		510.84 		688.17 		-1.6 		
15.4 		510.84 		688.17 		-1.6 		
15.4 		509.44 		689.55 		-1.58 		
15.4 		497.79 		656.73 		0.36 		
15.5 		510.84 		688.17 		-1.6 		
15.5 		509.45 		688.16 		-1.58 		
15.5 		509.45 		688.16 		-1.58 		
15.5 		509.45 		688.16 		-1.58 		
15.5 		509.45 		688.16 		-1.58 		
15.6 		509.45 		688.16 		-1.58 		
15.6 		509.45 		688.16 		-1.58 		
15.6 		509.45 		688.16 		-1.58 		
15.6 		509.44 		689.55 		-1.58 		
15.6 		509.44 		689.55 		-1.58 		
15.7 		510.84 		688.17 		-1.6 		
15.7 		510.84 		688.17 		-1.6 		
15.7 		510.83 		689.56 		-1.6 		
15.7 		510.15 		688.16 		-1.59 		
15.7 		509.45 		688.16 		-1.58 		
15.8 		497.79 		656.73 		0.61 		
15.8 		497.79 		656.73 		0.61 		
15.8 		497.79 		658.12 		0.82 		
15.8 		509.45 		688.16 		-1.58 		
15.8 		510.85 		686.77 		-1.6 		
15.9 		510.83 		689.56 		-1.6 		
15.9 		510.83 		689.56 		-1.6 		
15.9 		506.66 		689.53 		-0.83 		
15.9 		510.83 		689.56 		-1.6 		
15.9 		509.44 		689.55 		-1.58 		
16.0 		509.44 		689.55 		-1.58 		
16.0 		510.84 		688.17 		-1.6 		
16.0 		510.83 		689.56 		-0.77 		
16.0 		508.04 		690.94 		-0.85 		
16.0 		509.45 		688.16 		-1.58 		
16.1 		509.45 		688.16 		-1.58 		
16.1 		510.84 		688.17 		-1.6 		
16.1 		510.84 		688.17 		-1.6 		
16.1 		510.15 		688.16 		-1.59 		
16.2 		510.84 		688.17 		-1.6 		
16.2 		510.84 		688.17 		-1.6 		
16.2 		497.79 		656.73 		0.39 		
16.2 		507.36 		689.54 		-0.75 		
16.2 		511.55 		685.38 		-1.61 		
16.2 		511.55 		685.38 		-1.61 		
16.3 		598.02 		648.92 		2.81 		
16.3 		509.44 		689.55 		-1.58 		
16.3 		510.83 		689.56 		-1.6 		
16.3 		510.83 		689.56 		-1.6 		
16.3 		510.83 		689.56 		-1.6 		
16.4 		510.84 		688.17 		-1.6 		
16.4 		510.83 		689.56 		-1.6 		
16.4 		510.84 		688.86 		-1.6 		
16.4 		510.84 		688.17 		-1.6 		
16.4 		510.84 		688.17 		-1.6 		
16.5 		510.84 		688.17 		-1.6 		
16.5 		509.44 		689.55 		-0.77 		
16.5 		509.45 		688.16 		-1.58 		
16.5 		509.44 		689.55 		-0.8 		
16.5 		509.44 		689.55 		-0.8 		
16.6 		599.59 		621.06 		2.61 		
16.6 		509.44 		689.55 		-1.58 		
16.6 		509.44 		689.55 		-1.58 		
16.6 		509.44 		689.55 		-1.58 		
16.6 		509.44 		689.55 		-1.58 		
16.7 		497.79 		656.73 		0.32 		
16.7 		509.45 		688.16 		-1.58 		
16.7 		510.84 		688.17 		-1.6 		
16.7 		510.84 		688.17 		-1.6 		
16.7 		499.18 		656.74 		0.17 		
16.8 		506.66 		689.53 		-0.68 		
16.8 		509.45 		688.16 		-1.58 		
16.8 		510.83 		689.56 		-1.6 		
16.8 		510.83 		689.56 		-1.6 		
16.9 		499.2 		653.95 		0.19 		
16.9 		501.09 		689.5 		-0.82 		
16.9 		510.84 		688.17 		-1.6 		
16.9 		510.84 		688.17 		-1.6 		
16.9 		497.79 		658.12 		0.78 		
17.0 		510.83 		689.56 		-1.6 		
17.0 		509.45 		688.16 		-1.58 		
17.0 		504.57 		689.52 		-0.82 		
17.0 		504.57 		689.52 		-0.82 		
17.0 		497.79 		658.12 		0.37 		
17.1 		510.84 		688.17 		-1.6 		
17.1 		510.84 		688.17 		-1.6 		
17.1 		510.84 		688.17 		-1.6 		
17.1 		497.79 		658.12 		0.78 		
17.1 		497.78 		658.82 		0.86 		
17.1 		509.45 		688.16 		-1.53 		
17.2 		509.45 		688.16 		-1.53 		
17.2 		509.45 		688.16 		-1.53 		
17.2 		497.79 		658.12 		0.78 		
17.2 		510.84 		688.17 		-1.6 		
17.3 		509.45 		688.16 		-1.58 		
17.3 		509.44 		689.55 		-0.78 		
17.3 		509.44 		689.55 		-0.78 		
17.3 		510.83 		689.56 		-1.6 		
17.3 		509.44 		689.55 		-1.58 		
17.4 		510.84 		688.17 		-1.6 		
17.4 		510.84 		688.17 		-1.6 		
17.4 		510.84 		688.17 		-1.6 		
17.4 		510.84 		688.17 		-1.6 		
17.4 		509.44 		689.55 		-1.58 		
17.5 		509.44 		689.55 		-1.58 		
17.5 		543.42 		705.06 		-1.17 		
17.5 		543.42 		705.06 		-1.17 		
17.5 		510.84 		688.86 		-1.6 		
17.5 		509.45 		688.16 		-1.58 		
17.6 		510.83 		689.56 		-1.55 		
17.6 		510.83 		689.56 		-1.55 		
17.6 		510.84 		688.17 		-1.6 		
17.6 		510.84 		688.17 		-1.6 		
17.6 		510.15 		688.16 		-1.59 		
17.7 		510.86 		685.38 		-1.58 		
17.7 		510.86 		685.38 		-1.58 		
17.7 		510.15 		688.16 		-1.59 		
17.7 		510.84 		688.17 		-1.6 		
17.7 		510.84 		688.17 		-1.6 		
17.8 		510.83 		689.56 		-1.6 		
17.8 		510.83 		689.56 		-1.6 		
17.8 		510.83 		689.56 		-1.6 		
17.8 		510.86 		685.38 		-1.6 		
17.8 		505.96 		689.53 		-0.69 		
17.9 		505.96 		689.53 		-0.69 		
17.9 		497.79 		656.73 		0.36 		
17.9 		509.44 		689.55 		-1.58 		
17.9 		510.84 		688.17 		-1.6 		
17.9 		510.84 		688.17 		-1.6 		
18.0 		510.84 		688.17 		-1.6 		
18.0 		510.83 		689.56 		-0.8 		
18.0 		510.84 		688.17 		-1.6 		
18.0 		497.79 		657.42 		0.17 		
18.0 		497.79 		657.42 		0.17 		
18.1 		509.45 		688.16 		-1.58 		
18.1 		510.84 		688.17 		-1.6 		
18.1 		509.45 		688.16 		-1.58 		
18.1 		509.45 		688.16 		-1.58 		
18.1 		509.45 		688.16 		-1.58 		
18.2 		509.44 		689.55 		-1.58 		
18.2 		509.44 		689.55 		-1.58 		
18.2 		595.26 		647.53 		2.79 		
18.2 		510.84 		688.17 		-1.6 		
18.2 		510.84 		688.17 		-1.6 		
18.3 		509.44 		689.55 		-1.58 		
18.3 		509.44 		689.55 		-1.58 		
18.3 		539.15 		720.35 		-1.03 		
18.3 		510.84 		688.17 		-1.55 		
18.3 		510.84 		688.17 		-1.55 		
18.4 		510.83 		689.56 		-1.6 		
18.4 		508.05 		689.54 		-0.66 		
18.4 		509.45 		688.16 		-1.58 		
18.4 		509.45 		688.16 		-1.58 		
18.4 		510.84 		688.17 		-1.6 		
18.5 		510.83 		689.56 		-0.9 		
18.5 		510.84 		688.17 		-1.6 		
18.5 		509.45 		688.16 		-1.58 		
18.5 		509.45 		688.16 		-1.58 		
18.5 		510.83 		689.56 		-1.6 		
18.6 		510.84 		688.17 		-1.6 		
18.6 		509.44 		689.55 		-1.58 		
18.6 		510.83 		689.56 		-1.6 		
18.6 		510.83 		689.56 		-1.6 		
18.6 		509.44 		689.55 		-1.58 		
18.7 		510.84 		688.17 		-1.6 		
18.7 		510.84 		688.17 		-1.6 		
18.7 		510.84 		688.86 		-1.6 		
18.7 		510.84 		688.86 		-1.6 		
18.7 		509.45 		688.16 		-1.58 		
18.8 		510.84 		688.17 		-1.6 		
18.8 		510.84 		688.17 		-1.6 		
18.8 		510.84 		688.17 		-1.6 		
18.8 		510.83 		689.56 		-1.6 		
18.8 		509.45 		688.16 		-1.58 		
18.9 		510.84 		688.17 		-1.6 		
18.9 		509.45 		688.16 		-1.58 		
18.9 		509.45 		688.16 		-1.58 		
18.9 		499.19 		655.34 		-0.05 		
18.9 		510.84 		688.17 		-1.6 		
19.0 		510.15 		688.16 		-0.77 		
19.0 		510.84 		688.17 		-1.6 		
19.0 		510.84 		688.17 		-1.6 		
19.0 		510.84 		688.17 		-1.55 		
19.0 		510.84 		688.17 		-1.6 		
19.1 		509.45 		688.16 		-1.58 		
19.1 		510.83 		689.56 		-1.6 		
19.1 		510.83 		689.56 		-1.6 		
19.1 		510.84 		688.17 		-1.6 		
19.1 		506.66 		689.53 		-0.79 		
19.2 		510.84 		688.17 		-1.6 		
19.2 		509.45 		688.16 		-1.58 		
19.2 		509.45 		688.16 		-1.58 		
19.2 		509.44 		689.55 		-0.66 		
19.2 		510.87 		683.99 		-1.6 		
19.3 		510.83 		689.56 		-1.6 		
19.3 		510.83 		689.56 		-1.6 		
19.3 		540.54 		718.96 		-1.1 		
19.3 		510.84 		688.17 		-1.6 		
19.3 		509.45 		688.16 		-1.58 		
19.4 		509.44 		689.55 		-1.58 		
19.4 		509.44 		689.55 		-1.58 		
19.4 		510.84 		688.17 		-1.6 		
19.4 		512.25 		685.39 		-1.62 		
19.4 		510.84 		688.17 		-1.6 		
19.5 		510.84 		688.17 		-1.6 		
19.5 		509.45 		688.16 		-1.58 		
19.5 		510.84 		688.17 		-1.6 		
19.5 		510.86 		685.38 		-1.55 		
19.5 		510.84 		688.17 		-1.55 		
19.6 		510.84 		688.17 		-1.55 		
19.6 		510.83 		689.56 		-1.6 		
19.6 		509.44 		689.55 		-1.58 		
19.6 		509.44 		689.55 		-0.78 		
19.6 		510.84 		688.17 		-1.6 		
19.7 		510.84 		688.17 		-1.6 		
19.7 		509.44 		689.55 		-1.53 		
19.7 		497.79 		658.12 		0.13 		
19.7 		510.84 		688.17 		-1.6 		
19.7 		510.84 		688.17 		-1.6 		
19.8 		510.84 		688.17 		-1.6 		
19.8 		510.84 		688.17 		-1.6 		
19.8 		510.84 		688.17 		-1.6 		
19.8 		510.83 		689.56 		-1.6 		
19.8 		510.83 		689.56 		-1.6 		
19.9 		509.45 		688.16 		-1.58 		
19.9 		509.44 		689.55 		-1.58 		
19.9 		510.84 		688.17 		-1.6 		
19.9 		509.45 		688.16 		-1.53 		
19.9 		509.45 		688.16 		-1.53 		
20.0 		509.45 		688.16 		-1.58 		
20.0 		509.45 		688.16 		-1.55 		
20.0 		510.83 		689.56 		-1.6 		
20.0 		510.83 		689.56 		-1.6 		
20.0 		510.83 		689.56 		-1.6 		
20.1 		509.45 		688.16 		-1.58 		
20.1 		510.15 		688.16 		-1.59 		
20.1 		510.83 		689.56 		-0.7 		
20.1 		510.83 		689.56 		-0.7 		
20.1 		510.83 		689.56 		-0.7 		
20.2 		510.83 		689.56 		-0.7 		
20.2 		510.86 		685.38 		-1.6 		
20.2 		539.83 		721.75 		-1.16 		
20.2 		539.83 		721.75 		-1.16 		
20.2 		510.83 		689.56 		-1.6 		
20.3 		510.84 		688.17 		-1.6 		
20.3 		510.83 		689.56 		-1.6 		
20.3 		510.83 		689.56 		-1.6 		
20.3 		510.83 		689.56 		-1.6 		
20.3 		510.83 		689.56 		-1.6 		
20.4 		509.45 		688.16 		-1.58 		
20.4 		497.79 		656.73 		0.73 		
20.4 		497.79 		656.73 		0.73 		
20.4 		510.84 		688.17 		-1.6 		
20.4 		510.84 		688.17 		-1.6 		
20.5 		510.84 		688.17 		-1.6 		
20.5 		510.84 		688.17 		-1.6 		
20.5 		510.84 		688.17 		-1.6 		
20.5 		510.83 		689.56 		-1.6 		
20.5 		510.84 		688.17 		-1.6 		
20.6 		510.84 		688.17 		-1.6 		
20.6 		510.83 		689.56 		-1.6 		
20.6 		510.83 		689.56 		-1.6 		
20.6 		497.79 		656.73 		0.38 		
20.6 		542.71 		706.45 		-1.12 		
20.7 		509.45 		688.16 		-1.58 		
20.7 		509.45 		688.16 		-1.58 		
20.7 		509.44 		689.55 		-1.58 		
20.7 		497.79 		658.12 		0.41 		
20.7 		509.45 		688.16 		-1.58 		
20.8 		509.45 		688.16 		-1.53 		
20.8 		509.45 		688.16 		-1.53 		
20.8 		595.43 		618.95 		2.58 		
20.8 		509.45 		688.16 		-1.58 		
20.8 		509.45 		688.16 		-1.58 		
20.9 		509.45 		688.16 		-1.58 		
20.9 		509.44 		689.55 		-0.75 		
20.9 		510.84 		688.17 		-1.6 		
20.9 		510.84 		688.17 		-1.6 		
20.9 		510.84 		688.17 		-1.6 		
21.0 		510.84 		688.17 		-1.6 		
21.0 		510.84 		688.17 		-1.6 		
21.0 		497.79 		658.12 		0.63 		
21.0 		506.66 		689.53 		-0.78 		
21.0 		509.45 		688.16 		-1.58 		
21.1 		509.45 		688.16 		-1.58 		
21.1 		510.84 		688.17 		-1.6 		
21.1 		505.27 		689.53 		-0.66 		
21.1 		509.45 		688.16 		-1.58 		
21.1 		510.87 		683.99 		-1.6 		
21.2 		510.87 		683.99 		-1.6 		
21.2 		510.84 		688.17 		-1.6 		
21.2 		595.88 		658.68 		2.89 		
21.2 		510.84 		688.17 		-1.6 		
21.2 		509.45 		688.16 		-1.53 		
21.3 		509.45 		688.16 		-1.53 		
21.3 		509.45 		688.16 		-1.58 		
21.3 		512.25 		685.39 		-1.62 		
21.3 		510.84 		688.17 		-1.55 		
21.3 		510.84 		688.17 		-1.55 		
21.4 		510.83 		689.56 		-0.76 		
21.4 		510.15 		688.16 		-1.59 		
21.4 		509.45 		688.16 		-1.58 		
21.4 		497.79 		656.73 		0.36 		
21.4 		497.79 		656.73 		0.36 		
21.5 		497.79 		656.73 		-0.09 		
21.5 		510.15 		688.16 		-1.59 		
21.5 		507.36 		689.54 		-0.74 		
21.5 		507.36 		689.54 		-0.74 		
21.5 		509.45 		688.16 		-1.58 		
21.6 		509.45 		688.16 		-1.58 		
21.6 		510.83 		689.56 		-1.6 		
21.6 		510.86 		685.38 		-1.6 		
21.6 		510.86 		685.38 		-1.6 		
21.6 		510.84 		688.17 		-1.6 		
21.7 		510.86 		685.38 		-1.6 		
21.7 		497.79 		656.73 		0.7 		
21.7 		497.79 		658.12 		0.45 		
21.7 		497.79 		658.12 		0.45 		
21.7 		510.83 		689.56 		-1.6 		
21.8 		510.83 		689.56 		-1.6 		
21.8 		510.83 		689.56 		-1.6 		
21.8 		497.79 		656.73 		0.35 		
21.8 		497.79 		656.73 		-0.17 		
21.8 		499.19 		655.34 		0.42 		
21.9 		510.84 		688.17 		-1.6 		
21.9 		497.79 		658.12 		0.33 		
21.9 		497.79 		658.12 		0.33 		
21.9 		497.79 		658.12 		0.33 		
21.9 		497.79 		658.12 		0.33 		
22.0 		507.36 		689.54 		-0.78 		
22.0 		510.15 		688.16 		-1.59 		
22.0 		510.15 		688.16 		-1.59 		
22.0 		510.84 		688.17 		-1.6 		
22.0 		510.84 		688.17 		-1.55 		
22.1 		510.15 		688.16 		-1.59 		
22.1 		512.24 		686.78 		-1.62 		
22.1 		512.24 		686.78 		-1.62 		
22.1 		509.45 		688.16 		-1.53 		
22.1 		509.45 		688.16 		-1.58 		
22.2 		501.79 		689.51 		-0.86 		
22.2 		501.79 		689.51 		-0.86 		
22.2 		501.79 		689.51 		-0.86 		
22.2 		501.79 		689.51 		-0.86 		
22.2 		510.83 		689.56 		-1.6 		
22.3 		510.84 		688.17 		-1.6 		
22.3 		510.84 		688.17 		-1.6 		
22.3 		509.45 		688.16 		-1.58 		
22.3 		497.79 		658.12 		0.24 		
22.3 		509.44 		689.55 		-1.53 		
22.4 		510.83 		689.56 		-0.78 		
22.4 		510.83 		689.56 		-0.78 		
22.4 		510.84 		688.17 		-1.6 		
22.4 		510.84 		688.17 		-1.55 		
22.4 		497.79 		658.12 		-0.2 		
22.5 		497.79 		658.12 		-0.2 		
22.5 		512.25 		685.39 		-1.62 		
22.5 		509.44 		689.55 		-1.58 		
22.5 		510.84 		688.17 		-1.6 		
22.5 		510.84 		688.17 		-1.6 		
22.6 		510.84 		688.17 		-1.6 		
22.6 		510.84 		688.17 		-1.55 		
22.6 		509.44 		689.55 		-0.87 		
22.6 		510.85 		686.77 		-1.6 		
22.6 		507.36 		689.54 		-0.71 		
22.7 		507.36 		689.54 		-0.71 		
22.7 		510.15 		688.16 		-1.59 		
22.7 		510.83 		689.56 		-1.6 		
22.7 		510.83 		689.56 		-1.6 		
22.7 		510.83 		689.56 		-1.6 		
22.8 		509.45 		688.16 		-1.58 		
22.8 		509.45 		688.16 		-1.58 		
22.8 		510.84 		688.17 		-1.55 		
22.8 		510.84 		688.17 		-1.6 		
22.8 		510.84 		688.17 		-1.6 		
22.9 		510.84 		688.17 		-0.86 		
22.9 		510.83 		689.56 		-0.89 		
22.9 		509.45 		688.16 		-1.58 		
22.9 		509.45 		688.16 		-1.58 		
22.9 		509.45 		688.16 		-1.58 		
23.0 		510.84 		688.17 		-1.6 		
23.0 		510.84 		688.17 		-0.85 		
23.0 		510.84 		688.17 		-0.88 		
23.0 		510.86 		685.38 		-1.6 		
23.0 		510.86 		685.38 		-1.6 		
23.1 		496.42 		652.54 		0.68 		
23.1 		505.31 		682.56 		-0.79 		
23.1 		588.39 		632.85 		2.72 		
23.1 		588.39 		632.85 		2.72 		
23.1 		495.07 		645.56 		0.28 		
23.2 		495.08 		642.77 		0.7 		
23.2 		493.7 		639.97 		0.58 		
23.2 		492.32 		638.57 		0.22 		
23.2 		492.32 		638.57 		0.22 		
23.2 		509.6 		661.68 		-1.78 		
23.3 		490.99 		625.31 		0.67 		
23.3 		506.82 		660.27 		-1.8 		
23.3 		584.3 		615.37 		2.85 		
23.3 		584.3 		615.37 		2.85 		
23.3 		540.24 		653.49 		-1.37 		
23.4 		502.71 		648.4 		-1.9 		
23.4 		502.04 		643.51 		-1.95 		
23.4 		502.04 		643.51 		-1.95 		
23.4 		497.88 		639.31 		-1.95 		
23.4 		497.2 		637.21 		-2.0 		
23.5 		470.85 		611.23 		-0.81 		
23.5 		491.67 		629.5 		-2.03 		
23.5 		491.67 		629.5 		-2.03 		
23.5 		490.3 		624.62 		-2.09 		
23.5 		488.23 		619.72 		-2.12 		
23.6 		461.15 		598.61 		-0.81 		
23.6 		484.77 		614.82 		-2.2 		
23.6 		484.77 		614.82 		-2.2 		
23.6 		484.77 		614.82 		-2.2 		
23.7 		477.84 		609.19 		-2.21 		
23.7 		478.56 		604.31 		-2.28 		
23.7 		474.38 		602.89 		-2.28 		
23.7 		474.38 		602.89 		-2.28 		
23.7 		470.91 		600.77 		-2.3 		
23.8 		471.63 		594.5 		-2.37 		
23.8 		466.07 		591.67 		-2.37 		
23.8 		466.07 		591.67 		-2.37 		
23.8 		464.68 		590.26 		-2.4 		
23.8 		460.52 		586.05 		-2.44 		
23.9 		459.14 		583.25 		-2.48 		
23.9 		454.27 		581.12 		-2.49 		
23.9 		454.27 		581.12 		-2.49 		
23.9 		453.58 		578.32 		-2.55 		
23.9 		449.41 		576.2 		-2.55 		
24.0 		446.63 		573.39 		-2.59 		
24.0 		443.85 		571.97 		-2.63 		
24.0 		443.85 		571.97 		-2.63 		
24.0 		437.58 		569.84 		-2.63 		
24.0 		434.8 		567.03 		-2.7 		
24.1 		429.92 		564.9 		-2.73 		
24.1 		429.92 		564.9 		-2.73 		
24.1 		426.43 		565.57 		-2.74 		
24.1 		426.43 		565.57 		-2.74 		
24.1 		426.43 		565.57 		-2.74 		
24.2 		426.43 		565.57 		-2.74 		
24.2 		407.61 		559.16 		-2.81 		
24.2 		373.46 		538.65 		0.95 		
24.2 		405.53 		556.35 		-2.93 		
24.2 		397.15 		556.29 		-2.92 		
24.3 		391.57 		556.25 		-2.91 		
24.3 		391.57 		556.25 		-2.91 		
24.3 		385.99 		554.82 		-3.0 		
24.3 		385.99 		553.42 		-3.07 		
24.3 		383.19 		554.1 		-3.07 		
24.4 		379.0 		554.77 		-3.1 		
24.4 		379.0 		554.77 		-3.1 		
24.4 		372.02 		553.32 		3.11 		
24.4 		369.23 		553.3 		3.11 		
24.4 		362.24 		554.65 		3.07 		
24.5 		362.24 		554.65 		3.07 		
24.5 		358.04 		556.02 		3.06 		
24.5 		355.24 		556.0 		3.02 		
24.5 		348.25 		557.35 		2.99 		
24.5 		307.06 		521.35 		0.8 		
24.6 		307.06 		521.35 		0.8 		
24.6 		316.02 		576.7 		-0.88 		
24.6 		316.02 		576.7 		-0.88 		
24.6 		316.02 		576.7 		-0.88 		
24.6 		330.06 		562.81 		2.84 		
24.7 		327.25 		565.59 		2.81 		
24.7 		288.76 		567.41 		1.42 		
24.7 		316.05 		569.7 		2.73 		
24.7 		313.24 		572.48 		2.73 		
24.7 		313.24 		572.48 		2.73 		
24.8 		307.64 		575.24 		2.74 		
24.8 		271.92 		581.27 		1.24 		
24.8 		271.92 		581.27 		1.24 		
24.8 		263.5 		589.6 		1.21 		
24.8 		263.5 		589.6 		1.21 		
24.9 		290.81 		586.3 		2.54 		
24.9 		290.81 		586.3 		2.54 		
24.9 		290.81 		586.3 		2.54 		
24.9 		250.85 		604.88 		1.15 		
24.9 		250.85 		604.88 		1.15 		
25.0 		276.78 		598.78 		2.41 		
25.0 		243.81 		614.61 		0.49 		
25.0 		268.35 		607.1 		2.34 		
25.0 		268.35 		607.1 		2.34 		
25.0 		268.35 		607.1 		2.34 		
25.1 		268.35 		607.1 		2.34 		
25.1 		232.55 		634.09 		0.57 		
25.1 		231.13 		638.27 		0.91 		
25.1 		231.13 		638.27 		0.91 		
25.1 		254.29 		626.56 		2.24 		
25.2 		252.87 		630.74 		2.13 		
25.2 		225.48 		652.2 		1.02 		
25.2 		225.48 		652.2 		1.02 		
25.2 		225.48 		652.2 		1.02 		
25.2 		225.48 		652.2 		1.02 		
25.3 		225.48 		652.2 		1.02 		
25.3 		225.48 		652.2 		1.02 		
25.3 		225.48 		652.2 		1.02 		
25.3 		225.48 		652.2 		1.02 		
25.3 		225.48 		652.2 		1.02 		
25.4 		225.48 		652.2 		1.02 		
25.4 		225.48 		652.2 		1.02 		
25.4 		225.48 		652.2 		1.02 		
25.4 		220.38 		705.91 		-0.64 		
25.4 		220.35 		712.88 		-0.8 		
25.5 		221.74 		715.68 		-0.72 		
25.5 		221.74 		715.68 		-0.72 		
25.5 		221.74 		715.68 		-0.72 		
25.5 		221.69 		727.54 		-1.0 		
25.5 		263.63 		731.96 		-1.12 		
25.6 		228.1 		703.87 		1.44 		
25.6 		228.09 		708.06 		1.39 		
25.6 		228.09 		708.06 		1.39 		
25.6 		232.28 		710.88 		1.46 		
25.6 		232.27 		712.27 		1.42 		
25.7 		225.25 		715.02 		0.65 		
25.7 		228.59 		749.2 		-0.76 		
25.7 		228.59 		749.2 		-0.76 		
25.7 		228.04 		719.22 		1.32 		
25.7 		228.04 		719.22 		1.32 		
25.8 		228.04 		719.22 		1.32 		
25.8 		232.22 		724.13 		1.33 		
25.8 		232.22 		724.13 		1.33 		
25.8 		230.83 		722.02 		1.32 		
25.8 		230.83 		722.02 		1.32 		
25.9 		230.83 		722.02 		1.32 		
25.9 		233.63 		722.04 		1.37 		
25.9 		233.63 		722.04 		1.37 		
25.9 		235.03 		722.05 		1.39 		
25.9 		232.22 		723.43 		1.34 		
26.0 		232.22 		723.43 		1.34 		
26.0 		232.22 		723.43 		1.34 		
26.0 		232.22 		723.43 		0.6 		
26.0 		236.43 		723.46 		1.4 		
26.0 		233.63 		722.04 		1.37 		
26.1 		233.63 		722.04 		1.37 		
26.1 		233.63 		722.04 		1.37 		
26.1 		231.35 		757.58 		-0.43 		
26.1 		231.35 		757.58 		-0.43 		
26.1 		231.35 		757.58 		-0.43 		
26.2 		232.22 		723.43 		0.63 		
26.2 		232.22 		723.43 		0.63 		
26.2 		233.63 		722.04 		1.37 		
26.2 		234.33 		722.05 		1.38 		
26.2 		234.33 		722.05 		0.68 		
26.3 		234.33 		722.05 		0.68 		
26.3 		234.32 		723.44 		1.36 		
26.3 		233.62 		724.13 		1.36 		
26.3 		236.43 		722.06 		1.41 		
26.3 		234.32 		723.44 		1.37 		
26.4 		234.32 		723.44 		1.37 		
26.4 		233.62 		723.44 		1.36 		
26.4 		233.62 		723.44 		1.36 		
26.4 		232.22 		723.43 		1.34 		
26.4 		232.06 		756.19 		-0.44 		
26.5 		232.06 		756.19 		-0.44 		
26.5 		233.63 		722.04 		1.37 		
26.5 		232.23 		722.03 		1.34 		
26.5 		235.72 		723.45 		1.39 		
26.5 		233.63 		722.04 		1.37 		
26.6 		233.63 		722.04 		1.37 		
26.6 		233.62 		724.13 		1.36 		
26.6 		233.62 		724.13 		1.36 		
26.6 		233.62 		724.13 		1.36 		
26.6 		233.62 		723.44 		1.36 		
26.7 		232.92 		723.43 		1.35 		
26.7 		233.63 		722.04 		1.37 		
26.7 		231.35 		757.58 		-0.48 		
26.7 		231.36 		756.18 		-0.61 		
26.7 		231.36 		756.18 		-0.61 		
26.8 		233.62 		723.44 		1.36 		
26.8 		232.22 		723.43 		1.34 		
26.8 		233.63 		722.04 		1.37 		
26.8 		232.23 		722.03 		1.34 		
26.8 		232.23 		722.03 		1.34 		
26.9 		236.43 		723.46 		0.64 		
26.9 		233.62 		723.44 		0.67 		
26.9 		233.62 		723.44 		0.67 		
26.9 		233.62 		723.44 		0.67 		
26.9 		233.63 		722.04 		1.37 		
27.0 		233.62 		723.44 		0.61 		
27.0 		233.62 		723.44 		0.69 		
27.0 		233.63 		722.04 		1.37 		
27.0 		233.63 		722.04 		1.37 		
27.0 		233.62 		723.44 		1.36 		
27.1 		232.22 		723.43 		0.63 		
27.1 		233.63 		722.04 		1.37 		
27.1 		233.63 		722.04 		1.37 		
27.1 		233.63 		722.04 		1.37 		
27.1 		235.03 		722.05 		0.65 		
27.2 		235.03 		722.05 		0.65 		
27.2 		232.93 		722.04 		1.35 		
27.2 		232.93 		722.04 		1.35 		
27.2 		232.93 		722.04 		1.35 		
27.2 		233.63 		722.04 		1.37 		
27.3 		231.35 		757.58 		-0.42 		
27.3 		231.35 		757.58 		-0.42 		
27.3 		231.35 		757.58 		-0.42 		
27.3 		231.35 		757.58 		-0.42 		
27.3 		233.63 		722.04 		1.37 		
27.4 		236.43 		722.06 		1.4 		
27.4 		232.23 		722.03 		1.34 		
27.4 		232.23 		722.03 		1.34 		
27.4 		233.62 		723.44 		1.36 		
27.4 		233.62 		723.44 		1.36 		
27.5 		233.62 		723.44 		1.36 		
27.5 		233.62 		723.44 		1.36 		
27.5 		233.62 		723.44 		1.36 		
27.5 		323.67 		756.72 		-2.85 		
27.5 		323.67 		756.72 		-2.85 		
27.6 		323.67 		756.72 		-2.85 		
27.6 		233.63 		722.04 		0.72 		
27.6 		233.63 		722.04 		0.72 		
27.6 		233.63 		722.04 		0.72 		
27.6 		233.63 		722.04 		0.72 		
27.7 		233.62 		723.44 		1.36 		
27.7 		233.62 		723.44 		1.36 		
27.7 		233.62 		723.44 		1.36 		
27.7 		231.35 		757.58 		-0.92 		
27.7 		234.32 		723.44 		1.37 		
27.8 		231.36 		756.18 		-0.49 		
27.8 		231.36 		756.18 		-0.49 		
27.8 		231.36 		756.18 		-0.82 		
27.8 		232.76 		756.19 		-0.83 		
27.9 		233.62 		723.44 		1.36 		
27.9 		232.22 		723.43 		1.34 		
27.9 		232.22 		723.43 		1.34 		
27.9 		233.62 		723.44 		1.36 		
27.9 		231.36 		756.18 		-0.82 		
27.9 		232.23 		722.03 		0.61 		
28.0 		232.23 		722.03 		0.61 		
28.0 		232.23 		722.03 		0.69 		
28.0 		232.23 		722.03 		1.34 		
28.0 		232.22 		723.43 		0.69 		
28.0 		235.03 		722.05 		0.7 		
28.1 		235.03 		722.05 		0.7 		
28.1 		232.23 		722.03 		1.33 		
28.1 		232.23 		722.03 		1.34 		
28.1 		232.93 		722.04 		1.35 		
28.2 		233.63 		722.04 		1.36 		
28.2 		233.63 		722.04 		1.36 		
28.2 		231.37 		754.79 		-0.48 		
28.2 		232.23 		722.03 		1.33 		
28.2 		232.23 		722.03 		1.33 		
28.2 		232.23 		722.03 		1.33 		
28.3 		232.23 		722.03 		1.33 		
28.3 		232.22 		723.43 		1.34 		
28.3 		232.23 		722.03 		1.34 		
28.3 		232.23 		722.03 		1.34 		
28.4 		232.23 		722.03 		1.34 		
28.4 		233.63 		722.04 		1.36 		
28.4 		231.35 		757.58 		-0.95 		
28.4 		231.36 		756.18 		-0.86 		
28.4 		231.36 		756.18 		-0.86 		
28.4 		231.36 		756.18 		-0.86 		
28.5 		231.37 		755.49 		-1.21 		
28.5 		231.37 		755.49 		-1.21 		
28.5 		231.37 		755.49 		-1.21 		
28.5 		231.37 		755.49 		-1.21 		
28.6 		250.63 		668.42 		1.0 		
28.6 		250.63 		668.42 		1.0 		
28.6 		250.63 		668.42 		1.0 		
28.6 		231.35 		757.58 		-1.21 		
28.6 		231.37 		754.79 		-1.21 		
28.7 		231.37 		754.79 		-1.21 		
28.7 		231.37 		754.79 		-1.21 		
28.7 		231.35 		757.58 		-0.87 		
28.7 		231.36 		756.18 		-0.93 		
28.7 		231.36 		756.18 		-0.93 		
28.8 		231.36 		756.18 		-0.93 		
28.8 		231.36 		756.18 		-0.93 		
28.8 		231.36 		756.18 		-0.93 		
28.8 		231.36 		756.18 		-0.93 		
28.8 		237.13 		722.06 		1.42 		
28.9 		237.13 		722.06 		1.42 		
28.9 		235.03 		722.05 		1.39 		
28.9 		235.03 		722.05 		1.39 		
28.9 		235.03 		722.05 		1.39 		
28.9 		231.35 		757.58 		-0.82 		
29.0 		233.63 		722.04 		1.37 		
29.0 		232.92 		723.43 		1.35 		
29.0 		231.35 		757.58 		-0.47 		
29.0 		231.35 		757.58 		-0.81 		
29.0 		231.35 		757.58 		-0.81 		
29.1 		235.03 		722.05 		1.39 		
29.1 		232.93 		722.04 		1.35 		
29.1 		232.93 		722.04 		1.35 		
29.1 		232.93 		722.04 		1.35 		
29.1 		235.02 		723.45 		1.38 		
29.2 		232.23 		722.03 		1.34 		
29.2 		233.63 		722.04 		1.37 		
29.2 		231.35 		757.58 		-0.85 		
29.2 		231.35 		757.58 		-0.85 		
29.2 		231.37 		754.79 		-0.9 		
29.3 		231.36 		756.18 		-1.21 		
29.3 		231.36 		756.18 		-1.21 		
29.3 		231.36 		756.18 		-1.21 		
