     time	    pos x	    pos y	    angle	 difftime	 diffposx	 diffposy	 diffangl	 difflong	 relspeed	
     0.00	     0.00	     0.00	     0.00	     0.00	     0.00	     0.00	     0.00	     0.00	     0.00
     0.00	 -1724.08	   536.23	     0.02	     0.00	     0.00	     0.00	     0.00	     0.00	     0.00
     0.02	 -1724.08	   536.23	     0.02	     0.02	     0.00	     0.00	     0.00	    -0.00	    -0.00
     0.04	 -1724.08	   536.23	     0.02	     0.02	     0.00	     0.00	     0.00	    -0.00	    -0.00
     0.06	 -1724.08	   536.23	     0.02	     0.02	     0.00	     0.00	     0.00	    -0.00	    -0.00
     0.08	 -1724.08	   536.23	     0.02	     0.02	     0.00	     0.00	     0.00	    -0.00	    -0.00
     0.10	 -1724.08	   536.23	     0.02	     0.02	     0.00	     0.00	     0.00	    -0.00	    -0.00
     0.12	 -1723.41	   537.63	    -0.45	     0.02	     0.67	     1.40	    -0.47	     1.55	    70.78
     0.14	 -1724.08	   536.23	     0.02	     0.02	    -0.67	    -1.40	     0.47	    -1.55	   -76.87
     0.16	 -1724.08	   536.23	     0.02	     0.02	     0.00	     0.00	     0.00	    -0.00	    -0.00
     0.18	 -1724.10	   537.62	    -0.00	     0.02	    -0.02	     1.39	    -0.02	    -1.39	   -63.32
     0.20	 -1724.08	   536.23	     0.02	     0.02	     0.02	    -1.39	     0.02	     1.39	    68.48
     0.23	 -1724.08	   536.23	     0.02	     0.02	     0.00	     0.00	     0.00	    -0.00	    -0.00
     0.24	 -1724.08	   536.23	     0.02	     0.02	     0.00	     0.00	     0.00	    -0.00	    -0.00
     0.26	 -1724.08	   536.23	     0.02	     0.02	     0.00	     0.00	     0.00	    -0.00	    -0.00
     0.28	 -1724.08	   536.23	     0.02	     0.02	     0.00	     0.00	     0.00	    -0.00	    -0.00
     0.30	 -1724.10	   537.62	    -0.00	     0.02	    -0.02	     1.39	    -0.02	    -1.39	   -60.69
     0.32	 -1724.08	   536.23	     0.02	     0.02	     0.02	    -1.39	     0.02	     1.39	    68.01
     0.34	 -1724.08	   536.23	     0.02	     0.02	     0.00	     0.00	     0.00	    -0.00	    -0.00
     0.36	 -1724.08	   536.23	     0.02	     0.02	     0.00	     0.00	     0.00	    -0.00	    -0.00
     0.38	 -1724.08	   536.23	     0.02	     0.02	     0.00	     0.00	     0.00	    -0.00	    -0.00
     0.40	 -1724.10	   537.62	    -0.00	     0.02	    -0.02	     1.39	    -0.02	    -1.39	   -68.24
     0.43	 -1724.08	   536.23	     0.02	     0.02	     0.02	    -1.39	     0.02	     1.39	    64.86
     0.44	 -1724.08	   536.23	     0.02	     0.02	     0.00	     0.00	     0.00	    -0.00	    -0.00
     0.46	 -1724.10	   537.62	    -0.00	     0.02	    -0.02	     1.39	    -0.02	    -1.39	   -69.67
     0.48	 -1724.10	   537.62	    -0.00	     0.02	     0.00	     0.00	    -0.00	     0.00	     0.07
     0.50	 -1724.10	   537.62	    -0.00	     0.02	    -0.00	    -0.00	     0.00	    -0.00	    -0.06
     0.53	 -1722.69	   536.25	     0.02	     0.02	     1.41	    -1.37	     0.02	     1.97	    91.50
     0.54	 -1722.69	   536.25	     0.02	     0.02	     0.00	     0.00	     0.00	    -0.00	    -0.00
     0.57	 -1724.08	   536.23	     0.02	     0.02	    -1.39	    -0.02	    -0.00	    -1.39	   -60.47
     0.59	 -1724.08	   536.23	    -0.02	     0.02	     0.00	     0.00	    -0.05	    -0.00	    -0.00
     0.61	 -1724.08	   536.23	     0.02	     0.02	     0.00	     0.00	     0.05	    -0.00	    -0.00
     0.62	 -1724.08	   536.23	     0.02	     0.02	     0.00	     0.00	     0.00	    -0.00	    -0.00
     0.64	 -1724.08	   536.23	     0.02	     0.02	     0.00	     0.00	     0.00	    -0.00	    -0.00
     0.66	 -1724.08	   536.23	     0.02	     0.02	     0.00	     0.00	     0.00	    -0.00	    -0.00
     0.69	 -1724.08	   536.23	     0.02	     0.02	     0.00	     0.00	     0.00	    -0.00	    -0.00
     0.71	 -1724.08	   536.23	     0.02	     0.02	     0.00	     0.00	     0.00	    -0.00	    -0.00
     0.72	 -1724.08	   536.23	     0.02	     0.02	     0.00	     0.00	     0.00	    -0.00	    -0.00
     0.74	 -1724.08	   536.23	     0.02	     0.02	     0.00	     0.00	     0.00	    -0.00	    -0.00
     0.77	 -1724.08	   536.23	     0.02	     0.02	     0.00	     0.00	     0.00	    -0.00	    -0.00
     0.78	 -1724.08	   536.23	     0.02	     0.02	     0.00	     0.00	     0.00	    -0.00	    -0.00
     0.80	 -1724.08	   536.23	     0.02	     0.02	     0.00	     0.00	     0.00	    -0.00	    -0.00
     0.82	 -1724.08	   536.23	     0.02	     0.02	     0.00	     0.00	     0.00	    -0.00	    -0.00
     0.85	 -1724.08	   536.23	     0.02	     0.02	     0.00	     0.00	     0.00	    -0.00	    -0.00
     0.87	 -1724.10	   537.62	    -0.00	     0.02	    -0.02	     1.39	    -0.02	    -1.39	   -68.84
     0.89	 -1724.08	   536.23	     0.02	     0.02	     0.02	    -1.39	     0.02	     1.39	    66.95
     0.91	 -1724.08	   536.23	     0.02	     0.02	     0.00	     0.00	     0.00	    -0.00	    -0.00
     0.93	 -1724.10	   537.62	    -0.00	     0.02	    -0.02	     1.39	    -0.02	    -1.39	   -69.08
     0.95	 -1724.10	   537.62	    -0.00	     0.02	     0.00	     0.00	     0.00	    -0.00	    -0.00
     0.97	 -1724.08	   536.23	     0.02	     0.02	     0.02	    -1.39	     0.02	     1.39	    68.81
     0.99	 -1724.08	   536.23	     0.02	     0.02	     0.00	     0.00	     0.00	    -0.00	    -0.00
     1.01	 -1724.08	   536.23	     0.02	     0.02	     0.00	     0.00	     0.00	    -0.00	    -0.00
     1.03	 -1724.08	   536.23	     0.02	     0.02	     0.00	     0.00	     0.00	    -0.00	    -0.00
     1.04	 -1724.08	   536.23	     0.02	     0.02	     0.00	     0.00	     0.00	    -0.00	    -0.00
     1.07	 -1724.08	   536.23	     0.02	     0.03	     0.00	     0.00	     0.00	    -0.00	    -0.00
     1.08	 -1724.08	   536.23	     0.02	     0.01	     0.00	     0.00	     0.00	    -0.00	    -0.00
     1.10	 -1724.08	   536.23	     0.02	     0.02	     0.00	     0.00	     0.00	    -0.00	    -0.00
     1.13	 -1724.10	   537.62	    -0.00	     0.02	    -0.02	     1.39	    -0.02	    -1.39	   -65.10
     1.15	 -1724.08	   536.23	     0.02	     0.02	     0.02	    -1.39	     0.02	     1.39	    67.23
     1.17	 -1724.08	   536.23	    -0.02	     0.02	     0.00	     0.00	    -0.05	    -0.00	    -0.00
     1.19	 -1724.08	   536.23	    -0.02	     0.02	     0.00	     0.00	     0.00	    -0.00	    -0.00
     1.21	 -1724.08	   536.23	     0.02	     0.02	     0.00	     0.00	     0.05	    -0.00	    -0.00
     1.22	 -1724.08	   536.23	     0.02	     0.02	     0.00	     0.00	     0.00	    -0.00	    -0.00
     1.25	 -1724.08	   536.23	     0.02	     0.02	     0.00	     0.00	     0.00	    -0.00	    -0.00
     1.27	 -1724.08	   536.23	     0.02	     0.02	     0.00	     0.00	     0.00	    -0.00	    -0.00
     1.28	 -1724.08	   536.23	     0.02	     0.02	     0.00	     0.00	     0.00	    -0.00	    -0.00
     1.31	 -1724.10	   537.62	    -0.00	     0.02	    -0.02	     1.39	    -0.02	    -1.39	   -65.27
     1.33	 -1724.10	   537.62	    -0.05	     0.02	    -0.00	    -0.00	    -0.05	    -0.00	    -0.06
     1.35	 -1723.42	   538.32	    -0.01	     0.02	     0.68	     0.70	     0.04	     0.98	    48.53
     1.37	 -1724.08	   536.23	     0.02	     0.02	    -0.66	    -2.09	     0.04	    -2.19	  -107.43
     1.39	 -1724.08	   536.23	     0.02	     0.02	     0.00	     0.00	     0.00	    -0.00	    -0.00
     1.41	 -1724.10	   537.62	    -0.00	     0.02	    -0.02	     1.39	    -0.02	    -1.39	   -66.07
     1.43	 -1724.08	   536.23	     0.02	     0.02	     0.02	    -1.39	     0.02	     1.39	    66.40
     1.45	 -1724.08	   536.23	     0.02	     0.02	     0.00	     0.00	     0.00	    -0.00	    -0.00
     1.47	 -1724.08	   536.23	     0.02	     0.02	     0.00	     0.00	     0.00	    -0.00	    -0.00
     1.49	 -1724.08	   536.23	     0.02	     0.02	     0.00	     0.00	     0.00	    -0.00	    -0.00
     1.51	 -1724.08	   536.23	    -0.02	     0.02	     0.00	     0.00	    -0.05	    -0.00	    -0.00
     1.53	 -1724.08	   536.23	     0.02	     0.02	     0.00	     0.00	     0.05	    -0.00	    -0.00
     1.55	 -1724.08	   536.23	     0.02	     0.02	     0.00	     0.00	     0.00	    -0.00	    -0.00
     1.57	 -1724.08	   536.23	     0.02	     0.02	     0.00	     0.00	     0.00	    -0.00	    -0.00
     1.59	 -1724.08	   536.23	     0.02	     0.02	     0.00	     0.00	     0.00	    -0.00	    -0.00
     1.61	 -1724.08	   536.23	     0.02	     0.02	     0.00	     0.00	     0.00	    -0.00	    -0.00
     1.63	 -1724.08	   536.23	     0.02	     0.02	     0.00	     0.00	     0.00	    -0.00	    -0.00
     1.64	 -1724.08	   536.23	     0.02	     0.02	     0.00	     0.00	     0.00	    -0.00	    -0.00
     1.67	 -1724.12	   539.01	    -0.02	     0.02	    -0.04	     2.78	    -0.05	    -2.78	  -130.43
     1.69	 -1724.12	   539.01	    -0.02	     0.02	     0.00	     0.00	     0.00	    -0.00	    -0.00
     1.71	 -1724.08	   536.23	     0.02	     0.02	     0.04	    -2.78	     0.05	     2.78	   130.91
     1.73	 -1724.08	   536.23	    -0.02	     0.02	     0.00	     0.00	    -0.05	    -0.00	    -0.00
     1.75	 -1724.08	   536.23	    -0.02	     0.02	     0.00	     0.00	     0.00	    -0.00	    -0.00
     1.77	 -1724.10	   537.62	    -0.05	     0.02	    -0.02	     1.39	    -0.02	    -1.39	   -69.73
     1.79	 -1724.10	   537.62	    -0.00	     0.02	     0.00	     0.00	     0.05	    -0.00	    -0.00
     1.81	 -1724.08	   536.23	     0.02	     0.02	     0.02	    -1.39	     0.02	     1.39	    69.75
     1.83	 -1724.08	   536.23	     0.02	     0.02	     0.00	     0.00	     0.00	    -0.00	    -0.00
     1.85	 -1724.08	   536.23	     0.02	     0.02	     0.00	     0.00	     0.00	    -0.00	    -0.00
     1.87	 -1724.10	   537.62	    -0.00	     0.02	    -0.02	     1.39	    -0.02	    -1.39	   -68.33
     1.89	 -1724.10	   537.62	    -0.00	     0.02	     0.00	     0.00	     0.00	    -0.00	    -0.00
     1.91	 -1724.08	   536.23	     0.02	     0.02	     0.02	    -1.39	     0.02	     1.39	    69.34
     1.93	 -1724.08	   536.23	     0.02	     0.02	     0.00	     0.00	     0.00	    -0.00	    -0.00
     1.95	 -1724.08	   536.23	     0.02	     0.02	     0.00	     0.00	     0.00	    -0.00	    -0.00
     1.97	 -1724.08	   536.23	     0.02	     0.02	     0.00	     0.00	     0.00	    -0.00	    -0.00
     1.99	 -1724.10	   537.62	    -0.00	     0.02	    -0.02	     1.39	    -0.02	    -1.39	   -75.32
     2.01	 -1724.08	   536.23	    -0.02	     0.02	     0.02	    -1.39	    -0.02	     1.39	    65.79
     2.03	 -1724.08	   536.23	     0.02	     0.02	     0.00	     0.00	     0.05	    -0.00	    -0.00
     2.05	 -1724.08	   536.23	     0.02	     0.02	     0.00	     0.00	     0.00	    -0.00	    -0.00
     2.07	 -1724.08	   536.23	     0.02	     0.02	     0.00	     0.00	     0.00	    -0.00	    -0.00
     2.09	 -1724.08	   536.23	     0.02	     0.02	     0.00	     0.00	     0.00	    -0.00	    -0.00
     2.11	 -1724.08	   536.23	     0.02	     0.02	     0.00	     0.00	     0.00	    -0.00	    -0.00
     2.13	 -1724.08	   536.23	     0.02	     0.02	     0.00	     0.00	     0.00	    -0.00	    -0.00
     2.15	 -1722.71	   537.64	    -0.00	     0.02	     1.37	     1.41	    -0.02	     1.96	    91.58
     2.17	 -1722.71	   537.64	    -0.00	     0.02	     0.00	     0.00	     0.00	    -0.00	    -0.00
     2.19	 -1722.71	   537.64	    -0.00	     0.02	     0.00	     0.00	     0.00	    -0.00	    -0.00
     2.21	 -1722.71	   537.64	    -0.00	     0.02	     0.00	     0.00	     0.00	    -0.00	    -0.00
     2.23	 -1722.71	   537.64	    -0.00	     0.02	     0.00	     0.00	     0.00	    -0.00	    -0.00
     2.25	 -1722.69	   536.25	     0.02	     0.02	     0.02	    -1.39	     0.02	     1.39	    69.53
     2.27	 -1722.71	   537.64	    -0.00	     0.02	    -0.02	     1.39	    -0.02	    -1.39	   -63.04
     2.29	 -1721.32	   537.65	    -0.00	     0.02	     1.39	     0.02	    -0.00	     1.39	    75.58
     2.31	 -1722.71	   537.64	    -0.00	     0.02	    -1.39	    -0.02	     0.00	    -1.39	   -65.21
     2.33	 -1722.71	   537.64	    -0.00	     0.02	     0.00	     0.00	     0.00	    -0.00	    -0.00
     2.35	 -1722.71	   537.64	    -0.05	     0.02	     0.00	     0.00	    -0.05	    -0.00	    -0.00
     2.37	 -1722.71	   537.64	    -0.05	     0.02	     0.00	     0.00	    -0.00	     0.00	     0.06
     2.39	 -1722.69	   536.25	     0.02	     0.02	     0.02	    -1.39	     0.07	     1.39	    65.26
     2.41	 -1722.69	   536.25	     0.02	     0.02	     0.00	     0.00	     0.00	    -0.00	    -0.00
     2.43	 -1722.71	   537.64	    -0.00	     0.02	    -0.02	     1.39	    -0.02	    -1.39	   -68.96
     2.45	 -1722.71	   537.64	    -0.05	     0.02	    -0.00	    -0.00	    -0.05	    -0.00	    -0.06
     2.47	 -1722.71	   537.64	    -0.00	     0.02	     0.00	     0.00	     0.05	    -0.00	    -0.00
     2.49	 -1722.69	   536.25	     0.02	     0.02	     0.02	    -1.39	     0.02	     1.39	    65.00
     2.51	 -1722.69	   536.25	     0.02	     0.02	     0.00	     0.00	     0.00	    -0.00	    -0.00
     2.53	 -1722.71	   537.64	    -0.00	     0.02	    -0.02	     1.39	    -0.02	    -1.39	   -69.46
     2.55	 -1722.71	   537.64	    -0.00	     0.02	     0.00	     0.00	     0.00	    -0.00	    -0.00
     2.57	 -1721.30	   536.26	     0.02	     0.02	     1.41	    -1.37	     0.02	     1.97	    91.79
     2.59	 -1722.71	   537.64	    -0.05	     0.02	    -1.41	     1.37	    -0.07	    -1.97	   -96.79
     2.61	 -1722.71	   537.64	    -0.05	     0.02	     0.00	     0.00	     0.00	    -0.00	    -0.00
     2.63	 -1721.30	   536.26	     0.02	     0.02	     1.41	    -1.37	     0.07	     1.97	    87.12
     2.65	 -1722.71	   537.64	    -0.00	     0.02	    -1.41	     1.37	    -0.02	    -1.97	  -101.97
     2.67	 -1722.71	   537.64	    -0.05	     0.02	     0.00	     0.00	    -0.05	    -0.00	    -0.00
     2.69	 -1722.71	   537.64	    -0.05	     0.02	     0.00	     0.00	     0.00	    -0.00	    -0.00
     2.71	 -1722.71	   537.64	    -0.05	     0.02	     0.00	     0.00	     0.00	    -0.00	    -0.00
     2.73	 -1722.71	   537.64	    -0.00	     0.02	     0.00	     0.00	     0.05	    -0.00	    -0.00
     2.75	 -1722.71	   537.64	    -0.05	     0.02	     0.00	     0.00	    -0.05	    -0.00	    -0.00
     2.77	 -1722.71	   537.64	    -0.05	     0.02	     0.00	     0.00	     0.00	    -0.00	    -0.00
     2.79	 -1721.32	   537.65	    -0.00	     0.02	     1.39	     0.02	     0.05	     1.39	    65.47
     2.81	 -1721.32	   537.65	    -0.00	     0.02	     0.00	     0.00	     0.00	    -0.00	    -0.00
     2.83	 -1722.71	   537.64	    -0.05	     0.02	    -1.39	    -0.02	    -0.05	    -1.39	   -71.83
     2.85	 -1722.71	   537.64	    -0.00	     0.02	     0.00	     0.00	     0.05	    -0.00	    -0.00
     2.87	 -1722.71	   537.64	    -0.00	     0.02	     0.00	     0.00	     0.00	    -0.00	    -0.00
     2.89	 -1722.71	   537.64	    -0.00	     0.02	     0.00	     0.00	     0.00	    -0.00	    -0.00
     2.91	 -1722.71	   537.64	    -0.00	     0.02	     0.00	     0.00	    -0.00	    -0.00	    -0.00
     2.93	 -1722.71	   537.64	    -0.00	     0.02	     0.00	     0.00	     0.00	    -0.00	    -0.00
     2.95	 -1722.71	   537.64	    -0.00	     0.02	     0.00	     0.00	     0.00	    -0.00	    -0.00
     2.97	 -1722.69	   536.25	     0.02	     0.02	     0.02	    -1.39	     0.02	     1.39	    66.12
     2.99	 -1722.69	   536.25	     0.02	     0.02	     0.00	     0.00	     0.00	    -0.00	    -0.00
     3.01	 -1722.71	   537.64	    -0.00	     0.02	    -0.02	     1.39	    -0.02	    -1.39	   -65.16
     3.03	 -1721.32	   537.65	    -0.00	     0.02	     1.39	     0.02	    -0.00	     1.39	    69.18
     3.05	 -1722.69	   536.25	    -0.02	     0.02	    -1.37	    -1.40	    -0.02	    -1.96	   -97.68
     3.07	 -1722.71	   537.64	    -0.00	     0.02	    -0.02	     1.39	     0.02	    -1.39	   -67.15
     3.09	 -1722.71	   537.64	    -0.00	     0.02	     0.00	     0.00	     0.00	    -0.00	    -0.00
     3.11	 -1722.71	   537.64	    -0.00	     0.02	     0.00	     0.00	     0.00	    -0.00	    -0.00
     3.13	 -1722.69	   536.25	     0.02	     0.02	     0.02	    -1.39	     0.02	     1.39	    69.08
     3.15	 -1721.30	   536.26	     0.02	     0.02	     1.39	     0.02	    -0.00	     1.39	    65.67
     3.17	 -1721.30	   536.26	     0.02	     0.02	     0.00	     0.00	     0.00	    -0.00	    -0.00
     3.19	 -1719.94	   537.67	    -0.00	     0.02	     1.37	     1.41	    -0.02	     1.96	    96.35
     3.21	 -1715.75	   536.33	    -0.02	     0.02	     4.19	    -1.34	    -0.02	     4.40	   218.53
     3.24	 -1712.97	   536.36	    -0.02	     0.02	     2.78	     0.03	    -0.00	     2.78	   131.34
     3.25	 -1707.42	   536.42	    -0.02	     0.02	     5.55	     0.06	    -0.00	     5.55	   282.64
     3.27	 -1707.42	   536.42	    -0.02	     0.02	     0.00	     0.00	     0.00	    -0.00	    -0.00
     3.29	 -1701.87	   536.49	    -0.02	     0.02	     5.55	     0.06	    -0.00	     5.55	   270.76
     3.31	 -1694.96	   537.96	    -0.05	     0.02	     6.91	     1.47	    -0.03	     7.07	   351.13
     3.33	 -1689.39	   536.63	    -0.02	     0.02	     5.57	    -1.33	     0.03	     5.72	   280.66
     3.36	 -1681.05	   535.34	    -0.00	     0.02	     8.34	    -1.29	     0.02	     8.44	   405.81
     3.37	 -1681.05	   535.34	    -0.00	     0.02	     0.00	     0.00	     0.00	    -0.00	    -0.00
     3.39	 -1674.10	   534.03	     0.02	     0.02	     6.95	    -1.31	     0.02	     7.07	   340.08
     3.41	 -1664.43	   535.52	    -0.00	     0.02	     9.67	     1.50	    -0.02	     9.79	   484.34
     3.44	 -1656.12	   535.62	    -0.00	     0.03	     8.31	     0.09	    -0.00	     8.31	   328.65
     3.45	 -1656.12	   535.62	    -0.00	     0.01	     0.00	     0.00	     0.00	    -0.00	    -0.00
     3.47	 -1647.80	   534.32	     0.02	     0.02	     8.32	    -1.29	     0.03	     8.42	   431.20
     3.50	 -1636.73	   534.45	    -0.03	     0.02	    11.07	     0.12	    -0.05	    11.07	   507.18
     3.52	 -1628.44	   534.54	    -0.03	     0.02	     8.29	     0.09	    -0.00	     8.30	   418.22
     3.54	 -1628.44	   534.54	    -0.03	     0.02	     0.00	     0.00	     0.00	    -0.00	    -0.00
     3.55	 -1628.44	   534.54	    -0.03	     0.02	     0.00	     0.00	     0.00	    -0.00	    -0.00
     3.57	 -1628.44	   534.54	    -0.03	     0.02	     0.00	     0.00	     0.00	    -0.00	    -0.00
     3.60	 -1598.02	   533.48	    -0.00	     0.02	    30.41	    -1.05	     0.02	    30.43	  1288.08
     3.62	 -1589.74	   533.57	    -0.00	     0.02	     8.28	     0.09	     0.00	     8.28	   395.70
     3.64	 -1578.70	   533.69	    -0.00	     0.02	    11.04	     0.12	    -0.00	    11.04	   592.03
     3.65	 -1578.70	   533.69	    -0.00	     0.02	     0.00	     0.00	     0.00	    -0.00	    -0.00
     3.67	 -1578.70	   533.69	    -0.00	     0.02	     0.00	     0.00	     0.00	    -0.00	    -0.00
     3.69	 -1578.70	   533.69	    -0.00	     0.02	     0.00	     0.00	     0.00	    -0.00	    -0.00
     3.71	 -1578.70	   533.69	    -0.00	     0.02	     0.00	     0.00	     0.00	    -0.00	    -0.00
     3.73	 -1578.70	   533.69	    -0.00	     0.02	     0.00	     0.00	     0.00	    -0.00	    -0.00
     3.75	 -1578.70	   533.69	    -0.00	     0.02	     0.00	     0.00	     0.00	    -0.00	    -0.00
     3.78	 -1526.32	   532.86	     0.02	     0.02	    52.38	    -0.83	     0.02	    52.39	  2386.24
     3.80	 -1515.33	   534.36	    -0.00	     0.02	    10.99	     1.50	    -0.02	    11.09	   555.16
     3.82	 -1504.30	   533.09	     0.02	     0.02	    11.03	    -1.27	     0.02	    11.10	   556.29
     3.84	 -1504.30	   533.09	     0.02	     0.02	     0.00	     0.00	     0.00	    -0.00	    -0.00
     3.86	 -1493.30	   533.20	     0.02	     0.02	    11.00	     0.11	    -0.00	    11.00	   536.88
     3.88	 -1482.30	   533.31	     0.02	     0.02	    11.00	     0.11	     0.00	    11.00	   535.81
     3.90	 -1474.06	   533.39	     0.02	     0.02	     8.25	     0.08	    -0.00	     8.25	   408.64
     3.92	 -1474.06	   533.39	     0.02	     0.02	     0.00	     0.00	     0.00	    -0.00	    -0.00
     3.93	 -1474.06	   533.39	     0.02	     0.02	     0.00	     0.00	     0.00	    -0.00	    -0.00
     3.95	 -1474.06	   533.39	     0.02	     0.02	     0.00	     0.00	     0.00	    -0.00	    -0.00
     3.97	 -1474.06	   533.39	     0.02	     0.02	     0.00	     0.00	     0.00	    -0.00	    -0.00
     4.00	 -1441.10	   533.72	     0.02	     0.02	    32.96	     0.33	    -0.00	    32.96	  1478.70
     4.02	 -1441.10	   533.72	     0.02	     0.02	     0.00	     0.00	     0.00	    -0.00	    -0.00
     4.03	 -1441.10	   533.72	     0.02	     0.02	     0.00	     0.00	     0.00	    -0.00	    -0.00
     4.05	 -1441.10	   533.72	     0.02	     0.02	     0.00	     0.00	     0.00	    -0.00	    -0.00
     4.08	 -1421.89	   533.91	     0.02	     0.02	    19.21	     0.19	    -0.00	    19.21	   880.36
     4.10	 -1416.40	   533.96	     0.07	     0.02	     5.49	     0.05	     0.05	     5.49	   246.57
     4.12	 -1412.15	   525.01	     0.17	     0.02	     4.25	    -8.95	     0.10	     9.91	   507.38
     4.14	 -1412.15	   525.01	     0.17	     0.02	     0.00	     0.00	     0.00	    -0.00	    -0.00
     4.16	 -1412.15	   525.01	     0.17	     0.02	     0.00	     0.00	     0.00	    -0.00	    -0.00
     4.18	 -1412.15	   525.01	     0.17	     0.02	     0.00	     0.00	     0.00	    -0.00	    -0.00
     4.20	 -1399.95	   534.12	     0.02	     0.02	    12.20	     9.11	    -0.15	    15.23	   696.18
     4.22	 -1399.95	   534.12	     0.02	     0.02	     0.00	     0.00	     0.00	    -0.00	    -0.00
     4.24	 -1399.95	   534.12	     0.02	     0.02	     0.00	     0.00	     0.00	    -0.00	    -0.00
     4.26	 -1399.95	   534.12	     0.02	     0.02	     0.00	     0.00	     0.00	    -0.00	    -0.00
     4.28	 -1394.44	   532.79	     0.04	     0.02	     5.50	    -1.33	     0.02	     5.66	   252.38
     4.30	 -1394.44	   532.79	     0.04	     0.02	     0.00	     0.00	     0.00	    -0.00	    -0.00
     4.32	 -1394.44	   532.79	     0.04	     0.02	     0.00	     0.00	     0.00	    -0.00	    -0.00
     4.34	 -1387.51	   528.01	     0.12	     0.02	     6.93	    -4.78	     0.08	     8.41	   378.17
     4.36	 -1387.51	   528.01	     0.12	     0.02	     0.00	     0.00	     0.00	    -0.00	    -0.00
     4.38	 -1387.51	   528.01	     0.12	     0.02	     0.00	     0.00	     0.00	    -0.00	    -0.00
     4.40	 -1383.50	   534.28	     0.02	     0.02	     4.02	     6.26	    -0.10	     7.44	   364.29
     4.42	 -1383.50	   534.28	     0.02	     0.02	     0.00	     0.00	    -0.00	    -0.00	    -0.00
     4.44	 -1383.50	   534.28	     0.02	     0.02	     0.00	     0.00	     0.00	    -0.00	    -0.00
     4.46	 -1383.50	   534.28	     0.02	     0.02	     0.00	     0.00	     0.00	    -0.00	    -0.00
     4.48	 -1383.50	   534.28	     0.02	     0.02	     0.00	     0.00	     0.00	    -0.00	    -0.00
     4.50	 -1381.97	   523.92	     0.24	     0.02	     1.53	   -10.36	     0.21	    10.47	   485.87
     4.52	 -1382.08	   531.52	     0.06	     0.02	    -0.11	     7.61	    -0.17	    -7.61	  -382.81
     4.54	 -1382.03	   528.06	     0.12	     0.02	     0.05	    -3.46	     0.06	     3.46	   164.37
     4.56	 -1382.05	   529.45	     0.10	     0.02	    -0.02	     1.38	    -0.03	    -1.38	   -68.22
     4.58	 -1382.03	   528.06	     0.17	     0.02	     0.02	    -1.38	     0.07	     1.38	    68.16
     4.60	 -1382.03	   528.06	     0.17	     0.02	     0.00	     0.00	     0.00	    -0.00	    -0.00
     4.62	 -1382.11	   532.91	     0.04	     0.02	    -0.07	     4.84	    -0.13	    -4.84	  -242.41
     4.64	 -1382.05	   529.45	     0.10	     0.02	     0.05	    -3.46	     0.05	     3.46	   174.60
     4.66	 -1382.03	   528.06	     0.12	     0.02	     0.02	    -1.38	     0.03	     1.38	    63.69
     4.68	 -1382.03	   528.06	     0.12	     0.02	     0.00	     0.00	     0.00	    -0.00	    -0.00
     4.70	 -1382.02	   527.37	     0.13	     0.02	     0.01	    -0.69	     0.01	     0.69	    35.02
     4.72	 -1381.99	   525.30	     0.21	     0.02	     0.03	    -2.07	     0.08	     2.08	   101.86
     4.74	 -1382.01	   526.68	     0.14	     0.02	    -0.02	     1.38	    -0.07	    -1.38	   -68.55
     4.76	 -1382.05	   529.45	     0.10	     0.02	    -0.04	     2.77	    -0.04	    -2.77	  -131.67
     4.78	 -1382.05	   529.45	     0.10	     0.02	     0.00	     0.00	     0.00	    -0.00	    -0.00
     4.80	 -1382.07	   530.83	     0.08	     0.02	    -0.02	     1.38	    -0.02	    -1.38	   -68.78
     4.82	 -1381.98	   524.61	     0.17	     0.02	     0.09	    -6.22	     0.10	     6.22	   308.10
     4.84	 -1382.05	   529.45	     0.10	     0.02	    -0.07	     4.84	    -0.07	    -4.84	  -241.93
     4.86	 -1382.05	   529.45	     0.10	     0.02	     0.00	     0.00	     0.00	    -0.00	    -0.00
     4.88	 -1382.05	   529.45	     0.10	     0.02	     0.00	     0.00	     0.00	    -0.00	    -0.00
     4.90	 -1382.07	   530.83	     0.08	     0.02	    -0.02	     1.38	    -0.03	    -1.38	   -59.43
     4.92	 -1382.07	   530.83	     0.08	     0.02	     0.00	     0.00	     0.00	    -0.00	    -0.00
     4.94	 -1382.07	   530.83	     0.08	     0.02	     0.00	     0.00	     0.00	    -0.00	    -0.00
     4.96	 -1382.03	   528.06	     0.12	     0.02	     0.04	    -2.77	     0.04	     2.77	   131.03
     4.98	 -1382.00	   525.99	     0.15	     0.02	     0.03	    -2.07	     0.03	     2.07	   103.87
     5.00	 -1382.05	   529.45	     0.29	     0.02	    -0.05	     3.46	     0.14	    -3.46	  -171.47
     5.02	 -1382.05	   529.45	     0.29	     0.02	     0.00	     0.00	     0.00	    -0.00	    -0.00
     5.04	 -1382.05	   529.45	     0.29	     0.02	     0.00	     0.00	     0.00	    -0.00	    -0.00
     5.06	 -1381.99	   525.30	     0.17	     0.02	     0.06	    -4.15	    -0.13	     4.15	   197.70
     5.08	 -1382.05	   529.45	     0.10	     0.02	    -0.06	     4.15	    -0.07	    -4.15	  -206.58
     5.10	 -1381.99	   525.30	     0.17	     0.02	     0.06	    -4.15	     0.07	     4.15	   201.85
     5.12	 -1382.10	   532.21	     0.06	     0.02	    -0.10	     6.92	    -0.11	    -6.92	  -343.96
     5.14	 -1382.01	   526.68	     0.15	     0.02	     0.08	    -5.53	     0.09	     5.53	   264.71
     5.16	 -1382.01	   526.68	     0.15	     0.02	     0.00	     0.00	     0.00	    -0.00	    -0.00
     5.18	 -1382.12	   533.60	     0.03	     0.02	    -0.10	     6.92	    -0.11	    -6.92	  -343.18
     5.20	 -1382.01	   526.68	     0.14	     0.02	     0.10	    -6.92	     0.11	     6.92	   319.27
     5.22	 -1382.07	   530.83	     0.12	     0.02	    -0.06	     4.15	    -0.02	    -4.15	  -207.97
     5.24	 -1382.07	   530.83	     0.12	     0.02	     0.00	     0.00	     0.00	    -0.00	    -0.00
     5.26	 -1382.03	   528.06	     0.12	     0.02	     0.04	    -2.77	     0.00	     2.77	   137.59
     5.28	 -1382.00	   525.99	     0.15	     0.02	     0.03	    -2.07	     0.03	     2.07	    98.77
     5.30	 -1380.66	   528.08	     0.13	     0.02	     1.34	     2.09	    -0.02	     2.48	   121.13
     5.32	 -1382.01	   526.68	     0.14	     0.02	    -1.35	    -1.40	     0.01	    -1.94	   -94.84
     5.34	 -1382.01	   526.68	     0.14	     0.02	     0.00	     0.00	     0.00	    -0.00	    -0.00
     5.36	 -1382.03	   528.06	     0.12	     0.02	    -0.02	     1.38	    -0.02	    -1.38	   -68.40
     5.38	 -1382.00	   525.99	     0.15	     0.02	     0.03	    -2.07	     0.03	     2.07	    97.56
     5.40	 -1382.05	   529.45	     0.10	     0.02	    -0.05	     3.46	    -0.05	    -3.46	  -172.76
     5.42	 -1382.03	   528.06	     0.12	     0.02	     0.02	    -1.38	     0.02	     1.38	    67.61
     5.44	 -1382.03	   528.06	     0.12	     0.02	     0.00	     0.00	     0.00	    -0.00	    -0.00
     5.46	 -1382.05	   529.45	     0.10	     0.02	    -0.02	     1.38	    -0.02	    -1.38	   -70.37
     5.48	 -1382.04	   528.76	     0.11	     0.02	     0.01	    -0.69	     0.01	     0.69	    34.71
     5.50	 -1382.05	   529.45	     0.15	     0.02	    -0.01	     0.69	     0.04	    -0.69	   -33.86
     5.52	 -1382.01	   526.68	     0.14	     0.02	     0.04	    -2.77	    -0.01	     2.77	   131.67
     5.54	 -1382.01	   526.68	     0.14	     0.02	     0.00	     0.00	     0.00	    -0.00	    -0.00
     5.56	 -1382.01	   526.68	     0.19	     0.02	     0.00	     0.00	     0.05	    -0.00	    -0.00
     5.58	 -1382.06	   530.14	     0.09	     0.02	    -0.05	     3.46	    -0.10	    -3.46	  -162.51
     5.60	 -1381.99	   525.30	     0.17	     0.02	     0.07	    -4.84	     0.08	     4.84	   238.83
     5.62	 -1381.99	   525.30	     0.17	     0.02	     0.00	     0.00	     0.00	    -0.00	    -0.00
     5.64	 -1382.07	   530.83	     0.08	     0.02	    -0.08	     5.53	    -0.09	    -5.53	  -277.83
     5.66	 -1382.01	   526.68	     0.14	     0.02	     0.06	    -4.15	     0.06	     4.15	   204.67
     5.68	 -1382.10	   532.21	     0.06	     0.02	    -0.08	     5.53	    -0.09	    -5.53	  -275.47
     5.70	 -1382.00	   525.99	     0.20	     0.02	     0.09	    -6.22	     0.15	     6.22	   295.43
     5.72	 -1382.00	   525.99	     0.20	     0.02	     0.00	     0.00	     0.00	    -0.00	    -0.00
     5.74	 -1382.05	   529.45	     0.10	     0.02	    -0.05	     3.46	    -0.10	    -3.46	  -169.19
     5.76	 -1382.03	   528.06	     0.12	     0.02	     0.02	    -1.38	     0.02	     1.38	    61.98
     5.78	 -1382.01	   526.68	     0.14	     0.02	     0.02	    -1.38	     0.02	     1.38	    77.61
     5.80	 -1380.70	   530.84	     0.08	     0.02	     1.31	     4.16	    -0.06	     4.36	   206.41
     5.82	 -1380.70	   530.84	     0.08	     0.02	     0.00	     0.00	     0.00	    -0.00	    -0.00
     5.84	 -1382.06	   530.14	     0.09	     0.02	    -1.36	    -0.70	     0.01	    -1.53	   -72.75
     5.86	 -1382.10	   532.21	     0.05	     0.02	    -0.03	     2.07	    -0.03	    -2.07	   -97.64
     5.88	 -1382.00	   525.99	     0.16	     0.02	     0.09	    -6.22	     0.10	     6.22	   328.71
     5.90	 -1382.00	   525.99	     0.16	     0.02	     0.00	     0.00	     0.00	    -0.00	    -0.00
     5.92	 -1382.10	   532.21	     0.06	     0.02	    -0.09	     6.22	    -0.10	    -6.22	  -321.44
     5.94	 -1382.01	   526.68	     0.14	     0.02	     0.08	    -5.53	     0.09	     5.53	   262.25
     5.96	 -1382.06	   530.14	     0.09	     0.02	    -0.05	     3.46	    -0.05	    -3.46	  -172.76
     5.98	 -1382.02	   527.37	     0.13	     0.02	     0.04	    -2.77	     0.04	     2.77	   139.94
     6.00	 -1382.02	   527.37	     0.13	     0.02	     0.00	     0.00	     0.00	    -0.00	    -0.00
     6.02	 -1382.05	   529.45	     0.10	     0.02	    -0.03	     2.07	    -0.03	    -2.07	   -97.44
     6.04	 -1382.03	   528.06	     0.12	     0.02	     0.02	    -1.38	     0.02	     1.38	    66.05
     6.06	 -1382.03	   528.06	     0.12	     0.02	     0.00	     0.00	     0.00	    -0.00	    -0.00
     6.08	 -1382.07	   530.83	     0.08	     0.02	    -0.04	     2.77	    -0.05	    -2.77	  -131.26
     6.10	 -1382.07	   530.83	     0.08	     0.02	     0.00	     0.00	     0.00	    -0.00	    -0.00
     6.12	 -1381.98	   524.61	     0.17	     0.02	     0.09	    -6.22	     0.09	     6.22	   303.57
     6.14	 -1382.05	   529.45	     0.10	     0.02	    -0.07	     4.84	    -0.08	    -4.84	  -238.12
     6.16	 -1382.02	   527.37	     0.13	     0.02	     0.03	    -2.07	     0.03	     2.07	   102.68
     6.18	 -1382.10	   532.21	     0.06	     0.02	    -0.07	     4.84	    -0.07	    -4.84	  -237.63
     6.20	 -1382.10	   532.21	     0.06	     0.02	     0.00	     0.00	     0.00	    -0.00	    -0.00
     6.22	 -1382.07	   530.83	     0.12	     0.02	     0.02	    -1.38	     0.07	     1.38	    68.36
     6.25	 -1382.03	   528.06	     0.12	     0.02	     0.04	    -2.77	     0.00	     2.77	   133.67
     6.26	 -1382.03	   528.06	     0.12	     0.02	     0.00	     0.00	    -0.00	    -0.00	    -0.00
     6.29	 -1382.05	   529.45	     0.10	     0.02	    -0.02	     1.38	    -0.02	    -1.38	   -65.52
     6.30	 -1382.05	   529.45	     0.10	     0.02	     0.00	     0.00	     0.00	    -0.00	    -0.00
     6.32	 -1382.03	   528.06	     0.12	     0.02	     0.02	    -1.38	     0.02	     1.38	    68.11
     6.34	 -1382.03	   528.06	     0.12	     0.02	     0.00	     0.00	    -0.00	    -0.00	    -0.00
     6.37	 -1382.06	   530.14	     0.09	     0.02	    -0.03	     2.07	    -0.03	    -2.08	   -98.94
     6.39	 -1382.06	   530.14	     0.09	     0.02	     0.00	     0.00	     0.00	    -0.00	    -0.00
     6.40	 -1381.99	   525.30	     0.16	     0.02	     0.07	    -4.84	     0.07	     4.84	   258.91
     6.42	 -1382.07	   530.83	     0.08	     0.02	    -0.08	     5.53	    -0.08	    -5.53	  -274.43
     6.45	 -1382.07	   530.83	     0.08	     0.02	     0.00	     0.00	     0.00	    -0.00	    -0.00
     6.46	 -1382.07	   530.83	     0.08	     0.02	     0.00	     0.00	     0.00	    -0.00	    -0.00
     6.48	 -1382.10	   532.21	     0.10	     0.02	    -0.02	     1.38	     0.02	    -1.38	   -67.77
     6.51	 -1382.05	   529.45	     0.10	     0.02	     0.04	    -2.77	    -0.00	     2.77	   132.03
     6.53	 -1382.06	   530.14	     0.09	     0.02	    -0.01	     0.69	    -0.01	    -0.69	   -34.07
     6.55	 -1382.01	   526.68	     0.19	     0.02	     0.05	    -3.46	     0.10	     3.46	   172.87
     6.57	 -1382.03	   528.06	     0.12	     0.02	    -0.02	     1.38	    -0.07	    -1.38	   -67.32
     6.58	 -1382.03	   528.06	     0.12	     0.02	     0.00	     0.00	     0.00	    -0.00	    -0.00
     6.60	 -1382.05	   529.45	     0.10	     0.02	    -0.02	     1.38	    -0.02	    -1.38	   -67.83
     6.62	 -1382.03	   528.06	     0.12	     0.02	     0.02	    -1.38	     0.02	     1.38	    69.73
     6.65	 -1382.10	   532.21	     0.06	     0.02	    -0.06	     4.15	    -0.06	    -4.15	  -190.56
     6.66	 -1382.10	   532.21	     0.06	     0.02	     0.00	     0.00	     0.00	    -0.00	    -0.00
     6.68	 -1382.10	   532.21	     0.06	     0.02	     0.00	     0.00	     0.00	    -0.00	    -0.00
     6.70	 -1382.08	   531.52	     0.06	     0.02	     0.01	    -0.69	     0.01	     0.69	    31.68
     6.73	 -1382.08	   531.52	     0.06	     0.02	     0.00	     0.00	     0.00	    -0.00	    -0.00
     6.74	 -1382.08	   531.52	     0.06	     0.02	     0.00	     0.00	     0.00	    -0.00	    -0.00
     6.76	 -1382.10	   532.21	     0.05	     0.02	    -0.01	     0.69	    -0.01	    -0.69	   -33.23
     6.78	 -1382.03	   528.06	     0.17	     0.02	     0.06	    -4.15	     0.12	     4.15	   204.93
     6.80	 -1382.04	   528.76	     0.11	     0.02	    -0.01	     0.69	    -0.06	    -0.69	   -34.45
     6.83	 -1382.02	   527.37	     0.13	     0.02	     0.02	    -1.38	     0.02	     1.38	    67.82
     6.85	 -1382.03	   528.06	     0.12	     0.02	    -0.01	     0.69	    -0.02	    -0.69	   -32.65
     6.87	 -1382.03	   528.06	     0.12	     0.02	     0.00	     0.00	     0.00	    -0.00	    -0.00
     6.89	 -1382.05	   529.45	     0.10	     0.02	    -0.02	     1.38	    -0.02	    -1.38	   -69.06
     6.91	 -1382.01	   526.68	     0.15	     0.02	     0.04	    -2.77	     0.05	     2.77	   133.54
     6.93	 -1382.03	   528.06	     0.12	     0.02	    -0.02	     1.38	    -0.02	    -1.38	   -69.61
     6.95	 -1382.03	   528.06	     0.12	     0.02	     0.00	     0.00	     0.00	    -0.00	    -0.00
     6.97	 -1381.98	   524.61	     0.18	     0.02	     0.05	    -3.46	     0.06	     3.46	   182.66
     6.99	 -1379.96	   526.70	     0.15	     0.02	     2.02	     2.09	    -0.03	     2.91	   143.84
     7.01	 -1379.96	   526.70	     0.15	     0.02	     0.00	     0.00	     0.00	    -0.00	    -0.00
     7.02	 -1379.96	   526.70	     0.15	     0.02	     0.00	     0.00	     0.00	    -0.00	    -0.00
     7.05	 -1380.75	   533.61	     0.03	     0.02	    -0.79	     6.91	    -0.12	    -6.95	  -326.65
     7.07	 -1382.03	   528.06	     0.12	     0.02	    -1.29	    -5.55	     0.09	    -5.69	  -281.68
     7.09	 -1382.10	   532.21	     0.06	     0.02	    -0.06	     4.15	    -0.07	    -4.15	  -202.57
     7.11	 -1382.00	   525.99	     0.16	     0.02	     0.09	    -6.22	     0.10	     6.22	   321.07
     7.13	 -1382.00	   525.99	     0.16	     0.02	     0.00	     0.00	     0.00	    -0.00	    -0.00
     7.14	 -1382.00	   525.99	     0.16	     0.02	     0.00	     0.00	     0.00	    -0.00	    -0.00
     7.16	 -1382.00	   525.99	     0.16	     0.02	     0.00	     0.00	     0.00	    -0.00	    -0.00
     7.19	 -1381.99	   525.30	     0.16	     0.02	     0.01	    -0.69	     0.00	     0.69	    31.99
     7.21	 -1382.11	   532.91	     0.04	     0.02	    -0.12	     7.61	    -0.12	    -7.61	  -370.68
     7.23	 -1382.11	   532.91	     0.04	     0.02	     0.00	     0.00	     0.00	    -0.00	    -0.00
     7.25	 -1382.07	   530.83	     0.12	     0.02	     0.03	    -2.07	     0.08	     2.07	   110.63
     7.27	 -1382.03	   528.06	     0.12	     0.02	     0.04	    -2.77	    -0.00	     2.77	   138.76
     7.29	 -1382.00	   525.99	     0.20	     0.02	     0.03	    -2.07	     0.08	     2.07	   102.79
     7.31	 -1382.11	   532.91	     0.04	     0.02	    -0.10	     6.92	    -0.16	    -6.92	  -328.50
     7.33	 -1382.11	   532.91	     0.04	     0.02	     0.00	     0.00	     0.00	    -0.00	    -0.00
     7.35	 -1382.05	   529.45	     0.10	     0.02	     0.05	    -3.46	     0.06	     3.46	   172.93
     7.37	 -1382.10	   532.21	     0.05	     0.02	    -0.04	     2.77	    -0.05	    -2.77	  -137.42
     7.39	 -1382.06	   530.14	     0.09	     0.02	     0.03	    -2.07	     0.04	     2.07	   103.90
     7.41	 -1382.03	   528.06	     0.12	     0.02	     0.03	    -2.07	     0.03	     2.08	    97.36
     7.43	 -1382.03	   528.06	     0.12	     0.02	     0.00	     0.00	     0.00	    -0.00	    -0.00
     7.45	 -1382.10	   532.21	     0.06	     0.02	    -0.06	     4.15	    -0.07	    -4.15	  -205.63
     7.47	 -1351.15	   523.51	     2.08	     0.02	    30.95	    -8.71	     2.03	    32.15	  1487.25
     7.49	 -1382.05	   529.45	     0.10	     0.02	   -30.91	     5.94	    -1.98	   -31.47	 -1558.42
     7.51	 -1382.05	   529.45	     0.10	     0.02	     0.00	     0.00	     0.00	    -0.00	    -0.00
     7.53	 -1382.00	   525.99	     0.15	     0.02	     0.05	    -3.46	     0.05	     3.46	   169.75
     7.55	 -1382.03	   528.06	     0.12	     0.02	    -0.03	     2.07	    -0.03	    -2.07	  -102.29
     7.57	 -1382.05	   529.45	     0.10	     0.02	    -0.02	     1.38	    -0.02	    -1.38	   -68.39
     7.59	 -1382.05	   529.45	     0.10	     0.02	     0.00	     0.00	    -0.00	    -0.00	    -0.00
     7.61	 -1382.05	   529.45	     0.10	     0.02	     0.00	     0.00	     0.00	    -0.00	    -0.00
     7.63	 -1382.01	   526.68	     0.15	     0.02	     0.04	    -2.77	     0.05	     2.77	   136.33
     7.65	 -1382.01	   526.68	     0.14	     0.02	     0.00	     0.00	    -0.01	    -0.00	    -0.00
     7.67	 -1382.08	   531.52	     0.06	     0.02	    -0.07	     4.84	    -0.08	    -4.84	  -240.42
     7.69	 -1382.02	   527.37	     0.13	     0.02	     0.06	    -4.15	     0.07	     4.15	   202.04
     7.71	 -1382.02	   527.37	     0.13	     0.02	     0.00	     0.00	     0.00	    -0.00	    -0.00
     7.73	 -1382.03	   528.06	     0.12	     0.02	    -0.01	     0.69	    -0.01	    -0.69	   -34.43
     7.75	 -1382.03	   528.06	     0.12	     0.02	     0.00	     0.00	    -0.00	    -0.00	    -0.00
     7.77	 -1382.08	   531.52	     0.07	     0.02	    -0.05	     3.46	    -0.05	    -3.46	  -154.19
     7.79	 -1382.06	   530.14	     0.13	     0.02	     0.02	    -1.38	     0.07	     1.38	    71.90
     7.81	 -1382.06	   530.14	     0.13	     0.02	     0.00	     0.00	     0.00	    -0.00	    -0.00
     7.83	 -1382.10	   532.21	     0.06	     0.02	    -0.03	     2.07	    -0.08	    -2.07	  -103.24
     7.85	 -1382.03	   528.06	     0.12	     0.02	     0.06	    -4.15	     0.07	     4.15	   198.66
     7.87	 -1382.07	   530.83	     0.12	     0.02	    -0.04	     2.77	    -0.00	    -2.77	  -137.33
     7.89	 -1382.07	   530.83	     0.12	     0.02	     0.00	     0.00	     0.00	    -0.00	    -0.00
     7.91	 -1382.03	   528.06	     0.12	     0.02	     0.04	    -2.77	     0.00	     2.77	   138.89
     7.93	 -1382.02	   527.37	     0.13	     0.02	     0.01	    -0.69	     0.01	     0.69	    33.84
     7.95	 -1382.05	   529.45	     0.10	     0.02	    -0.03	     2.07	    -0.03	    -2.07	  -105.38
     7.97	 -1382.00	   525.99	     0.20	     0.02	     0.05	    -3.46	     0.10	     3.46	   161.30
     7.99	 -1382.00	   525.99	     0.20	     0.02	     0.00	     0.00	     0.00	    -0.00	    -0.00
     8.01	 -1382.06	   530.14	     0.09	     0.02	    -0.06	     4.15	    -0.11	    -4.15	  -191.05
     8.03	 -1381.97	   523.92	     0.19	     0.02	     0.09	    -6.22	     0.10	     6.23	   288.42
     8.05	 -1382.05	   529.45	     0.10	     0.02	    -0.08	     5.53	    -0.09	    -5.53	  -276.78
     8.07	 -1382.05	   529.45	     0.10	     0.02	     0.00	     0.00	     0.00	    -0.00	    -0.00
     8.09	 -1382.01	   526.68	     0.14	     0.02	     0.04	    -2.77	     0.04	     2.77	   146.46
     8.11	 -1382.10	   532.21	     0.05	     0.02	    -0.08	     5.53	    -0.09	    -5.53	  -271.97
     8.13	 -1382.01	   526.68	     0.15	     0.02	     0.08	    -5.53	     0.09	     5.53	   265.22
     8.15	 -1382.05	   529.45	     0.10	     0.02	    -0.04	     2.77	    -0.05	    -2.77	  -136.83
     8.17	 -1382.05	   529.45	     0.10	     0.02	     0.00	     0.00	     0.00	    -0.00	    -0.00
     8.19	 -1382.02	   527.37	     0.13	     0.02	     0.03	    -2.07	     0.04	     2.07	   103.26
     8.21	 -1382.01	   526.68	     0.14	     0.02	     0.01	    -0.69	     0.01	     0.69	    34.57
     8.23	 -1382.01	   526.68	     0.15	     0.02	     0.00	     0.00	     0.01	    -0.00	    -0.00
     8.25	 -1382.04	   528.76	     0.11	     0.02	    -0.03	     2.07	    -0.04	    -2.08	   -96.29
     8.27	 -1382.04	   528.76	     0.11	     0.02	     0.00	     0.00	     0.00	    -0.00	    -0.00
     8.29	 -1382.07	   530.83	     0.08	     0.02	    -0.03	     2.07	    -0.03	    -2.07	  -103.59
     8.31	 -1382.03	   528.06	     0.31	     0.02	     0.04	    -2.77	     0.23	     2.77	   130.06
     8.33	 -1382.04	   528.76	     0.11	     0.02	    -0.01	     0.69	    -0.20	    -0.69	   -35.42
     8.35	 -1382.04	   528.76	     0.11	     0.02	     0.00	     0.00	     0.00	    -0.00	    -0.00
     8.37	 -1381.99	   525.30	     0.17	     0.02	     0.05	    -3.46	     0.06	     3.46	   187.63
     8.39	 -1382.05	   529.45	     0.10	     0.02	    -0.06	     4.15	    -0.07	    -4.15	  -204.92
     8.41	 -1382.05	   529.45	     0.10	     0.02	     0.00	     0.00	     0.00	    -0.00	    -0.00
     8.43	 -1382.03	   528.06	     0.12	     0.02	     0.02	    -1.38	     0.02	     1.38	    67.64
     8.45	 -1382.03	   528.06	     0.12	     0.02	     0.00	     0.00	     0.00	    -0.00	    -0.00
     8.47	 -1382.01	   526.68	     0.14	     0.02	     0.02	    -1.38	     0.02	     1.38	    66.17
     8.49	 -1381.99	   525.30	     0.16	     0.02	     0.02	    -1.38	     0.02	     1.38	    67.20
     8.51	 -1382.07	   530.83	     0.08	     0.02	    -0.08	     5.53	    -0.08	    -5.53	  -286.07
     8.53	 -1382.06	   530.14	     0.09	     0.02	     0.01	    -0.69	     0.01	     0.69	    33.90
     8.55	 -1382.06	   530.14	     0.09	     0.02	     0.00	     0.00	     0.00	    -0.00	    -0.00
     8.57	 -1382.05	   529.45	     0.10	     0.02	     0.01	    -0.69	     0.01	     0.69	    34.83
     8.59	 -1382.05	   529.45	     0.10	     0.02	     0.00	     0.00	     0.00	    -0.00	    -0.00
     8.61	 -1382.05	   529.45	     0.10	     0.02	     0.00	     0.00	     0.00	    -0.00	    -0.00
     8.63	 -1382.01	   526.68	     0.15	     0.02	     0.04	    -2.77	     0.05	     2.77	   121.71
     8.65	 -1382.01	   526.68	     0.15	     0.02	     0.00	     0.00	     0.00	    -0.00	    -0.00
     8.67	 -1382.03	   528.06	     0.12	     0.02	    -0.02	     1.38	    -0.03	    -1.38	   -69.94
     8.69	 -1382.03	   528.06	     0.12	     0.02	     0.00	     0.00	     0.00	    -0.00	    -0.00
     8.71	 -1382.03	   528.06	     0.12	     0.02	     0.00	     0.00	     0.00	    -0.00	    -0.00
     8.73	 -1382.03	   528.06	     0.12	     0.02	     0.00	     0.00	     0.00	    -0.00	    -0.00
     8.75	 -1382.05	   529.45	     0.10	     0.02	    -0.02	     1.38	    -0.02	    -1.38	   -68.61
     8.77	 -1382.05	   529.45	     0.10	     0.02	     0.00	     0.00	    -0.00	    -0.00	    -0.00
     8.79	 -1382.07	   530.83	     0.08	     0.02	    -0.02	     1.38	    -0.02	    -1.38	   -69.35
     8.81	 -1382.07	   530.83	     0.08	     0.02	     0.00	     0.00	     0.00	    -0.00	    -0.00
     8.83	 -1382.07	   530.83	     0.08	     0.02	     0.00	     0.00	     0.00	    -0.00	    -0.00
     8.85	 -1382.07	   530.83	     0.08	     0.02	     0.00	     0.00	     0.00	    -0.00	    -0.00
     8.87	 -1382.01	   526.68	     0.14	     0.02	     0.06	    -4.15	     0.07	     4.15	   191.58
     8.89	 -1382.03	   528.06	     0.12	     0.02	    -0.02	     1.38	    -0.02	    -1.38	   -68.12
     8.91	 -1382.07	   530.83	     0.08	     0.02	    -0.04	     2.77	    -0.04	    -2.77	  -130.05
     8.93	 -1382.07	   530.83	     0.08	     0.02	     0.00	     0.00	     0.00	    -0.00	    -0.00
     8.95	 -1381.99	   525.30	     0.17	     0.02	     0.08	    -5.53	     0.09	     5.53	   273.40
     8.97	 -1382.00	   525.99	     0.16	     0.02	    -0.01	     0.69	    -0.01	    -0.69	   -33.14
     8.99	 -1381.99	   525.30	     0.16	     0.02	     0.01	    -0.69	     0.00	     0.69	    34.30
     9.01	 -1381.99	   525.30	     0.16	     0.02	     0.00	     0.00	     0.00	    -0.00	    -0.00
     9.03	 -1382.08	   531.52	     0.07	     0.02	    -0.09	     6.22	    -0.10	    -6.22	  -316.18
     9.05	 -1382.03	   528.06	     0.12	     0.02	     0.05	    -3.46	     0.05	     3.46	   169.56
     9.07	 -1382.07	   530.83	     0.08	     0.02	    -0.04	     2.77	    -0.04	    -2.77	  -136.93
     9.09	 -1382.03	   528.06	     0.12	     0.02	     0.04	    -2.77	     0.04	     2.77	   133.45
     9.11	 -1382.03	   528.06	     0.12	     0.02	     0.00	     0.00	     0.00	    -0.00	    -0.00
     9.13	 -1382.07	   530.83	     0.08	     0.02	    -0.04	     2.77	    -0.04	    -2.77	  -137.49
     9.15	 -1382.01	   526.68	     0.15	     0.02	     0.06	    -4.15	     0.07	     4.15	   202.97
     9.17	 -1382.08	   531.52	     0.06	     0.02	    -0.07	     4.84	    -0.08	    -4.84	  -246.83
     9.19	 -1382.04	   528.76	     0.11	     0.02	     0.04	    -2.77	     0.05	     2.77	   127.42
     9.21	 -1382.04	   528.76	     0.11	     0.02	     0.00	     0.00	     0.00	    -0.00	    -0.00
     9.23	 -1381.99	   525.30	     0.17	     0.02	     0.05	    -3.46	     0.06	     3.46	   161.70
     9.25	 -1382.05	   529.45	     0.10	     0.02	    -0.06	     4.15	    -0.07	    -4.15	  -210.00
     9.27	 -1381.99	   525.30	     0.16	     0.02	     0.06	    -4.15	     0.06	     4.15	   206.25
     9.29	 -1382.06	   530.14	     0.13	     0.02	    -0.07	     4.84	    -0.03	    -4.84	  -225.80
     9.31	 -1382.06	   530.14	     0.13	     0.02	     0.00	     0.00	     0.00	    -0.00	    -0.00
     9.33	 -1382.00	   525.99	     0.15	     0.02	     0.06	    -4.15	     0.02	     4.15	   202.59
     9.35	 -1382.05	   529.45	     0.10	     0.02	    -0.05	     3.46	    -0.05	    -3.46	  -174.56
     9.37	 -1382.03	   528.06	     0.12	     0.02	     0.02	    -1.38	     0.02	     1.38	    65.61
     9.39	 -1382.03	   528.06	     0.12	     0.02	     0.00	     0.00	     0.00	    -0.00	    -0.00
     9.41	 -1382.03	   528.06	     0.12	     0.02	     0.00	     0.00	     0.00	    -0.00	    -0.00
     9.43	 -1381.99	   525.30	     0.17	     0.02	     0.04	    -2.77	     0.05	     2.77	   137.68
     9.45	 -1381.99	   525.30	     0.17	     0.02	     0.00	     0.00	     0.00	    -0.00	    -0.00
     9.47	 -1381.99	   525.30	     0.17	     0.02	     0.00	     0.00	     0.00	    -0.00	    -0.00
     9.49	 -1381.99	   525.30	     0.21	     0.02	     0.00	     0.00	     0.04	    -0.00	    -0.00
     9.51	 -1381.98	   524.61	     0.17	     0.02	     0.01	    -0.69	    -0.04	     0.69	    34.37
     9.53	 -1382.00	   525.99	     0.16	     0.02	    -0.02	     1.38	    -0.02	    -1.38	   -65.57
     9.55	 -1382.01	   526.68	     0.19	     0.02	    -0.01	     0.69	     0.03	    -0.69	   -34.67
     9.57	 -1382.01	   526.68	     0.19	     0.02	     0.00	     0.00	     0.00	    -0.00	    -0.00
     9.59	 -1382.10	   532.21	     0.06	     0.02	    -0.08	     5.53	    -0.14	    -5.53	  -268.84
     9.61	 -1382.05	   529.45	     0.10	     0.02	     0.04	    -2.77	     0.05	     2.77	   138.86
     9.63	 -1382.12	   533.60	     0.03	     0.02	    -0.06	     4.15	    -0.07	    -4.15	  -205.63
     9.65	 -1381.98	   524.61	     0.17	     0.02	     0.14	    -8.99	     0.14	     8.99	   440.29
     9.67	 -1381.98	   524.61	     0.17	     0.02	     0.00	     0.00	     0.00	    -0.00	    -0.00
     9.69	 -1382.10	   532.21	     0.06	     0.02	    -0.11	     7.61	    -0.12	    -7.61	  -376.93
     9.71	 -1382.01	   526.68	     0.15	     0.02	     0.08	    -5.53	     0.09	     5.53	   263.32
     9.73	 -1382.00	   525.99	     0.16	     0.02	     0.01	    -0.69	     0.01	     0.69	    34.83
     9.75	 -1382.11	   532.91	     0.04	     0.02	    -0.10	     6.92	    -0.11	    -6.92	  -329.93
     9.77	 -1382.11	   532.91	     0.04	     0.02	     0.00	     0.00	     0.00	    -0.00	    -0.00
     9.79	 -1382.04	   528.76	     0.16	     0.02	     0.06	    -4.15	     0.11	     4.15	   195.67
     9.81	 -1381.99	   525.30	     0.16	     0.02	     0.05	    -3.46	     0.00	     3.46	   176.70
     9.83	 -1382.01	   526.68	     0.14	     0.02	    -0.02	     1.38	    -0.02	    -1.38	   -63.92
     9.85	 -1382.01	   526.68	     0.14	     0.02	     0.00	     0.00	     0.00	    -0.00	    -0.00
     9.87	 -1382.05	   529.45	     0.10	     0.02	    -0.04	     2.77	    -0.04	    -2.77	  -139.34
     9.89	 -1382.05	   529.45	     0.10	     0.02	     0.00	     0.00	    -0.00	    -0.00	    -0.00
     9.91	 -1382.12	   533.60	     0.03	     0.02	    -0.06	     4.15	    -0.06	    -4.15	  -200.78
     9.93	 -1382.03	   528.06	     0.12	     0.02	     0.08	    -5.53	     0.09	     5.53	   269.45
     9.95	 -1382.03	   528.06	     0.12	     0.02	     0.00	     0.00	     0.00	    -0.00	    -0.00
     9.97	 -1382.03	   528.06	     0.12	     0.02	     0.00	     0.00	     0.00	    -0.00	    -0.00
     9.99	 -1382.05	   529.45	     0.10	     0.02	    -0.02	     1.38	    -0.03	    -1.38	   -69.96
    10.01	 -1382.07	   530.83	     0.08	     0.02	    -0.02	     1.38	    -0.02	    -1.38	   -68.59
    10.03	 -1382.04	   528.76	     0.11	     0.02	     0.03	    -2.07	     0.03	     2.07	    97.88
    10.05	 -1382.04	   528.76	     0.11	     0.02	     0.00	     0.00	     0.00	    -0.00	    -0.00
    10.07	 -1382.01	   526.68	     0.14	     0.02	     0.03	    -2.07	     0.03	     2.08	   103.77
    10.09	 -1382.03	   528.06	     0.12	     0.02	    -0.02	     1.38	    -0.02	    -1.38	   -68.29
    10.11	 -1382.03	   528.06	     0.12	     0.02	     0.00	     0.00	     0.00	    -0.00	    -0.00
    10.13	 -1382.03	   528.06	     0.12	     0.02	     0.00	     0.00	     0.00	    -0.00	    -0.00
    10.15	 -1382.05	   529.45	     0.10	     0.02	    -0.02	     1.38	    -0.03	    -1.38	   -69.88
    10.17	 -1381.97	   523.92	     0.18	     0.02	     0.08	    -5.53	     0.09	     5.53	   276.33
    10.19	 -1382.02	   527.37	     0.13	     0.02	    -0.05	     3.46	    -0.05	    -3.46	  -172.79
    10.21	 -1381.99	   525.30	     0.21	     0.02	     0.03	    -2.07	     0.08	     2.08	    86.53
    10.23	 -1381.99	   525.30	     0.21	     0.02	     0.00	     0.00	     0.00	    -0.00	    -0.00
    10.25	 -1382.03	   528.06	     0.12	     0.02	    -0.04	     2.77	    -0.09	    -2.77	  -136.23
    10.27	 -1382.05	   529.45	     0.10	     0.02	    -0.02	     1.38	    -0.02	    -1.38	   -65.90
    10.29	 -1382.05	   529.45	     0.10	     0.02	     0.00	     0.00	     0.00	    -0.00	    -0.00
    10.31	 -1382.05	   529.45	     0.10	     0.02	     0.00	     0.00	     0.00	    -0.00	    -0.00
    10.33	 -1382.01	   526.68	     0.15	     0.02	     0.04	    -2.77	     0.05	     2.77	   141.99
    10.35	 -1381.99	   525.30	     0.17	     0.02	     0.02	    -1.38	     0.02	     1.38	    64.21
    10.37	 -1382.07	   530.83	     0.08	     0.02	    -0.08	     5.53	    -0.09	    -5.53	  -267.76
    10.39	 -1382.02	   527.37	     0.18	     0.02	     0.05	    -3.46	     0.10	     3.46	   165.26
    10.41	 -1382.07	   530.83	     0.08	     0.02	    -0.05	     3.46	    -0.10	    -3.46	  -174.71
    10.43	 -1382.07	   530.83	     0.08	     0.02	     0.00	     0.00	     0.00	    -0.00	    -0.00
    10.45	 -1382.03	   528.06	     0.12	     0.02	     0.04	    -2.77	     0.04	     2.77	   127.20
    10.47	 -1382.04	   528.76	     0.11	     0.02	    -0.01	     0.69	    -0.01	    -0.69	   -37.98
    10.49	 -1381.99	   525.30	     0.21	     0.02	     0.05	    -3.46	     0.10	     3.46	   160.28
    10.51	 -1381.99	   525.30	     0.21	     0.02	     0.00	     0.00	     0.00	    -0.00	    -0.00
    10.53	 -1382.08	   531.52	     0.11	     0.02	    -0.09	     6.22	    -0.10	    -6.22	  -309.86
    10.55	 -1382.01	   526.68	     0.15	     0.02	     0.07	    -4.84	     0.03	     4.84	   220.56
    10.57	 -1381.99	   525.30	     0.21	     0.02	     0.02	    -1.38	     0.07	     1.38	    69.15
    10.60	 -1382.10	   532.21	     0.05	     0.02	    -0.10	     6.92	    -0.16	    -6.92	  -327.64
    10.61	 -1382.10	   532.21	     0.05	     0.02	     0.00	     0.00	     0.00	    -0.00	    -0.00
    10.63	 -1381.99	   525.30	     0.16	     0.02	     0.10	    -6.92	     0.11	     6.92	   341.30
    10.65	 -1382.03	   528.06	     0.12	     0.02	    -0.04	     2.77	    -0.04	    -2.77	  -135.42
    10.67	 -1382.03	   528.06	     0.12	     0.02	     0.00	     0.00	     0.00	    -0.00	    -0.00
    10.69	 -1382.01	   526.68	     0.15	     0.02	     0.02	    -1.38	     0.02	     1.38	    66.24
    10.71	 -1382.01	   526.68	     0.15	     0.02	     0.00	     0.00	     0.00	    -0.00	    -0.00
    10.73	 -1381.97	   523.92	     0.19	     0.02	     0.04	    -2.77	     0.04	     2.77	   138.71
    10.75	 -1382.00	   525.99	     0.16	     0.02	    -0.03	     2.07	    -0.03	    -2.08	   -95.55
    10.77	 -1382.01	   526.68	     0.15	     0.02	    -0.01	     0.69	    -0.01	    -0.69	   -35.12
    10.80	 -1382.01	   526.68	     0.15	     0.02	     0.00	     0.00	     0.00	    -0.00	    -0.00
    10.81	 -1382.07	   530.83	     0.08	     0.02	    -0.06	     4.15	    -0.07	    -4.15	  -241.40
    10.84	 -1382.01	   526.68	     0.14	     0.02	     0.06	    -4.15	     0.07	     4.15	   186.29
    10.85	 -1381.99	   525.30	     0.16	     0.02	     0.02	    -1.38	     0.02	     1.38	    76.02
    10.87	 -1382.05	   529.45	     0.10	     0.02	    -0.06	     4.15	    -0.06	    -4.15	  -197.55
    10.89	 -1382.05	   529.45	     0.10	     0.02	     0.00	     0.00	     0.00	    -0.00	    -0.00
    10.91	 -1382.05	   529.45	     0.10	     0.02	     0.00	     0.00	     0.00	    -0.00	    -0.00
    10.93	 -1382.05	   529.45	     0.10	     0.02	     0.00	     0.00	     0.00	    -0.00	    -0.00
    10.95	 -1382.00	   525.99	     0.16	     0.02	     0.05	    -3.46	     0.06	     3.46	   158.22
    10.98	 -1382.05	   529.45	     0.10	     0.02	    -0.05	     3.46	    -0.06	    -3.46	  -159.33
    10.99	 -1382.05	   529.45	     0.10	     0.02	     0.00	     0.00	     0.00	    -0.00	    -0.00
    11.01	 -1382.05	   529.45	     0.10	     0.02	     0.00	     0.00	     0.00	    -0.00	    -0.00
    11.03	 -1382.05	   529.45	     0.10	     0.02	     0.00	     0.00	     0.00	    -0.00	    -0.00
    11.05	 -1382.03	   528.06	     0.12	     0.02	     0.02	    -1.38	     0.02	     1.38	    62.56
    11.07	 -1382.03	   528.06	     0.12	     0.02	     0.00	     0.00	     0.00	    -0.00	    -0.00
    11.09	 -1381.99	   525.30	     0.16	     0.02	     0.04	    -2.77	     0.04	     2.77	   139.93
    11.11	 -1382.07	   530.83	     0.08	     0.02	    -0.08	     5.53	    -0.08	    -5.53	  -260.44
    11.13	 -1381.99	   525.30	     0.21	     0.02	     0.08	    -5.53	     0.14	     5.53	   276.26
    11.16	 -1382.07	   530.83	     0.08	     0.02	    -0.08	     5.53	    -0.14	    -5.53	  -262.46
    11.17	 -1382.07	   530.83	     0.08	     0.02	     0.00	     0.00	     0.00	    -0.00	    -0.00
    11.19	 -1382.07	   530.83	     0.08	     0.02	     0.00	     0.00	     0.00	    -0.00	    -0.00
    11.21	 -1382.07	   530.83	     0.08	     0.02	     0.00	     0.00	     0.00	    -0.00	    -0.00
    11.24	 -1382.05	   529.45	     0.10	     0.02	     0.02	    -1.38	     0.02	     1.38	    60.06
    11.25	 -1382.05	   529.45	     0.10	     0.02	     0.00	     0.00	     0.00	    -0.00	    -0.00
    11.27	 -1382.10	   532.21	     0.06	     0.02	    -0.04	     2.77	    -0.05	    -2.77	  -142.39
    11.30	 -1382.03	   528.06	     0.12	     0.02	     0.06	    -4.15	     0.07	     4.15	   198.75
    11.32	 -1382.01	   526.68	     0.15	     0.02	     0.02	    -1.38	     0.02	     1.38	    67.84
    11.34	 -1382.01	   526.68	     0.19	     0.02	     0.00	     0.00	     0.04	    -0.00	    -0.00
    11.35	 -1382.01	   526.68	     0.19	     0.02	     0.00	     0.00	     0.00	    -0.00	    -0.00
    11.37	 -1382.03	   528.06	     0.12	     0.02	    -0.02	     1.38	    -0.07	    -1.38	   -70.29
    11.40	 -1382.05	   529.45	     0.10	     0.02	    -0.02	     1.38	    -0.03	    -1.38	   -65.36
    11.42	 -1381.97	   523.92	     0.19	     0.02	     0.08	    -5.53	     0.09	     5.53	   276.38
    11.44	 -1382.05	   529.45	     0.15	     0.02	    -0.08	     5.53	    -0.04	    -5.53	  -268.73
    11.46	 -1382.00	   525.99	     0.20	     0.02	     0.05	    -3.46	     0.06	     3.46	   160.87
    11.48	 -1382.00	   525.99	     0.20	     0.02	     0.00	     0.00	     0.00	    -0.00	    -0.00
    11.50	 -1382.06	   530.14	     0.09	     0.02	    -0.06	     4.15	    -0.11	    -4.15	  -198.59
    11.52	 -1382.04	   528.76	     0.11	     0.02	     0.02	    -1.38	     0.02	     1.38	    67.38
    11.54	 -1382.12	   533.60	     0.03	     0.02	    -0.07	     4.84	    -0.08	    -4.84	  -241.04
    11.56	 -1382.12	   533.60	     0.03	     0.02	     0.00	     0.00	     0.00	    -0.00	    -0.00
    11.58	 -1382.07	   530.83	     0.12	     0.02	     0.04	    -2.77	     0.09	     2.77	   138.30
    11.60	 -1382.02	   527.37	     0.13	     0.02	     0.05	    -3.46	     0.01	     3.46	   169.64
    11.62	 -1382.04	   528.76	     0.11	     0.02	    -0.02	     1.38	    -0.03	    -1.38	   -70.98
    11.64	 -1382.01	   526.68	     0.15	     0.02	     0.03	    -2.07	     0.04	     2.08	    97.24
    11.66	 -1382.01	   526.68	     0.15	     0.02	     0.00	     0.00	     0.00	    -0.00	    -0.00
    11.68	 -1382.04	   528.76	     0.16	     0.02	    -0.03	     2.07	     0.01	    -2.08	  -103.33
    11.70	 -1382.01	   526.68	     0.14	     0.02	     0.03	    -2.07	    -0.02	     2.08	    97.36
    11.72	 -1382.10	   532.21	     0.06	     0.02	    -0.08	     5.53	    -0.09	    -5.53	  -267.79
    11.74	 -1382.10	   532.21	     0.06	     0.02	     0.00	     0.00	     0.00	    -0.00	    -0.00
    11.75	 -1382.10	   532.21	     0.06	     0.02	     0.00	     0.00	     0.00	    -0.00	    -0.00
    11.78	 -1382.03	   528.06	     0.12	     0.02	     0.06	    -4.15	     0.06	     4.15	   190.96
    11.80	 -1381.99	   525.30	     0.16	     0.02	     0.04	    -2.77	     0.04	     2.77	   136.60
    11.82	 -1382.01	   526.68	     0.14	     0.02	    -0.02	     1.38	    -0.02	    -1.38	   -68.41
    11.84	 -1382.01	   526.68	     0.14	     0.02	     0.00	     0.00	     0.00	    -0.00	    -0.00
    11.86	 -1382.05	   529.45	     0.10	     0.02	    -0.04	     2.77	    -0.04	    -2.77	  -134.16
    11.88	 -1382.05	   529.45	     0.10	     0.02	     0.00	     0.00	     0.00	    -0.00	    -0.00
    11.89	 -1382.05	   529.45	     0.10	     0.02	     0.00	     0.00	     0.00	    -0.00	    -0.00
    11.93	 -1382.05	   529.45	     0.10	     0.04	     0.00	     0.00	     0.00	    -0.00	    -0.00
    11.94	 -1382.05	   529.45	     0.10	     0.00	     0.00	     0.00	     0.00	    -0.00	    -0.00
    11.96	 -1382.03	   528.06	     0.12	     0.02	     0.02	    -1.38	     0.02	     1.38	    67.45
    11.98	 -1382.05	   529.45	     0.10	     0.02	    -0.02	     1.38	    -0.02	    -1.38	   -69.34
    12.00	 -1382.07	   530.83	     0.08	     0.02	    -0.02	     1.38	    -0.03	    -1.38	   -66.12
    12.02	 -1382.07	   530.83	     0.08	     0.02	     0.00	     0.00	     0.00	    -0.00	    -0.00
    12.04	 -1382.03	   528.06	     0.12	     0.02	     0.04	    -2.77	     0.05	     2.77	   150.85
    12.06	 -1381.97	   523.92	     0.19	     0.02	     0.06	    -4.15	     0.07	     4.15	   190.31
    12.08	 -1382.03	   528.06	     0.12	     0.02	    -0.06	     4.15	    -0.07	    -4.15	  -204.62
    12.10	 -1382.05	   529.45	     0.10	     0.02	    -0.02	     1.38	    -0.02	    -1.38	   -70.03
    12.12	 -1382.05	   529.45	     0.10	     0.02	     0.00	     0.00	     0.00	    -0.00	    -0.00
    12.14	 -1382.01	   526.68	     0.14	     0.02	     0.04	    -2.77	     0.04	     2.77	   141.77
    12.16	 -1382.01	   526.68	     0.14	     0.02	     0.00	     0.00	     0.00	    -0.00	    -0.00
    12.18	 -1382.01	   526.68	     0.14	     0.02	     0.00	     0.00	     0.00	    -0.00	    -0.00
    12.20	 -1382.07	   530.83	     0.08	     0.02	    -0.06	     4.15	    -0.06	    -4.15	  -181.36
    12.22	 -1382.07	   530.83	     0.08	     0.02	     0.00	     0.00	     0.00	    -0.00	    -0.00
    12.24	 -1382.07	   530.83	     0.08	     0.02	     0.00	     0.00	     0.00	    -0.00	    -0.00
    12.26	 -1382.07	   530.83	     0.08	     0.03	     0.00	     0.00	     0.00	    -0.00	    -0.00
    12.28	 -1382.01	   526.68	     0.15	     0.02	     0.06	    -4.15	     0.07	     4.15	   222.67
    12.30	 -1382.03	   528.06	     0.17	     0.02	    -0.02	     1.38	     0.02	    -1.38	   -66.16
    12.32	 -1382.03	   528.06	     0.17	     0.02	     0.00	     0.00	     0.00	    -0.00	    -0.00
    12.34	 -1380.76	   534.30	     0.02	     0.02	     1.28	     6.24	    -0.15	     6.37	   296.71
    12.36	 -1380.76	   534.30	     0.02	     0.02	     0.00	     0.00	     0.00	    -0.00	    -0.00
    12.38	 -1380.76	   534.30	     0.02	     0.02	     0.00	     0.00	     0.00	    -0.00	    -0.00
     0.00	     0.00	     0.00	     0.00	    12.37	   343.32	    -1.93	    -0.00	   364.53	 16879.14
