     time	    pos x	    pos y	    angle	 difftime	 diffposx	 diffposy	 diffangl	 difflong	 relspeed	
    0.000	    0.000	  529.261	    0.017	    0.000	    0.000	    0.000	    0.000	    0.000	    0.000
   19.227	   19.220	  527.888	   -0.004	   19.227	   19.220	   -1.373	   -0.021	   19.269	 1002.183
   39.872	   39.870	  527.888	   -0.005	   20.645	   20.650	    0.000	   -0.000	   20.650	 1000.247
   57.710	   57.700	  527.888	   -0.005	   17.838	   17.830	    0.000	    0.000	   17.830	  999.552
   77.638	   77.630	  527.888	   -0.004	   19.928	   19.930	    0.000	    0.000	   19.930	 1000.089
   96.238	   96.230	  527.888	   -0.004	   18.600	   18.600	    0.000	    0.000	   18.600	 1000.001
  117.074	  117.070	  527.888	   -0.004	   20.836	   20.840	    0.000	    0.000	   20.840	 1000.198
  136.170	  136.170	  527.888	   -0.004	   19.096	   19.100	    0.000	    0.000	   19.100	 1000.203
  159.934	  159.930	  529.261	   -0.025	   23.764	   23.760	    1.373	   -0.020	   23.800	 1001.503
  178.709	  178.700	  527.888	   -0.005	   18.775	   18.770	   -1.373	    0.020	   18.820	 1002.408
  199.375	  199.370	  527.888	   -0.004	   20.666	   20.670	    0.000	    0.000	   20.670	 1000.187
  219.188	  219.180	  527.888	   -0.005	   19.813	   19.810	    0.000	   -0.000	   19.810	  999.857
  239.857	  239.850	  527.888	   -0.005	   20.669	   20.670	    0.000	    0.000	   20.670	 1000.050
  259.189	  259.180	  527.888	   -0.004	   19.332	   19.330	    0.000	    0.000	   19.330	  999.888
  280.658	  280.650	  527.888	    0.039	   21.469	   21.470	    0.000	    0.044	   21.470	 1000.053
  300.958	  300.950	  527.888	   -0.005	   20.300	   20.300	    0.000	   -0.044	   20.300	  999.992
  321.427	  321.420	  529.261	   -0.026	   20.469	   20.470	    1.373	   -0.021	   20.516	 1002.300
  339.664	  339.660	  529.261	   -0.026	   18.237	   18.240	    0.000	    0.000	   18.240	 1000.171
  359.239	  359.230	  527.888	   -0.005	   19.575	   19.570	   -1.373	    0.021	   19.618	 1002.196
  380.737	  380.730	  527.888	   -0.005	   21.498	   21.500	    0.000	    0.000	   21.500	 1000.095
  400.588	  400.580	  527.888	   -0.004	   19.851	   19.850	    0.000	    0.000	   19.850	  999.949
  420.650	  420.650	  527.888	   -0.005	   20.062	   20.070	    0.000	   -0.000	   20.070	 1000.402
  440.089	  440.080	  527.888	   -0.005	   19.439	   19.430	    0.000	    0.000	   19.430	  999.537
  460.016	  460.010	  527.888	   -0.005	   19.927	   19.930	    0.000	    0.000	   19.930	 1000.152
  480.452	  480.450	  527.888	   -0.004	   20.436	   20.440	    0.000	    0.000	   20.440	 1000.193
  501.561	  501.560	  527.888	   -0.004	   21.109	   21.110	    0.000	    0.000	   21.110	 1000.053
  522.445	  522.440	  527.888	   -0.005	   20.884	   20.880	    0.000	   -0.000	   20.880	  999.804
  540.082	  540.080	  527.888	   -0.005	   17.637	   17.640	    0.000	    0.000	   17.640	 1000.170
  561.280	  561.280	  514.950	    1.339	   21.198	   21.200	  -12.938	    1.344	   24.836	 1171.615
  581.552	  581.550	  527.879	   -0.004	   20.272	   20.270	   12.928	   -1.343	   24.042	 1185.964
  601.234	  601.230	  527.879	   -0.004	   19.682	   19.680	    0.000	    0.000	   19.680	  999.901
  618.630	  618.620	  527.879	   -0.004	   17.396	   17.390	    0.000	    0.000	   17.390	  999.660
  639.440	  639.440	  527.879	   -0.004	   20.810	   20.820	    0.000	    0.000	   20.820	 1000.475
  661.568	  661.560	  527.888	   -0.004	   22.128	   22.120	    0.009	    0.000	   22.120	  999.644
  681.881	  681.880	  527.888	   -0.005	   20.313	   20.320	    0.000	   -0.000	   20.320	 1000.343
  704.083	  704.080	  527.888	   -0.004	   22.202	   22.200	    0.000	    0.000	   22.200	  999.909
  720.997	  720.990	  527.888	   -0.004	   16.914	   16.910	    0.000	    0.000	   16.910	  999.755
  741.159	  741.150	  527.888	   -0.005	   20.162	   20.160	    0.000	   -0.000	   20.160	  999.909
  762.059	  762.050	  527.888	    0.039	   20.900	   20.900	    0.000	    0.044	   20.900	  999.997
  781.966	  781.960	  527.888	   -0.005	   19.907	   19.910	    0.000	   -0.044	   19.910	 1000.153
  802.972	  802.970	  527.888	   -0.004	   21.006	   21.010	    0.000	    0.000	   21.010	 1000.183
  821.083	  821.080	  527.888	   -0.004	   18.111	   18.110	    0.000	    0.000	   18.110	  999.949
  841.687	  841.680	  527.888	   -0.004	   20.604	   20.600	    0.000	    0.000	   20.600	  999.807
  861.262	  861.260	  527.888	   -0.005	   19.575	   19.580	    0.000	   -0.000	   19.580	 1000.253
  882.328	  882.320	  527.879	   -0.004	   21.066	   21.060	   -0.009	    0.001	   21.060	  999.716
  901.831	  901.830	  527.879	   -0.004	   19.503	   19.510	    0.000	    0.000	   19.510	 1000.354
  921.488	  921.480	  527.888	   -0.004	   19.657	   19.650	    0.009	   -0.000	   19.650	  999.646
  942.108	  942.100	  527.888	   -0.005	   20.620	   20.620	    0.000	   -0.000	   20.620	  999.997
  961.867	  961.860	  527.888	   -0.004	   19.759	   19.760	    0.000	    0.000	   19.760	 1000.052
  982.188	  982.180	  527.888	   -0.004	   20.321	   20.320	    0.000	    0.000	   20.320	  999.958
 1002.714	 1002.710	  527.888	   -0.004	   20.526	   20.530	    0.000	    0.000	   20.530	 1000.199
 1022.322	 1022.320	  527.888	   -0.005	   19.608	   19.610	    0.000	   -0.000	   19.610	 1000.096
 1042.674	 1042.670	  527.888	   -0.005	   20.352	   20.350	    0.000	    0.000	   20.350	  999.901
 1062.663	 1062.660	  527.888	   -0.004	   19.989	   19.990	    0.000	    0.000	   19.990	 1000.049
 1083.751	 1083.750	  527.888	   -0.005	   21.088	   21.090	    0.000	   -0.000	   21.090	 1000.098
 1102.128	 1102.120	  527.888	   -0.005	   18.377	   18.370	    0.000	    0.000	   18.370	  999.615
 1123.135	 1123.130	  527.888	   -0.005	   21.007	   21.010	    0.000	    0.000	   21.010	 1000.139
 1143.603	 1143.600	  527.888	   -0.005	   20.468	   20.470	    0.000	    0.000	   20.470	 1000.095
 1163.600	 1163.600	  527.888	   -0.004	   19.997	   20.000	    0.000	    0.000	   20.000	 1000.159
 1184.546	 1184.540	  527.888	   -0.004	   20.946	   20.940	    0.000	    0.000	   20.940	  999.714
 1202.400	 1202.400	  527.888	   -0.004	   17.854	   17.860	    0.000	    0.000	   17.860	 1000.335
 1224.074	 1224.070	  529.270	   -0.025	   21.674	   21.670	    1.383	   -0.021	   21.714	 1001.842
 1244.346	 1244.340	  527.888	    0.039	   20.272	   20.270	   -1.383	    0.065	   20.317	 1002.221
 1264.743	 1264.740	  527.888	    0.039	   20.397	   20.400	    0.000	    0.000	   20.400	 1000.150
 1282.495	 1282.490	  529.270	   -0.027	   17.752	   17.750	    1.383	   -0.066	   17.804	 1002.926
 1301.001	 1301.000	  529.270	   -0.027	   18.506	   18.510	    0.000	    0.000	   18.510	 1000.211
 1323.023	 1323.020	  527.888	   -0.005	   22.022	   22.020	   -1.383	    0.022	   22.063	 1001.880
 1342.708	 1342.700	  527.888	    0.039	   19.685	   19.680	    0.000	    0.044	   19.680	  999.740
 1363.269	 1363.260	  527.888	   -0.005	   20.561	   20.560	    0.000	   -0.044	   20.560	  999.953
 1382.627	 1382.620	  527.888	   -0.005	   19.358	   19.360	    0.000	    0.000	   19.360	 1000.107
 1403.105	 1403.100	  527.888	   -0.005	   20.478	   20.480	    0.000	    0.000	   20.480	 1000.095
 1422.941	 1422.940	  527.888	   -0.005	   19.836	   19.840	    0.000	    0.000	   19.840	 1000.203
 1444.346	 1444.340	  527.888	    0.039	   21.405	   21.400	    0.000	    0.044	   21.400	  999.772
 1469.756	 1469.750	  527.888	   -0.004	   25.410	   25.410	    0.000	   -0.044	   25.410	  999.995
 1485.367	 1485.360	  527.888	   -0.004	   15.611	   15.610	    0.000	    0.000	   15.610	  999.937
 1505.448	 1505.440	  529.270	   -0.027	   20.081	   20.080	    1.383	   -0.022	   20.128	 1002.313
 1525.752	 1525.750	  527.888	   -0.005	   20.304	   20.310	   -1.383	    0.022	   20.357	 1002.616
 1545.566	 1545.560	  527.888	    0.041	   19.814	   19.810	    0.000	    0.046	   19.810	  999.797
 1567.280	 1567.280	  527.879	   -0.004	   21.714	   21.720	   -0.009	   -0.045	   21.720	 1000.281
 1585.449	 1585.440	  527.879	   -0.004	   18.169	   18.160	    0.000	    0.000	   18.160	  999.503
 1606.948	 1606.940	  527.888	   -0.005	   21.499	   21.500	    0.009	   -0.001	   21.500	 1000.040
 1627.002	 1627.000	  527.888	   -0.004	   20.054	   20.060	    0.000	    0.000	   20.060	 1000.304
 1647.765	 1647.760	  527.888	    0.039	   20.763	   20.760	    0.000	    0.044	   20.760	  999.865
 1665.628	 1665.620	  527.888	    0.039	   17.863	   17.860	    0.000	    0.000	   17.860	  999.829
 1685.645	 1685.640	  527.888	   -0.005	   20.017	   20.020	    0.000	   -0.044	   20.020	 1000.140
 1705.921	 1705.920	  527.888	   -0.005	   20.276	   20.280	    0.000	    0.000	   20.280	 1000.211
 1726.017	 1726.010	  527.888	   -0.005	   20.096	   20.090	    0.000	    0.000	   20.090	  999.696
 1744.670	 1744.670	  527.888	   -0.005	   18.653	   18.660	    0.000	    0.000	   18.660	 1000.366
 1766.088	 1766.080	  527.888	   -0.005	   21.418	   21.410	    0.000	    0.000	   21.410	  999.630
 1787.755	 1787.750	  527.888	   -0.005	   21.667	   21.670	    0.000	    0.000	   21.670	 1000.141
 1807.950	 1807.950	  527.888	    0.039	   20.195	   20.200	    0.000	    0.044	   20.200	 1000.242
 1828.075	 1828.070	  527.888	   -0.005	   20.125	   20.120	    0.000	   -0.044	   20.120	  999.757
 1847.806	 1847.800	  527.888	   -0.004	   19.731	   19.730	    0.000	    0.000	   19.730	  999.951
 1866.345	 1866.340	  527.888	   -0.004	   18.539	   18.540	    0.000	    0.000	   18.540	 1000.053
 1886.322	 1886.320	  527.888	   -0.005	   19.977	   19.980	    0.000	   -0.000	   19.980	 1000.147
 1907.890	 1907.890	  527.888	   -0.004	   21.568	   21.570	    0.000	    0.000	   21.570	 1000.091
 1928.156	 1928.150	  527.888	    0.041	   20.266	   20.260	    0.000	    0.045	   20.260	  999.705
 1948.078	 1948.070	  529.261	   -0.026	   19.922	   19.920	    1.373	   -0.067	   19.967	 1002.269
 1966.486	 1966.480	  529.261	   -0.026	   18.408	   18.410	    0.000	    0.000	   18.410	 1000.119
 1987.108	 1987.100	  529.270	    0.017	   20.622	   20.620	    0.009	    0.043	   20.620	  999.899
 2007.570	 2007.570	  527.888	   -0.005	   20.462	   20.470	   -1.383	   -0.022	   20.517	 1002.667
 2028.160	 2028.160	  527.888	   -0.004	   20.590	   20.590	    0.000	    0.000	   20.590	 1000.000
 2046.769	 2046.760	  527.888	   -0.004	   18.609	   18.600	    0.000	    0.000	   18.600	  999.508
 2066.660	 2066.650	  527.888	   -0.005	   19.891	   19.890	    0.000	   -0.000	   19.890	  999.963
 2087.414	 2087.410	  527.888	   -0.004	   20.754	   20.760	    0.000	    0.000	   20.760	 1000.282
 2106.077	 2106.070	  527.888	   -0.004	   18.663	   18.660	    0.000	    0.000	   18.660	  999.856
 2126.848	 2126.840	  527.888	   -0.004	   20.771	   20.770	    0.000	    0.000	   20.770	  999.953
 2147.518	 2147.510	  527.888	    0.039	   20.670	   20.670	    0.000	    0.044	   20.670	 1000.000
 2166.088	 2166.080	  527.888	    0.039	   18.570	   18.570	    0.000	    0.000	   18.570	  999.987
 2187.648	 2187.640	  527.888	   -0.004	   21.560	   21.560	    0.000	   -0.044	   21.560	  999.989
 2207.959	 2207.950	  527.888	   -0.005	   20.311	   20.310	    0.000	   -0.000	   20.310	  999.964
 2229.179	 2229.170	  527.888	   -0.005	   21.220	   21.220	    0.000	    0.000	   21.220	  999.989
 2247.454	 2247.450	  527.888	   -0.005	   18.275	   18.280	    0.000	    0.000	   18.280	 1000.294
 2267.780	 2267.780	  527.888	   -0.005	   20.326	   20.330	    0.000	    0.000	   20.330	 1000.192
 2289.001	 2289.000	  527.888	   -0.005	   21.221	   21.220	    0.000	    0.000	   21.220	  999.954
 2308.959	 2308.950	  527.888	    0.039	   19.958	   19.950	    0.000	    0.044	   19.950	  999.596
 2328.144	 2328.140	  527.888	    0.039	   19.185	   19.190	    0.000	    0.000	   19.190	 1000.255
 2350.877	 2350.870	  527.888	   -0.005	   22.733	   22.730	    0.000	   -0.044	   22.730	  999.882
 2370.932	 2370.930	  527.879	   -0.004	   20.055	   20.060	   -0.009	    0.001	   20.060	 1000.231
 2390.242	 2390.240	  527.888	   -0.005	   19.310	   19.310	    0.009	   -0.001	   19.310	 1000.000
 2410.685	 2410.680	  529.270	   -0.025	   20.443	   20.440	    1.383	   -0.021	   20.487	 1002.142
 2427.613	 2427.610	  529.270	   -0.025	   16.928	   16.930	    0.000	    0.000	   16.930	 1000.130
 2448.191	 2448.190	  527.888	   -0.004	   20.578	   20.580	   -1.383	    0.021	   20.626	 1002.349
 2468.478	 2468.470	  527.888	   -0.004	   20.287	   20.280	    0.000	    0.000	   20.280	  999.651
 2488.503	 2488.500	  527.888	   -0.004	   20.025	   20.030	    0.000	    0.000	   20.030	 1000.256
 2509.435	 2509.430	  527.888	   -0.004	   20.932	   20.930	    0.000	    0.000	   20.930	  999.895
 2526.670	 2526.670	  527.888	   -0.004	   17.235	   17.240	    0.000	    0.000	   17.240	 1000.297
 2548.292	 2548.290	  527.888	   -0.004	   21.622	   21.620	    0.000	    0.000	   21.620	  999.910
 2568.668	 2568.660	  527.888	   -0.005	   20.376	   20.370	    0.000	   -0.000	   20.370	  999.688
 2589.640	 2589.640	  527.888	    0.039	   20.972	   20.980	    0.000	    0.044	   20.980	 1000.384
 2608.290	 2608.290	  527.888	    0.039	   18.650	   18.650	    0.000	    0.000	   18.650	 1000.013
 2628.142	 2628.140	  527.888	   -0.005	   19.852	   19.850	    0.000	   -0.044	   19.850	  999.889
 2648.943	 2648.940	  527.888	   -0.004	   20.801	   20.800	    0.000	    0.000	   20.800	  999.965
 2668.708	 2668.700	  517.033	    2.388	   19.765	   19.760	  -10.855	    2.392	   22.545	 1140.659
 2689.948	 2689.940	  527.888	   -0.004	   21.240	   21.240	   10.855	   -2.392	   23.853	 1123.027
 2708.133	 2708.130	  527.888	   -0.004	   18.185	   18.190	    0.000	    0.000	   18.190	 1000.268
 2726.966	 2726.960	  527.888	   -0.004	   18.833	   18.830	    0.000	    0.000	   18.830	  999.844
 2747.669	 2747.660	  527.888	   -0.004	   20.703	   20.700	    0.000	    0.000	   20.700	  999.858
 2770.525	 2770.520	  527.888	   -0.004	   22.856	   22.860	    0.000	    0.000	   22.860	 1000.182
 2790.594	 2790.590	  527.888	   -0.004	   20.069	   20.070	    0.000	    0.000	   20.070	 1000.036
 2807.805	 2807.800	  527.888	   -0.004	   17.211	   17.210	    0.000	    0.000	   17.210	  999.943
 2828.026	 2828.020	  527.888	   -0.004	   20.221	   20.220	    0.000	    0.000	   20.220	  999.952
 2851.068	 2851.060	  527.888	   -0.005	   23.042	   23.040	    0.000	   -0.000	   23.040	  999.915
 2871.309	 2871.300	  527.888	   -0.005	   20.241	   20.240	    0.000	    0.000	   20.240	  999.952
 2890.975	 2890.970	  527.888	   -0.005	   19.666	   19.670	    0.000	    0.000	   19.670	 1000.199
 2909.453	 2909.450	  527.888	   -0.005	   18.478	   18.480	    0.000	    0.000	   18.480	 1000.106
 2929.392	 2929.390	  527.879	   -0.004	   19.939	   19.940	   -0.009	    0.001	   19.940	 1000.049
 2949.626	 2949.620	  527.888	   -0.005	   20.234	   20.230	    0.009	   -0.001	   20.230	  999.819
 2971.082	 2971.080	  527.888	   -0.004	   21.456	   21.460	    0.000	    0.000	   21.460	 1000.182
 2989.958	 2989.950	  527.888	   -0.004	   18.876	   18.870	    0.000	    0.000	   18.870	  999.677
 3009.302	 3009.300	  527.888	   -0.005	   19.344	   19.350	    0.000	   -0.000	   19.350	 1000.303
 3030.883	 3030.880	  529.270	    0.017	   21.581	   21.580	    1.383	    0.022	   21.624	 1002.005
 3051.383	 3051.380	  527.888	   -0.005	   20.500	   20.500	   -1.383	   -0.022	   20.547	 1002.272
 3071.035	 3071.030	  527.888	   -0.005	   19.652	   19.650	    0.000	    0.000	   19.650	  999.901
 3089.537	 3089.530	  527.888	   -0.005	   18.502	   18.500	    0.000	    0.000	   18.500	  999.894
 3109.476	 3109.470	  527.888	   -0.004	   19.939	   19.940	    0.000	    0.000	   19.940	 1000.049
 3130.128	 3130.120	  529.270	   -0.027	   20.652	   20.650	    1.383	   -0.022	   20.696	 1002.144
 3152.114	 3152.110	  527.888	   -0.005	   21.986	   21.990	   -1.383	    0.022	   22.033	 1002.153
 3169.559	 3169.550	  527.888	   -0.005	   17.445	   17.440	    0.000	    0.000	   17.440	  999.720
 3189.602	 3189.600	  527.888	   -0.005	   20.043	   20.050	    0.000	    0.000	   20.050	 1000.353
 3209.763	 3209.760	  527.888	    0.039	   20.161	   20.160	    0.000	    0.044	   20.160	  999.939
 3229.679	 3229.670	  527.888	   -0.005	   19.916	   19.910	    0.000	   -0.044	   19.910	  999.694
 3250.989	 3250.980	  527.888	   -0.005	   21.310	   21.310	    0.000	    0.000	   21.310	 1000.011
 3269.554	 3269.550	  527.888	   -0.005	   18.565	   18.570	    0.000	    0.000	   18.570	 1000.263
 3289.512	 3289.510	  527.888	   -0.005	   19.958	   19.960	    0.000	    0.000	   19.960	 1000.110
 3309.593	 3309.590	  529.270	   -0.025	   20.081	   20.080	    1.383	   -0.021	   20.128	 1002.319
 3331.142	 3331.140	  527.888	   -0.005	   21.549	   21.550	   -1.383	    0.021	   21.594	 1002.090
 3351.839	 3351.830	  527.888	    0.039	   20.697	   20.690	    0.000	    0.044	   20.690	  999.670
 3369.514	 3369.510	  527.888	    0.039	   17.675	   17.680	    0.000	    0.000	   17.680	 1000.290
 3389.753	 3389.750	  527.888	    0.039	   20.239	   20.240	    0.000	    0.000	   20.240	 1000.036
 3409.813	 3409.810	  527.888	   -0.005	   20.060	   20.060	    0.000	   -0.044	   20.060	 1000.012
 3430.255	 3430.250	  527.888	   -0.005	   20.442	   20.440	    0.000	    0.000	   20.440	  999.904
 3451.894	 3451.890	  527.888	   -0.005	   21.639	   21.640	    0.000	    0.000	   21.640	 1000.034
 3470.020	 3470.020	  527.888	   -0.005	   18.126	   18.130	    0.000	    0.000	   18.130	 1000.229
 3490.347	 3490.340	  527.888	   -0.004	   20.327	   20.320	    0.000	    0.000	   20.320	  999.652
 3511.286	 3511.280	  527.888	   -0.005	   20.939	   20.940	    0.000	   -0.000	   20.940	 1000.047
 3531.544	 3531.540	  527.888	   -0.004	   20.258	   20.260	    0.000	    0.000	   20.260	 1000.108
 3549.997	 3549.990	  527.888	   -0.004	   18.453	   18.450	    0.000	    0.000	   18.450	  999.828
 3570.658	 3570.650	  527.888	   -0.005	   20.661	   20.660	    0.000	   -0.000	   20.660	  999.953
 3589.956	 3589.950	  528.579	   -0.015	   19.298	   19.300	    0.691	   -0.010	   19.312	 1000.743
 3611.198	 3611.190	  527.888	   -0.004	   21.242	   21.240	   -0.691	    0.011	   21.251	 1000.438
 3632.173	 3632.170	  527.888	   -0.005	   20.975	   20.980	    0.000	   -0.000	   20.980	 1000.233
 3650.706	 3650.700	  527.888	   -0.005	   18.533	   18.530	    0.000	    0.000	   18.530	  999.842
 3670.771	 3670.770	  527.888	   -0.005	   20.065	   20.070	    0.000	    0.000	   20.070	 1000.243
 3692.044	 3692.040	  527.888	   -0.005	   21.273	   21.270	    0.000	    0.000	   21.270	  999.874
 3712.878	 3712.870	  527.888	    0.039	   20.834	   20.830	    0.000	    0.044	   20.830	  999.812
 3732.983	 3732.980	  527.888	   -0.005	   20.105	   20.110	    0.000	   -0.044	   20.110	 1000.231
 3751.339	 3751.330	  527.888	   -0.005	   18.356	   18.350	    0.000	    0.000	   18.350	  999.694
 3771.134	 3771.130	  527.879	   -0.004	   19.795	   19.800	   -0.009	    0.000	   19.800	 1000.222
 3791.308	 3791.300	  529.270	   -0.027	   20.174	   20.170	    1.392	   -0.022	   20.218	 1002.208
 3812.623	 3812.620	  529.270	   -0.027	   21.315	   21.320	    0.000	    0.000	   21.320	 1000.229
 3829.754	 3829.750	  529.270	   -0.027	   17.131	   17.130	    0.000	    0.000	   17.130	  999.929
 3849.818	 3849.810	  529.270	   -0.027	   20.064	   20.060	    0.000	    0.000	   20.060	  999.805
 3873.449	 3873.440	  527.888	   -0.005	   23.631	   23.630	   -1.383	    0.022	   23.670	 1001.659
 3893.281	 3893.280	  527.888	   -0.005	   19.832	   19.840	    0.000	    0.000	   19.840	 1000.419
 3913.213	 3913.210	  527.888	   -0.004	   19.932	   19.930	    0.000	    0.000	   19.930	  999.890
 3931.313	 3931.310	  527.888	   -0.004	   18.100	   18.100	    0.000	    0.000	   18.100	 1000.013
 3952.716	 3952.710	  527.888	   -0.004	   21.403	   21.400	    0.000	    0.000	   21.400	  999.852
 3972.901	 3972.900	  527.888	   -0.005	   20.185	   20.190	    0.000	   -0.000	   20.190	 1000.242
 3993.056	 3993.050	  527.888	   -0.004	   20.155	   20.150	    0.000	    0.000	   20.150	  999.758
 4014.988	 4014.980	  527.888	   -0.005	   21.932	   21.930	    0.000	   -0.000	   21.930	  999.911
 4033.154	 4033.150	  527.888	   -0.005	   18.166	   18.170	    0.000	    0.000	   18.170	 1000.215
 4053.333	 4053.330	  527.888	    0.039	   20.179	   20.180	    0.000	    0.044	   20.180	 1000.060
 4071.903	 4071.900	  527.888	    0.039	   18.570	   18.570	    0.000	    0.000	   18.570	  999.987
 4093.011	 4093.010	  527.888	    0.039	   21.108	   21.110	    0.000	    0.000	   21.110	 1000.104
 4116.071	 4116.070	  527.888	   -0.005	   23.060	   23.060	    0.000	   -0.044	   23.060	 1000.000
 4133.624	 4133.620	  527.888	   -0.005	   17.553	   17.550	    0.000	    0.000	   17.550	  999.833
 4153.569	 4153.560	  527.888	   -0.005	   19.945	   19.940	    0.000	    0.000	   19.940	  999.755
 4178.219	 4178.210	  529.266	   -0.026	   24.650	   24.650	    1.378	   -0.022	   24.688	 1001.561
 4195.245	 4195.240	  527.888	   -0.005	   17.026	   17.030	   -1.378	    0.022	   17.086	 1003.526
 4213.589	 4213.580	  527.888	   -0.005	   18.344	   18.340	    0.000	    0.000	   18.340	  999.760
 4233.460	 4233.460	  529.261	   -0.026	   19.871	   19.880	    1.373	   -0.021	   19.927	 1002.826
 4254.310	 4254.310	  527.888	   -0.005	   20.850	   20.850	   -1.373	    0.021	   20.895	 1002.167
 4275.484	 4275.480	  527.888	   -0.004	   21.174	   21.170	    0.000	    0.000	   21.170	  999.815
 4295.544	 4295.540	  527.888	    0.041	   20.060	   20.060	    0.000	    0.045	   20.060	 1000.000
 4313.676	 4313.670	  527.888	    0.041	   18.132	   18.130	    0.000	    0.000	   18.130	  999.892
 4335.198	 4335.190	  527.888	   -0.005	   21.522	   21.520	    0.000	   -0.046	   21.520	  999.909
 4355.374	 4355.370	  527.888	   -0.005	   20.176	   20.180	    0.000	    0.000	   20.180	 1000.194
 4375.385	 4375.380	  527.888	    0.039	   20.011	   20.010	    0.000	    0.044	   20.010	  999.951
 4396.238	 4396.230	  527.888	    0.039	   20.853	   20.850	    0.000	    0.000	   20.850	  999.859
 4413.923	 4413.920	  527.888	    0.039	   17.685	   17.690	    0.000	    0.000	   17.690	 1000.276
 4434.327	 4434.320	  527.888	    0.041	   20.404	   20.400	    0.000	    0.002	   20.400	  999.809
 4458.617	 4458.610	  527.888	   -0.005	   24.290	   24.290	    0.000	   -0.046	   24.290	 1000.000
 4477.028	 4477.020	  527.888	   -0.005	   18.411	   18.410	    0.000	    0.000	   18.410	  999.947
 4494.909	 4494.900	  527.888	   -0.005	   17.881	   17.880	    0.000	    0.000	   17.880	  999.945
 4514.133	 4514.130	  527.888	   -0.004	   19.224	   19.230	    0.000	    0.000	   19.230	 1000.305
 4533.453	 4533.450	  527.888	   -0.004	   19.320	   19.320	    0.000	    0.000	   19.320	 1000.025
 4553.897	 4553.890	  527.888	   -0.004	   20.444	   20.440	    0.000	    0.000	   20.440	  999.785
 4576.649	 4576.640	  527.888	   -0.005	   22.752	   22.750	    0.000	   -0.000	   22.750	  999.914
 4595.110	 4595.110	  527.888	   -0.005	   18.461	   18.470	    0.000	    0.000	   18.470	 1000.476
 4616.416	 4616.410	  527.888	    0.039	   21.306	   21.300	    0.000	    0.044	   21.300	  999.748
 4639.085	 4639.080	  527.888	   -0.004	   22.669	   22.670	    0.000	   -0.044	   22.670	 1000.022
 4657.295	 4657.290	  527.888	   -0.004	   18.210	   18.210	    0.000	    0.000	   18.210	 1000.000
 4678.654	 4678.650	  527.888	   -0.005	   21.359	   21.360	    0.000	   -0.000	   21.360	 1000.046
 4695.867	 4695.860	  527.888	   -0.005	   17.213	   17.210	    0.000	    0.000	   17.210	  999.830
 4715.978	 4715.970	  527.888	   -0.004	   20.111	   20.110	    0.000	    0.000	   20.110	  999.951
 4736.237	 4736.230	  527.888	   -0.004	   20.259	   20.260	    0.000	    0.000	   20.260	 1000.048
 4756.511	 4756.510	  527.888	   -0.004	   20.274	   20.280	    0.000	    0.000	   20.280	 1000.289
 4773.487	 4773.480	  527.888	   -0.004	   16.976	   16.970	    0.000	    0.000	   16.970	  999.655
 4793.589	 4793.580	  527.888	   -0.004	   20.102	   20.100	    0.000	    0.000	   20.100	  999.903
 4815.851	 4815.850	  529.270	   -0.027	   22.262	   22.270	    1.383	   -0.022	   22.313	 1002.299
 4835.851	 4835.850	  527.888	   -0.004	   20.000	   20.000	   -1.383	    0.022	   20.048	 1002.387
 4856.447	 4856.440	  527.888	   -0.005	   20.596	   20.590	    0.000	   -0.000	   20.590	  999.692
 4876.366	 4876.360	  527.888	   -0.005	   19.919	   19.920	    0.000	    0.000	   19.920	 1000.049
 4896.691	 4896.690	  527.888	   -0.005	   20.325	   20.330	    0.000	    0.000	   20.330	 1000.240
 4917.494	 4917.490	  527.888	   -0.005	   20.803	   20.800	    0.000	    0.000	   20.800	  999.883
 4935.597	 4935.590	  527.888	   -0.005	   18.103	   18.100	    0.000	    0.000	   18.100	  999.811
 4955.316	 4955.310	  527.888	   -0.005	   19.719	   19.720	    0.000	    0.000	   19.720	 1000.049
 4976.217	 4976.210	  527.888	   -0.005	   20.901	   20.900	    0.000	    0.000	   20.900	  999.953
 4997.188	 4997.180	  527.888	   -0.005	   20.971	   20.970	    0.000	    0.000	   20.970	  999.953
 5015.822	 5015.820	  527.888	   -0.004	   18.634	   18.640	    0.000	    0.000	   18.640	 1000.314
 5037.279	 5037.270	  527.888	   -0.005	   21.457	   21.450	    0.000	   -0.000	   21.450	  999.681
 5059.108	 5059.100	  527.879	   -0.004	   21.829	   21.830	   -0.009	    0.001	   21.830	 1000.045
 5076.212	 5076.210	  527.879	   -0.004	   17.104	   17.110	    0.000	    0.000	   17.110	 1000.343
 5097.750	 5097.740	  527.888	   -0.005	   21.538	   21.530	    0.009	   -0.001	   21.530	  999.660
 5117.480	 5117.480	  527.888	   -0.004	   19.730	   19.740	    0.000	    0.000	   19.740	 1000.470
 5137.521	 5137.520	  527.888	   -0.005	   20.041	   20.040	    0.000	   -0.000	   20.040	  999.951
 5156.893	 5156.890	  527.888	   -0.005	   19.372	   19.370	    0.000	    0.000	   19.370	  999.924
 5176.518	 5176.510	  529.270	   -0.027	   19.625	   19.620	    1.383	   -0.022	   19.668	 1002.206
 5198.483	 5198.480	  527.888	   -0.005	   21.965	   21.970	   -1.383	    0.022	   22.014	 1002.201
 5218.490	 5218.480	  527.888	   -0.005	   20.007	   20.000	    0.000	    0.000	   20.000	  999.658
 5238.709	 5238.700	  527.888	   -0.005	   20.219	   20.220	    0.000	    0.000	   20.220	 1000.048
 5256.957	 5256.950	  527.888	   -0.005	   18.248	   18.250	    0.000	    0.000	   18.250	 1000.107
 5276.958	 5276.950	  527.888	   -0.005	   20.001	   20.000	    0.000	    0.000	   20.000	  999.927
 5297.768	 5297.760	  527.888	   -0.005	   20.810	   20.810	    0.000	    0.000	   20.810	 1000.000
 5318.903	 5318.900	  527.888	   -0.005	   21.135	   21.140	    0.000	    0.000	   21.140	 1000.254
 5338.467	 5338.460	  527.888	   -0.005	   19.564	   19.560	    0.000	    0.000	   19.560	  999.800
 5355.417	 5355.410	  527.888	   -0.005	   16.950	   16.950	    0.000	    0.000	   16.950	 1000.000
 5376.951	 5376.950	  527.888	   -0.004	   21.534	   21.540	    0.000	    0.000	   21.540	 1000.295
 5398.819	 5398.810	  527.879	   -0.004	   21.868	   21.860	   -0.009	   -0.000	   21.860	  999.620
 5419.018	 5419.010	  529.270	   -0.027	   20.199	   20.200	    1.392	   -0.022	   20.248	 1002.420
 5437.146	 5437.140	  529.270	   -0.027	   18.128	   18.130	    0.000	    0.000	   18.130	 1000.135
 5456.964	 5456.960	  527.888	   -0.005	   19.818	   19.820	   -1.383	    0.022	   19.868	 1002.504
 5478.191	 5478.190	  527.888	   -0.005	   21.227	   21.230	    0.000	    0.000	   21.230	 1000.138
 5497.623	 5497.620	  527.888	   -0.005	   19.432	   19.430	    0.000	    0.000	   19.430	  999.925
 5518.799	 5518.790	  527.888	   -0.005	   21.176	   21.170	    0.000	    0.000	   21.170	  999.700
 5537.188	 5537.180	  527.888	   -0.005	   18.389	   18.390	    0.000	    0.000	   18.390	 1000.053
 5558.240	 5558.240	  529.270	   -0.027	   21.052	   21.060	    1.383	   -0.022	   21.105	 1002.548
 5578.244	 5578.240	  527.888	    0.039	   20.004	   20.000	   -1.383	    0.066	   20.048	 1002.191
 5598.319	 5598.310	  527.888	   -0.005	   20.075	   20.070	    0.000	   -0.044	   20.070	  999.732
 5619.149	 5619.140	  527.888	    0.039	   20.830	   20.830	    0.000	    0.044	   20.830	 1000.000
 5636.942	 5636.940	  527.888	    0.039	   17.793	   17.800	    0.000	    0.000	   17.800	 1000.384
 5658.252	 5658.250	  529.270	   -0.027	   21.310	   21.310	    1.383	   -0.066	   21.355	 1002.103
 5678.276	 5678.270	  527.888	   -0.005	   20.024	   20.020	   -1.383	    0.022	   20.068	 1002.186
 5698.450	 5698.450	  527.888	   -0.004	   20.174	   20.180	    0.000	    0.000	   20.180	 1000.315
 5717.305	 5717.300	  527.888	   -0.004	   18.855	   18.850	    0.000	    0.000	   18.850	  999.715
 5737.088	 5737.080	  527.879	   -0.004	   19.783	   19.780	   -0.009	    0.000	   19.780	  999.852
 5756.954	 5756.950	  527.888	    0.039	   19.866	   19.870	    0.009	    0.043	   19.870	 1000.221
 5778.388	 5778.380	  527.888	   -0.004	   21.434	   21.430	    0.000	   -0.044	   21.430	  999.795
 5798.667	 5798.660	  527.879	   -0.004	   20.279	   20.280	   -0.009	    0.000	   20.280	 1000.072
 5816.952	 5816.950	  527.879	   -0.004	   18.285	   18.290	    0.000	    0.000	   18.290	 1000.267
 5837.037	 5837.030	  527.888	   -0.005	   20.085	   20.080	    0.009	   -0.001	   20.080	  999.733
 5857.928	 5857.920	  527.888	   -0.004	   20.891	   20.890	    0.000	    0.000	   20.890	  999.953
 5877.388	 5877.380	  527.888	   -0.004	   19.460	   19.460	    0.000	    0.000	   19.460	 1000.000
 5895.636	 5895.630	  527.888	   -0.004	   18.248	   18.250	    0.000	    0.000	   18.250	 1000.107
 5915.601	 5915.600	  527.888	   -0.004	   19.965	   19.970	    0.000	    0.000	   19.970	 1000.269
 5935.524	 5935.520	  527.888	   -0.004	   19.923	   19.920	    0.000	    0.000	   19.920	  999.828
 5955.765	 5955.760	  527.888	   -0.004	   20.241	   20.240	    0.000	    0.000	   20.240	  999.952
 5975.635	 5975.630	  527.888	   -0.004	   19.870	   19.870	    0.000	    0.000	   19.870	 1000.000
 5997.278	 5997.270	  527.888	    0.039	   21.643	   21.640	    0.000	    0.044	   21.640	  999.865
 6017.238	 6017.230	  527.888	   -0.005	   19.960	   19.960	    0.000	   -0.044	   19.960	 1000.000
 6037.132	 6037.130	  527.888	   -0.005	   19.894	   19.900	    0.000	    0.000	   19.900	 1000.295
 6058.742	 6058.740	  527.888	   -0.005	   21.610	   21.610	    0.000	    0.000	   21.610	 1000.023
 6079.184	 6079.180	  527.888	   -0.005	   20.442	   20.440	    0.000	    0.000	   20.440	  999.904
 6097.671	 6097.670	  527.888	   -0.005	   18.487	   18.490	    0.000	    0.000	   18.490	 1000.132
 6117.748	 6117.740	  527.888	   -0.005	   20.077	   20.070	    0.000	    0.000	   20.070	  999.684
 6137.955	 6137.950	  527.888	   -0.004	   20.207	   20.210	    0.000	    0.000	   20.210	 1000.145
 6157.995	 6157.990	  527.888	   -0.005	   20.040	   20.040	    0.000	   -0.000	   20.040	 1000.000
 6180.044	 6180.040	  527.888	    0.039	   22.049	   22.050	    0.000	    0.044	   22.050	 1000.022
 6198.239	 6198.230	  527.888	    0.039	   18.195	   18.190	    0.000	    0.000	   18.190	  999.732
 6220.326	 6220.320	  527.888	   -0.004	   22.087	   22.090	    0.000	   -0.044	   22.090	 1000.133
 6241.876	 6241.870	  527.888	    0.039	   21.550	   21.550	    0.000	    0.044	   21.550	 1000.000
 6260.425	 6260.420	  527.888	   -0.005	   18.549	   18.550	    0.000	   -0.044	   18.550	 1000.053
 6278.191	 6278.190	  527.888	   -0.005	   17.766	   17.770	    0.000	    0.000	   17.770	 1000.220
 6296.608	 6296.600	  527.888	   -0.005	   18.417	   18.410	    0.000	    0.000	   18.410	  999.629
 6318.148	 6318.140	  527.888	   -0.005	   21.540	   21.540	    0.000	    0.000	   21.540	 1000.000
 6338.465	 6338.460	  527.888	   -0.004	   20.317	   20.320	    0.000	    0.000	   20.320	 1000.144
 6360.070	 6360.070	  527.888	   -0.004	   21.605	   21.610	    0.000	    0.000	   21.610	 1000.226
 6378.367	 6378.360	  527.888	   -0.004	   18.297	   18.290	    0.000	    0.000	   18.290	  999.626
 6398.107	 6398.100	  527.888	   -0.005	   19.740	   19.740	    0.000	   -0.000	   19.740	 1000.000
 6418.386	 6418.380	  527.888	   -0.004	   20.279	   20.280	    0.000	    0.000	   20.280	 1000.048
 6439.473	 6439.470	  527.888	   -0.005	   21.087	   21.090	    0.000	   -0.000	   21.090	 1000.139
 6460.435	 6460.430	  527.888	   -0.005	   20.962	   20.960	    0.000	    0.000	   20.960	  999.907
 6478.052	 6478.050	  527.888	   -0.005	   17.617	   17.620	    0.000	    0.000	   17.620	 1000.166
 6498.173	 6498.170	  527.888	   -0.005	   20.121	   20.120	    0.000	    0.000	   20.120	  999.951
 6521.772	 6521.770	  527.888	   -0.005	   23.599	   23.600	    0.000	    0.000	   23.600	 1000.041
 6540.051	 6540.050	  527.888	   -0.005	   18.279	   18.280	    0.000	    0.000	   18.280	 1000.053
 6558.448	 6558.440	  527.888	   -0.005	   18.397	   18.390	    0.000	    0.000	   18.390	  999.628
 6578.123	 6578.120	  527.888	   -0.004	   19.675	   19.680	    0.000	    0.000	   19.680	 1000.248
 6598.431	 6598.430	  527.888	    0.039	   20.308	   20.310	    0.000	    0.044	   20.310	 1000.120
 6619.175	 6619.170	  529.270	   -0.027	   20.744	   20.740	    1.383	   -0.066	   20.786	 1002.007
 6639.056	 6639.050	  527.879	   -0.004	   19.881	   19.880	   -1.392	    0.023	   19.929	 1002.399
 6658.073	 6658.070	  527.879	   -0.004	   19.017	   19.020	    0.000	    0.000	   19.020	 1000.154
 6679.632	 6679.630	  527.888	   -0.005	   21.559	   21.560	    0.009	   -0.001	   21.560	 1000.045
 6699.686	 6699.680	  527.888	   -0.005	   20.054	   20.050	    0.000	    0.000	   20.050	  999.805
 6719.919	 6719.910	  527.888	   -0.005	   20.233	   20.230	    0.000	    0.000	   20.230	  999.855
 6739.902	 6739.900	  527.888	   -0.005	   19.983	   19.990	    0.000	    0.000	   19.990	 1000.342
 6758.233	 6758.230	  527.888	   -0.005	   18.331	   18.330	    0.000	    0.000	   18.330	  999.947
 6778.362	 6778.360	  527.888	    0.039	   20.129	   20.130	    0.000	    0.044	   20.130	 1000.049
 6800.283	 6800.280	  527.888	   -0.005	   21.921	   21.920	    0.000	   -0.044	   21.920	  999.955
 6821.157	 6821.150	  527.888	   -0.005	   20.874	   20.870	    0.000	    0.000	   20.870	  999.813
 6838.325	 6838.320	  527.888	   -0.005	   17.168	   17.170	    0.000	    0.000	   17.170	 1000.114
 6858.255	 6858.250	  527.888	   -0.005	   19.930	   19.930	    0.000	    0.000	   19.930	 1000.000
 6879.186	 6879.180	  527.888	   -0.005	   20.931	   20.930	    0.000	    0.000	   20.930	  999.953
 6898.050	 6898.050	  527.888	   -0.005	   18.864	   18.870	    0.000	    0.000	   18.870	 1000.311
 6916.874	 6916.870	  527.888	   -0.005	   18.824	   18.820	    0.000	    0.000	   18.820	  999.818
 6938.228	 6938.220	  527.888	   -0.004	   21.354	   21.350	    0.000	    0.000	   21.350	  999.794
 6958.125	 6958.120	  527.888	   -0.005	   19.897	   19.900	    0.000	   -0.000	   19.900	 1000.147
 6979.684	 6979.680	  527.888	   -0.004	   21.559	   21.560	    0.000	    0.000	   21.560	 1000.045
 6999.825	 6999.820	  527.888	   -0.005	   20.141	   20.140	    0.000	   -0.000	   20.140	  999.952
 7020.388	 7020.380	  527.888	   -0.004	   20.563	   20.560	    0.000	    0.000	   20.560	  999.858
 7038.063	 7038.060	  527.888	   -0.004	   17.675	   17.680	    0.000	    0.000	   17.680	 1000.276
 7059.875	 7059.870	  527.888	   -0.005	   21.812	   21.810	    0.000	   -0.000	   21.810	  999.910
 7080.007	 7080.000	  528.579	   -0.016	   20.132	   20.130	    0.691	   -0.011	   20.142	 1000.492
 7099.912	 7099.910	  527.888	    0.039	   19.905	   19.910	   -0.691	    0.055	   19.922	 1000.873
 7118.262	 7118.260	  527.888	    0.039	   18.350	   18.350	    0.000	    0.000	   18.350	  999.973
 7138.169	 7138.160	  527.888	   -0.005	   19.907	   19.900	    0.000	   -0.044	   19.900	  999.657
 7159.074	 7159.070	  527.888	    0.039	   20.905	   20.910	    0.000	    0.044	   20.910	 1000.234
 7179.916	 7179.910	  527.888	   -0.005	   20.842	   20.840	    0.000	   -0.044	   20.840	  999.906
 7200.448	 7200.440	  527.888	   -0.005	   20.532	   20.530	    0.000	    0.000	   20.530	  999.905
 7218.486	 7218.480	  527.888	   -0.005	   18.038	   18.040	    0.000	    0.000	   18.040	 1000.108
 7239.988	 7239.980	  527.888	   -0.004	   21.502	   21.500	    0.000	    0.000	   21.500	  999.909
 7260.012	 7260.010	  527.888	    0.039	   20.024	   20.030	    0.000	    0.044	   20.030	 1000.293
 7280.103	 7280.100	  527.888	   -0.004	   20.091	   20.090	    0.000	   -0.044	   20.090	  999.976
 7301.078	 7301.070	  527.888	   -0.004	   20.975	   20.970	    0.000	    0.000	   20.970	  999.744
 7318.347	 7318.340	  527.888	   -0.005	   17.269	   17.270	    0.000	   -0.000	   17.270	 1000.057
 7339.746	 7339.740	  527.888	   -0.005	   21.399	   21.400	    0.000	    0.000	   21.400	 1000.068
 7359.650	 7359.650	  527.888	   -0.005	   19.904	   19.910	    0.000	    0.000	   19.910	 1000.270
 7380.135	 7380.130	  527.888	   -0.005	   20.485	   20.480	    0.000	    0.000	   20.480	  999.762
 7398.681	 7398.680	  527.888	   -0.005	   18.546	   18.550	    0.000	    0.000	   18.550	 1000.237
 7418.555	 7418.550	  527.888	   -0.005	   19.874	   19.870	    0.000	    0.000	   19.870	  999.779
 7438.452	 7438.450	  527.888	    0.039	   19.897	   19.900	    0.000	    0.044	   19.900	 1000.172
 7459.318	 7459.310	  527.888	   -0.005	   20.866	   20.860	    0.000	   -0.044	   20.860	  999.696
 7483.287	 7483.280	  527.888	   -0.004	   23.969	   23.970	    0.000	    0.000	   23.970	 1000.020
 7501.407	 7501.400	  527.888	   -0.004	   18.120	   18.120	    0.000	    0.000	   18.120	 1000.027
 7521.177	 7521.170	  527.888	   -0.004	   19.770	   19.770	    0.000	    0.000	   19.770	 1000.000
 7542.352	 7542.350	  527.888	   -0.005	   21.175	   21.180	    0.000	   -0.000	   21.180	 1000.254
 7562.951	 7562.950	  527.888	   -0.005	   20.599	   20.600	    0.000	    0.000	   20.600	 1000.047
 7582.987	 7582.980	  527.888	    0.039	   20.036	   20.030	    0.000	    0.044	   20.030	  999.683
 7601.913	 7601.910	  527.888	    0.039	   18.926	   18.930	    0.000	    0.000	   18.930	 1000.232
 7622.546	 7622.540	  527.888	   -0.004	   20.633	   20.630	    0.000	   -0.044	   20.630	  999.834
 7641.442	 7641.440	  527.888	   -0.004	   18.896	   18.900	    0.000	    0.000	   18.900	 1000.207
 7663.505	 7663.500	  527.888	   -0.004	   22.063	   22.060	    0.000	    0.000	   22.060	  999.867
 7682.973	 7682.970	  527.888	   -0.004	   19.468	   19.470	    0.000	    0.000	   19.470	 1000.100
 7700.139	 7700.130	  527.888	   -0.004	   17.166	   17.160	    0.000	    0.000	   17.160	  999.659
 7721.746	 7721.740	  527.888	   -0.005	   21.607	   21.610	    0.000	   -0.000	   21.610	 1000.158
 7742.194	 7742.190	  529.270	   -0.025	   20.448	   20.450	    1.383	   -0.021	   20.496	 1002.355
 7763.144	 7763.140	  527.888	    0.039	   20.950	   20.950	   -1.383	    0.065	   20.996	 1002.199
 7783.632	 7783.630	  527.888	    0.039	   20.488	   20.490	    0.000	    0.000	   20.490	 1000.071
 7802.092	 7802.090	  527.888	    0.039	   18.460	   18.460	    0.000	    0.000	   18.460	 1000.000
 7823.262	 7823.260	  527.888	   -0.004	   21.170	   21.170	    0.000	   -0.044	   21.170	 1000.000
 7845.341	 7845.340	  527.888	   -0.005	   22.079	   22.080	    0.000	   -0.000	   22.080	 1000.044
 7864.610	 7864.610	  527.888	   -0.005	   19.269	   19.270	    0.000	    0.000	   19.270	 1000.051
 7880.528	 7880.520	  527.888	   -0.005	   15.918	   15.910	    0.000	    0.000	   15.910	  999.509
 7900.583	 7900.580	  527.888	   -0.005	   20.055	   20.060	    0.000	    0.000	   20.060	 1000.243
 7923.096	 7923.090	  527.888	   -0.005	   22.513	   22.510	    0.000	    0.000	   22.510	  999.870
 7943.382	 7943.380	  527.888	   -0.005	   20.286	   20.290	    0.000	    0.000	   20.290	 1000.193
 7960.660	 7960.650	  527.888	   -0.005	   17.278	   17.270	    0.000	    0.000	   17.270	  999.548
 7982.390	 7982.380	  529.270	   -0.027	   21.730	   21.730	    1.383	   -0.022	   21.774	 1002.022
 8002.468	 8002.460	  527.888	   -0.005	   20.078	   20.080	   -1.383	    0.022	   20.128	 1002.465
 8024.296	 8024.290	  527.888	   -0.005	   21.828	   21.830	    0.000	    0.000	   21.830	 1000.089
 8042.954	 8042.950	  527.888	   -0.005	   18.658	   18.660	    0.000	    0.000	   18.660	 1000.131
 8065.201	 8065.200	  527.888	   -0.004	   22.247	   22.250	    0.000	    0.000	   22.250	 1000.132
 8082.351	 8082.350	  527.888	   -0.004	   17.150	   17.150	    0.000	    0.000	   17.150	 1000.000
 8103.649	 8103.640	  527.888	   -0.004	   21.298	   21.290	    0.000	    0.000	   21.290	  999.610
 8123.814	 8123.810	  527.879	   -0.004	   20.165	   20.170	   -0.009	   -0.000	   20.170	 1000.242
 8143.858	 8143.850	  527.888	   -0.005	   20.044	   20.040	    0.009	   -0.000	   20.040	  999.805
 8162.242	 8162.240	  527.888	   -0.005	   18.384	   18.390	    0.000	    0.000	   18.390	 1000.345
 8183.432	 8183.430	  527.879	   -0.004	   21.190	   21.190	   -0.009	    0.000	   21.190	 1000.000
 8205.307	 8205.300	  527.888	   -0.004	   21.875	   21.870	    0.009	    0.000	   21.870	  999.755
 8224.496	 8224.490	  527.888	   -0.004	   19.189	   19.190	    0.000	    0.000	   19.190	 1000.051
 8245.215	 8245.210	  527.888	   -0.004	   20.719	   20.720	    0.000	    0.000	   20.720	 1000.047
 8262.388	 8262.380	  527.888	   -0.004	   17.173	   17.170	    0.000	    0.000	   17.170	  999.829
 8282.198	 8282.190	  529.261	   -0.025	   19.811	   19.811	    1.373	   -0.020	   19.858	 1002.400
 8302.445	 8302.440	  527.888	   -0.005	   20.247	   20.250	   -1.373	    0.020	   20.297	 1002.442
 8322.843	 8322.840	  527.888	   -0.004	   20.397	   20.399	    0.000	    0.000	   20.399	 1000.096
 8342.521	 8342.520	  527.888	   -0.004	   19.678	   19.680	    0.000	    0.000	   19.680	 1000.099
 8362.616	 8362.610	  527.888	    0.039	   20.096	   20.091	    0.000	    0.044	   20.091	  999.757
 8380.734	 8380.730	  527.888	    0.039	   18.118	   18.120	    0.000	    0.000	   18.120	 1000.108
 8401.029	 8401.020	  527.888	   -0.004	   20.295	   20.289	    0.000	   -0.044	   20.289	  999.711
 8424.707	 8424.700	  529.270	   -0.027	   23.678	   23.681	    1.383	   -0.022	   23.721	 1001.827
 8442.221	 8442.220	  529.270	   -0.027	   17.514	   17.520	    0.000	    0.000	   17.520	 1000.335
 8462.699	 8462.690	  529.261	   -0.025	   20.479	   20.471	   -0.009	    0.002	   20.471	  999.619
 8484.309	 8484.300	  527.888	   -0.005	   21.609	   21.609	   -1.373	    0.020	   21.653	 1002.017
 8503.549	 8503.540	  527.888	   -0.005	   19.240	   19.240	    0.000	    0.000	   19.240	 1000.000
 8528.289	 8528.280	  527.888	   -0.005	   24.740	   24.740	    0.000	    0.000	   24.740	 1000.000
 8542.488	 8542.480	  527.888	   -0.005	   14.199	   14.200	    0.000	    0.000	   14.200	 1000.069
 8562.741	 8562.740	  527.879	    0.039	   20.253	   20.260	   -0.009	    0.043	   20.260	 1000.338
 8582.900	 8582.900	  527.888	   -0.004	   20.159	   20.160	    0.009	   -0.043	   20.160	 1000.049
 8601.512	 8601.510	  527.888	   -0.004	   18.611	   18.609	    0.000	    0.000	   18.609	  999.895
 8621.637	 8621.630	  527.888	   -0.004	   20.125	   20.120	    0.000	    0.000	   20.120	  999.757
 8641.618	 8641.610	  527.888	   -0.004	   19.981	   19.980	    0.000	    0.000	   19.980	  999.951
 8661.665	 8661.660	  527.888	   -0.004	   20.047	   20.050	    0.000	    0.000	   20.050	 1000.146
 8684.604	 8684.600	  527.888	   -0.005	   22.939	   22.939	    0.000	   -0.000	   22.939	 1000.000
 8704.807	 8704.800	  527.888	   -0.005	   20.202	   20.200	    0.000	    0.000	   20.200	  999.903
 8723.229	 8723.220	  527.888	   -0.005	   18.422	   18.420	    0.000	    0.000	   18.420	  999.894
 8743.683	 8743.680	  527.888	    0.039	   20.454	   20.460	    0.000	    0.044	   20.460	 1000.286
 8765.259	 8765.250	  529.270	   -0.027	   21.576	   21.570	    1.383	   -0.066	   21.615	 1001.780
 8785.636	 8785.630	  529.261	   -0.025	   20.377	   20.380	   -0.009	    0.002	   20.380	 1000.144
 8806.229	 8806.220	  527.888	   -0.004	   20.594	   20.590	   -1.373	    0.020	   20.636	 1002.031
 8825.865	 8825.860	  527.888	   -0.004	   19.636	   19.641	    0.000	    0.000	   19.641	 1000.249
 8846.173	 8846.170	  527.879	   -0.004	   20.308	   20.310	   -0.009	    0.000	   20.310	 1000.096
 8865.912	 8865.910	  527.888	   -0.004	   19.739	   19.740	    0.009	   -0.000	   19.740	 1000.050
 8887.655	 8887.650	  527.888	   -0.005	   21.743	   21.740	    0.000	   -0.000	   21.740	  999.865
 8907.824	 8907.820	  527.888	   -0.005	   20.169	   20.170	    0.000	    0.000	   20.170	 1000.048
 8925.924	 8925.920	  527.888	   -0.005	   18.100	   18.100	    0.000	    0.000	   18.100	 1000.000
 8946.160	 8946.160	  529.270	   -0.027	   20.236	   20.240	    1.383	   -0.022	   20.287	 1002.524
 8966.569	 8966.560	  527.888	    0.039	   20.409	   20.399	   -1.383	    0.066	   20.446	 1001.815
 8986.561	 8986.560	  527.888	   -0.005	   19.991	   20.000	    0.000	   -0.044	   20.000	 1000.440
 9008.558	 9008.550	  527.888	   -0.004	   21.997	   21.990	    0.000	    0.000	   21.990	  999.689
 9026.000	 9026.000	  527.888	   -0.004	   17.442	   17.450	    0.000	    0.000	   17.450	 1000.448
 9046.217	 9046.210	  527.888	   -0.004	   20.217	   20.210	    0.000	    0.000	   20.210	  999.662
 9066.390	 9066.380	  529.270	   -0.027	   20.173	   20.170	    1.383	   -0.022	   20.217	 1002.201
 9088.572	 9088.570	  527.888	   -0.005	   22.183	   22.190	   -1.383	    0.022	   22.233	 1002.292
 9106.374	 9106.370	  527.888	   -0.005	   17.802	   17.800	    0.000	    0.000	   17.800	  999.890
 9126.564	 9126.560	  527.888	    0.039	   20.190	   20.189	    0.000	    0.044	   20.189	  999.952
 9146.291	 9146.290	  527.888	   -0.005	   19.727	   19.730	    0.000	   -0.044	   19.730	 1000.198
 9166.420	 9166.420	  527.888	   -0.005	   20.129	   20.130	    0.000	    0.000	   20.130	 1000.049
 9188.337	 9188.330	  523.731	    0.838	   21.917	   21.910	   -4.156	    0.843	   22.301	 1017.516
 9206.373	 9206.370	  523.731	    0.838	   18.036	   18.040	    0.000	    0.000	   18.040	 1000.217
 9226.770	 9226.760	  527.888	   -0.005	   20.396	   20.390	    4.156	   -0.843	   20.809	 1020.223
 9247.013	 9247.010	  527.888	   -0.005	   20.243	   20.250	    0.000	    0.000	   20.250	 1000.338
 9266.812	 9266.810	  527.888	   -0.005	   19.799	   19.800	    0.000	    0.000	   19.800	 1000.049
 9285.048	 9285.040	  527.888	   -0.005	   18.236	   18.230	    0.000	    0.000	   18.230	  999.679
 9306.510	 9306.510	  527.888	    0.039	   21.462	   21.470	    0.000	    0.044	   21.470	 1000.364
 9327.457	 9327.450	  527.888	   -0.005	   20.947	   20.940	    0.000	   -0.044	   20.940	  999.674
 9347.783	 9347.780	  527.888	    0.039	   20.326	   20.330	    0.000	    0.044	   20.330	 1000.192
 9368.382	 9368.380	  527.888	   -0.004	   20.599	   20.600	    0.000	   -0.044	   20.600	 1000.047
 9386.707	 9386.700	  527.888	   -0.004	   18.325	   18.320	    0.000	    0.000	   18.320	  999.734
 9406.622	 9406.620	  527.888	   -0.005	   19.915	   19.920	    0.000	   -0.000	   19.920	 1000.245
 9426.836	 9426.830	  527.888	   -0.004	   20.214	   20.210	    0.000	    0.000	   20.210	  999.807
 9448.788	 9448.780	  527.888	   -0.005	   21.952	   21.950	    0.000	   -0.000	   21.950	  999.911
 9468.951	 9468.950	  527.888	   -0.004	   20.163	   20.170	    0.000	    0.000	   20.170	 1000.339
 9486.304	 9486.300	  527.888	   -0.004	   17.353	   17.350	    0.000	    0.000	   17.350	  999.831
 9506.764	 9506.760	  527.888	   -0.005	   20.460	   20.460	    0.000	   -0.000	   20.460	 1000.000
 9527.318	 9527.310	  527.888	   -0.004	   20.555	   20.550	    0.000	    0.000	   20.550	  999.762
 9549.319	 9549.310	  527.888	   -0.004	   22.001	   22.000	    0.000	    0.000	   22.000	  999.956
 9564.946	 9564.940	  527.888	   -0.004	   15.627	   15.631	    0.000	    0.000	   15.631	 1000.250
 9585.908	 9585.900	  527.888	   -0.004	   20.962	   20.960	    0.000	    0.000	   20.960	  999.907
 9607.811	 9607.810	  527.888	   -0.005	   21.902	   21.909	    0.000	   -0.000	   21.909	 1000.312
 9627.400	 9627.400	  527.888	   -0.005	   19.590	   19.591	    0.000	    0.000	   19.591	 1000.050
 9651.812	 9651.810	  527.888	   -0.005	   24.411	   24.409	    0.000	    0.000	   24.409	  999.920
 9666.627	 9666.620	  527.888	   -0.005	   14.815	   14.811	    0.000	    0.000	   14.811	  999.670
 9688.472	 9688.470	  527.888	   -0.004	   21.845	   21.850	    0.000	    0.000	   21.850	 1000.224
 9707.930	 9707.930	  527.888	    0.039	   19.458	   19.460	    0.000	    0.044	   19.460	 1000.100
 9728.160	 9728.160	  527.888	   -0.005	   20.230	   20.230	    0.000	   -0.044	   20.230	 1000.000
 9749.791	 9749.790	  527.888	   -0.004	   21.631	   21.630	    0.000	    0.000	   21.630	  999.955
 9766.567	 9766.560	  527.888	   -0.004	   16.776	   16.770	    0.000	    0.000	   16.770	  999.593
 9787.101	 9787.100	  527.888	   -0.005	   20.533	   20.540	    0.000	   -0.000	   20.540	 1000.333
 9807.614	 9807.610	  527.888	   -0.004	   20.514	   20.511	    0.000	    0.000	   20.511	  999.857
 9828.409	 9828.400	  527.888	   -0.004	   20.795	   20.790	    0.000	    0.000	   20.790	  999.765
 9849.494	 9849.490	  527.879	   -0.004	   21.085	   21.090	   -0.009	   -0.000	   21.090	 1000.232
 9867.490	 9867.490	  527.879	   -0.004	   17.996	   18.000	    0.000	    0.000	   18.000	 1000.217
 9888.799	 9888.790	  527.888	   -0.005	   21.309	   21.300	    0.009	   -0.000	   21.300	  999.588
 9909.414	 9909.410	  527.888	   -0.005	   20.615	   20.620	    0.000	    0.000	   20.620	 1000.237
 9929.812	 9929.810	  527.888	   -0.005	   20.398	   20.399	    0.000	    0.000	   20.399	 1000.048
 9950.709	 9950.700	  527.888	   -0.005	   20.896	   20.891	    0.000	    0.000	   20.891	  999.720
 9969.280	 9969.280	  527.888	   -0.005	   18.571	   18.580	    0.000	    0.000	   18.580	 1000.473
 9987.814	 9987.810	  527.888	   -0.005	   18.534	   18.529	    0.000	    0.000	   18.529	  999.737
10008.078	10008.070	  527.888	   -0.005	   20.264	   20.261	    0.000	    0.000	   20.261	  999.855
10031.771	10031.770	  527.888	   -0.005	   23.692	   23.699	    0.000	    0.000	   23.699	 1000.289
10049.715	10049.710	  527.888	   -0.005	   17.944	   17.940	    0.000	    0.000	   17.940	  999.782
10069.411	10069.410	  527.888	   -0.005	   19.696	   19.700	    0.000	    0.000	   19.700	 1000.198
10089.631	10089.630	  527.879	   -0.004	   20.220	   20.220	   -0.009	    0.000	   20.220	 1000.000
10109.668	10109.660	  527.888	   -0.005	   20.037	   20.030	    0.009	   -0.000	   20.030	  999.659
10129.645	10129.640	  527.888	   -0.004	   19.977	   19.979	    0.000	    0.000	   19.979	 1000.147
10149.338	10149.330	  527.888	   -0.004	   19.693	   19.690	    0.000	    0.000	   19.690	  999.851
10171.222	10171.220	  527.888	   -0.004	   21.884	   21.890	    0.000	    0.000	   21.890	 1000.268
10191.266	10191.260	  529.261	   -0.026	   20.044	   20.040	    1.373	   -0.022	   20.087	 1002.150
10211.364	10211.360	  527.888	   -0.005	   20.099	   20.101	   -1.373	    0.021	   20.147	 1002.428
10233.271	10233.270	  527.888	   -0.004	   21.906	   21.909	    0.000	    0.000	   21.909	 1000.134
10249.425	10249.420	  527.888	   -0.004	   16.154	   16.150	    0.000	    0.000	   16.150	  999.758
10269.679	10269.670	  527.888	   -0.004	   20.254	   20.250	    0.000	    0.000	   20.250	  999.807
10289.863	10289.860	  527.888	   -0.004	   20.185	   20.190	    0.000	    0.000	   20.190	 1000.290
10308.440	10308.440	  527.888	   -0.004	   18.577	   18.580	    0.000	    0.000	   18.580	 1000.158
10329.562	10329.560	  527.888	   -0.005	   21.121	   21.119	    0.000	   -0.000	   21.119	  999.908
10349.570	10349.570	  527.888	   -0.004	   20.009	   20.011	    0.000	    0.000	   20.011	 1000.098
10369.529	10369.520	  527.888	   -0.004	   19.959	   19.949	    0.000	    0.000	   19.949	  999.511
10389.895	10389.890	  527.888	   -0.005	   20.365	   20.370	    0.000	   -0.000	   20.370	 1000.240
10412.279	10412.270	  527.888	   -0.004	   22.385	   22.380	    0.000	    0.000	   22.380	  999.782
10429.303	10429.300	  527.888	   -0.004	   17.023	   17.030	    0.000	    0.000	   17.030	 1000.402
10450.058	10450.050	  527.888	   -0.005	   20.755	   20.750	    0.000	   -0.000	   20.750	  999.765
10471.107	10471.100	  527.888	    0.039	   21.050	   21.050	    0.000	    0.044	   21.050	 1000.000
10491.273	10491.270	  527.888	   -0.004	   20.166	   20.170	    0.000	   -0.044	   20.170	 1000.194
10511.302	10511.300	  529.270	   -0.027	   20.028	   20.030	    1.383	   -0.022	   20.078	 1002.477
10529.604	10529.600	  529.270	   -0.027	   18.302	   18.300	    0.000	    0.000	   18.300	  999.893
10550.819	10550.810	  527.888	   -0.005	   21.216	   21.210	   -1.383	    0.022	   21.255	 1001.846
10572.311	10572.310	  527.888	   -0.005	   21.491	   21.500	    0.000	    0.000	   21.500	 1000.409
10591.391	10591.390	  527.888	   -0.004	   19.080	   19.080	    0.000	    0.000	   19.080	 1000.000
10609.910	10609.910	  527.888	   -0.004	   18.520	   18.521	    0.000	    0.000	   18.521	 1000.053
10629.680	10629.680	  527.888	   -0.005	   19.770	   19.770	    0.000	   -0.000	   19.770	 1000.000
10650.862	10650.860	  527.888	   -0.005	   21.183	   21.181	    0.000	    0.000	   21.181	  999.908
10672.826	10672.820	  527.888	   -0.005	   21.964	   21.960	    0.000	    0.000	   21.960	  999.822
10692.765	10692.760	  527.888	    0.039	   19.938	   19.939	    0.000	    0.044	   19.939	 1000.049
10709.881	10709.880	  527.888	    0.039	   17.116	   17.120	    0.000	    0.000	   17.120	 1000.228
10729.453	10729.450	  527.888	    0.039	   19.572	   19.570	    0.000	    0.000	   19.570	  999.900
10749.733	10749.730	  527.888	   -0.005	   20.280	   20.280	    0.000	   -0.044	   20.280	 1000.000
10770.420	10770.420	  527.888	   -0.005	   20.687	   20.689	    0.000	    0.000	   20.689	 1000.142
10792.591	10792.590	  527.888	   -0.005	   22.171	   22.170	    0.000	    0.000	   22.170	  999.956
10809.611	10809.610	  527.888	   -0.005	   17.021	   17.021	    0.000	    0.000	   17.021	 1000.000
10831.317	10831.310	  527.888	   -0.004	   21.706	   21.699	    0.000	    0.000	   21.699	  999.685
10851.301	10851.300	  527.888	    0.039	   19.983	   19.990	    0.000	    0.044	   19.990	 1000.342
10871.356	10871.350	  527.888	   -0.004	   20.056	   20.050	    0.000	   -0.044	   20.050	  999.708
10889.649	10889.650	  527.888	   -0.004	   18.293	   18.301	    0.000	    0.000	   18.301	 1000.427
10909.761	10909.760	  527.888	   -0.005	   20.111	   20.109	    0.000	   -0.000	   20.109	  999.903
10931.401	10931.400	  527.888	   -0.004	   21.641	   21.641	    0.000	    0.000	   21.641	 1000.000
10948.305	10948.300	  527.888	   -0.004	   16.903	   16.899	    0.000	    0.000	   16.899	  999.769
10968.237	10968.230	  527.888	   -0.004	   19.933	   19.931	    0.000	    0.000	   19.931	  999.902
10989.689	10989.690	  527.888	   -0.005	   21.452	   21.460	    0.000	   -0.000	   21.460	 1000.364
11011.829	11011.820	  527.888	   -0.004	   22.140	   22.130	    0.000	    0.000	   22.130	  999.559
11031.946	11031.940	  527.888	   -0.004	   20.117	   20.120	    0.000	    0.000	   20.120	 1000.146
11052.200	11052.200	  527.888	   -0.004	   20.254	   20.260	    0.000	    0.000	   20.260	 1000.289
11071.709	11071.700	  527.888	   -0.005	   19.509	   19.500	    0.000	   -0.000	   19.500	  999.549
11089.889	11089.880	  527.888	   -0.005	   18.180	   18.180	    0.000	    0.000	   18.180	 1000.000
11110.103	11110.100	  527.888	    0.039	   20.214	   20.220	    0.000	    0.044	   20.220	 1000.290
11130.124	11130.120	  527.888	   -0.005	   20.021	   20.021	    0.000	   -0.044	   20.021	  999.951
11151.280	11151.280	  527.888	   -0.004	   21.156	   21.160	    0.000	    0.000	   21.160	 1000.185
11169.812	11169.810	  527.888	   -0.004	   18.532	   18.529	    0.000	    0.000	   18.529	  999.842
11190.515	11190.510	  527.888	   -0.005	   20.702	   20.700	    0.000	   -0.000	   20.700	  999.906
11210.879	11210.870	  527.888	   -0.005	   20.364	   20.360	    0.000	    0.000	   20.360	  999.808
11231.319	11231.310	  527.888	   -0.005	   20.440	   20.439	    0.000	    0.000	   20.439	  999.952
11251.586	11251.580	  527.888	   -0.005	   20.267	   20.271	    0.000	    0.000	   20.271	 1000.193
11268.562	11268.560	  527.888	   -0.005	   16.976	   16.979	    0.000	    0.000	   16.979	 1000.230
11290.430	11290.430	  527.888	   -0.004	   21.868	   21.870	    0.000	    0.000	   21.870	 1000.089
11310.296	11310.290	  529.270	   -0.027	   19.866	   19.860	    1.383	   -0.022	   19.908	 1002.125
11332.575	11332.570	  527.888	    0.039	   22.279	   22.280	   -1.383	    0.066	   22.323	 1001.968
11352.021	11352.020	  527.888	    0.039	   19.445	   19.449	    0.000	    0.000	   19.449	 1000.201
11370.138	11370.130	  527.888	   -0.004	   18.117	   18.110	    0.000	   -0.044	   18.110	  999.623
11390.445	11390.440	  527.888	   -0.004	   20.308	   20.311	    0.000	    0.000	   20.311	 1000.144
11410.401	11410.400	  527.888	   -0.005	   19.956	   19.960	    0.000	   -0.000	   19.960	 1000.196
11430.569	11430.560	  527.888	   -0.004	   20.168	   20.159	    0.000	    0.000	   20.159	  999.564
11450.365	11450.360	  527.888	   -0.004	   19.796	   19.801	    0.000	    0.000	   19.801	 1000.247
11470.216	11470.210	  527.888	   -0.004	   19.851	   19.850	    0.000	    0.000	   19.850	  999.951
11491.326	11491.320	  527.888	   -0.005	   21.110	   21.110	    0.000	   -0.000	   21.110	 1000.000
11511.740	11511.740	  527.888	   -0.005	   20.414	   20.420	    0.000	    0.000	   20.420	 1000.287
11531.891	11531.890	  527.888	   -0.005	   20.150	   20.149	    0.000	    0.000	   20.149	  999.952
11550.407	11550.400	  527.888	   -0.005	   18.517	   18.511	    0.000	    0.000	   18.511	  999.684
11570.297	11570.290	  527.888	   -0.005	   19.890	   19.890	    0.000	    0.000	   19.890	 1000.000
11590.506	11590.500	  527.888	   -0.005	   20.209	   20.210	    0.000	    0.000	   20.210	 1000.048
11609.216	11609.210	  527.888	   -0.005	   18.710	   18.710	    0.000	    0.000	   18.710	 1000.000
11629.206	11629.200	  527.888	   -0.005	   19.990	   19.990	    0.000	    0.000	   19.990	 1000.000
11650.698	11650.690	  527.888	   -0.005	   21.492	   21.490	    0.000	    0.000	   21.490	  999.909
11669.203	11669.200	  527.888	   -0.005	   18.505	   18.510	    0.000	    0.000	   18.510	 1000.264
11690.729	11690.730	  527.888	   -0.005	   21.526	   21.530	    0.000	    0.000	   21.530	 1000.181
11713.548	11713.540	  527.888	   -0.004	   22.818	   22.810	    0.000	    0.000	   22.810	  999.615
11730.949	11730.940	  527.888	   -0.004	   17.401	   17.400	    0.000	    0.000	   17.400	  999.944
11751.562	11751.560	  527.888	   -0.004	   20.612	   20.619	    0.000	    0.000	   20.619	 1000.332
11772.475	11772.470	  527.888	   -0.004	   20.913	   20.910	    0.000	    0.000	   20.910	  999.860
11791.367	11791.360	  527.888	   -0.004	   18.893	   18.891	    0.000	    0.000	   18.891	  999.897
11812.748	11812.740	  527.888	   -0.004	   21.381	   21.380	    0.000	    0.000	   21.380	  999.954
11832.896	11832.890	  527.888	   -0.004	   20.147	   20.149	    0.000	    0.000	   20.149	 1000.097
11853.035	11853.030	  527.888	   -0.005	   20.140	   20.141	    0.000	   -0.000	   20.141	 1000.048
11873.435	11873.430	  527.888	   -0.005	   20.399	   20.399	    0.000	    0.000	   20.399	 1000.000
11893.590	11893.590	  527.888	   -0.005	   20.155	   20.160	    0.000	    0.000	   20.160	 1000.242
11914.436	11914.430	  527.888	   -0.005	   20.846	   20.840	    0.000	    0.000	   20.840	  999.719
11931.275	11931.270	  527.888	   -0.005	   16.840	   16.840	    0.000	    0.000	   16.840	 1000.000
11951.422	11951.420	  527.888	   -0.005	   20.146	   20.150	    0.000	    0.000	   20.150	 1000.194
11974.696	11974.690	  527.888	    0.041	   23.274	   23.271	    0.000	    0.046	   23.271	  999.832
11994.716	11994.710	  527.888	   -0.005	   20.020	   20.020	    0.000	   -0.046	   20.020	 1000.000
12014.646	12014.640	  527.888	   -0.004	   19.931	   19.930	    0.000	    0.000	   19.930	  999.951
12032.835	12032.830	  527.888	   -0.004	   18.188	   18.190	    0.000	    0.000	   18.190	 1000.107
12052.855	12052.850	  527.879	   -0.004	   20.021	   20.020	   -0.009	   -0.000	   20.020	  999.951
12072.864	12072.860	  527.888	   -0.004	   20.009	   20.011	    0.009	    0.000	   20.011	 1000.098
12094.693	12094.690	  527.888	   -0.004	   21.829	   21.830	    0.000	    0.000	   21.830	 1000.045
12112.913	12112.910	  527.888	   -0.004	   18.220	   18.220	    0.000	    0.000	   18.220	 1000.000
12132.946	12132.940	  527.888	   -0.004	   20.033	   20.030	    0.000	    0.000	   20.030	  999.854
12154.272	12154.270	  528.579	   -0.016	   21.326	   21.329	    0.691	   -0.011	   21.340	 1000.663
12174.324	12174.320	  527.888	   -0.004	   20.052	   20.051	   -0.691	    0.011	   20.063	 1000.546
12194.537	12194.530	  527.888	   -0.005	   20.213	   20.210	    0.000	   -0.000	   20.210	  999.855
12213.136	12213.130	  527.888	   -0.005	   18.599	   18.600	    0.000	    0.000	   18.600	 1000.052
12234.469	12234.460	  527.888	   -0.005	   21.333	   21.330	    0.000	    0.000	   21.330	  999.863
12255.451	12255.450	  527.888	   -0.005	   20.982	   20.990	    0.000	    0.000	   20.990	 1000.372
12274.156	12274.150	  527.888	   -0.005	   18.705	   18.700	    0.000	    0.000	   18.700	  999.739
12295.245	12295.240	  527.888	   -0.005	   21.089	   21.090	    0.000	    0.000	   21.090	 1000.046
12311.363	12311.360	  527.888	   -0.005	   16.118	   16.120	    0.000	    0.000	   16.120	 1000.121
12331.448	12331.440	  527.888	   -0.005	   20.085	   20.080	    0.000	    0.000	   20.080	  999.757
12353.689	12353.690	  527.888	   -0.004	   22.241	   22.250	    0.000	    0.000	   22.250	 1000.395
12377.101	12377.100	  527.888	   -0.005	   23.411	   23.409	    0.000	   -0.000	   23.409	  999.917
12392.893	12392.890	  527.888	   -0.005	   15.792	   15.790	    0.000	    0.000	   15.790	  999.876
12414.048	12414.040	  527.888	   -0.004	   21.155	   21.150	    0.000	    0.000	   21.150	  999.769
12431.336	12431.330	  527.888	   -0.004	   17.288	   17.290	    0.000	    0.000	   17.290	 1000.113
12451.451	12451.450	  527.888	   -0.004	   20.115	   20.120	    0.000	    0.000	   20.120	 1000.243
12483.562	12483.560	  527.888	   -0.004	   32.111	   32.109	    0.000	    0.000	   32.109	  999.939
12494.063	12494.060	  527.888	   -0.004	   10.501	   10.500	    0.000	    0.000	   10.500	  999.907
12514.095	12514.090	  527.879	   -0.004	   20.031	   20.030	   -0.009	    0.000	   20.030	  999.951
12533.027	12533.020	  527.879	   -0.004	   18.933	   18.930	    0.000	    0.000	   18.930	  999.845
12557.312	12557.310	  527.888	   -0.004	   24.285	   24.290	    0.009	   -0.000	   24.290	 1000.201
12574.726	12574.720	  527.888	    0.039	   17.413	   17.410	    0.000	    0.044	   17.410	  999.832
12593.268	12593.260	  527.888	    0.039	   18.542	   18.540	    0.000	    0.000	   18.540	  999.895
12613.232	12613.230	  527.888	   -0.004	   19.965	   19.971	    0.000	   -0.044	   19.971	 1000.293
12634.768	12634.760	  527.888	   -0.004	   21.535	   21.529	    0.000	    0.000	   21.529	  999.728
12655.565	12655.560	  527.888	    0.039	   20.798	   20.800	    0.000	    0.044	   20.800	 1000.094
12674.295	12674.290	  527.888	    0.039	   18.729	   18.730	    0.000	    0.000	   18.730	 1000.052
12693.833	12693.830	  527.888	    0.039	   19.538	   19.540	    0.000	    0.000	   19.540	 1000.100
12717.110	12717.110	  527.888	   -0.004	   23.277	   23.280	    0.000	   -0.044	   23.280	 1000.126
12736.896	12736.890	  527.888	   -0.004	   19.785	   19.779	    0.000	    0.000	   19.779	  999.704
12757.436	12757.430	  527.888	   -0.004	   20.540	   20.540	    0.000	    0.000	   20.540	 1000.000
12773.847	12773.840	  527.888	   -0.004	   16.411	   16.410	    0.000	    0.000	   16.410	  999.940
12795.554	12795.550	  527.888	    0.039	   21.707	   21.710	    0.000	    0.044	   21.710	 1000.135
12815.641	12815.640	  527.888	   -0.004	   20.087	   20.090	    0.000	   -0.044	   20.090	 1000.146
12836.532	12836.530	  527.888	   -0.004	   20.892	   20.891	    0.000	    0.000	   20.891	  999.953
12855.701	12855.700	  527.888	   -0.004	   19.169	   19.170	    0.000	    0.000	   19.170	 1000.051
12876.896	12876.890	  527.888	   -0.004	   21.195	   21.189	    0.000	    0.000	   21.189	  999.724
12897.322	12897.320	  527.888	   -0.004	   20.426	   20.431	    0.000	    0.000	   20.431	 1000.239
12917.333	12917.330	  527.888	   -0.004	   20.011	   20.010	    0.000	    0.000	   20.010	  999.951
12937.526	12937.520	  527.888	   -0.005	   20.193	   20.189	    0.000	   -0.000	   20.189	  999.807
12959.543	12959.540	  527.888	   -0.004	   22.017	   22.021	    0.000	    0.000	   22.021	 1000.177
12977.070	12977.070	  527.888	   -0.004	   17.527	   17.530	    0.000	    0.000	   17.530	 1000.167
12995.441	12995.440	  527.888	   -0.004	   18.371	   18.370	    0.000	    0.000	   18.370	  999.947
13016.966	13016.960	  527.888	   -0.004	   21.524	   21.520	    0.000	    0.000	   21.520	  999.773
13037.031	13037.030	  527.888	   -0.005	   20.065	   20.070	    0.000	   -0.000	   20.070	 1000.243
13057.167	13057.160	  527.888	   -0.005	   20.136	   20.130	    0.000	    0.000	   20.130	  999.709
13076.974	13076.970	  527.888	   -0.004	   19.807	   19.810	    0.000	    0.000	   19.810	 1000.148
13099.240	13099.240	  527.888	   -0.005	   22.267	   22.271	    0.000	   -0.000	   22.271	 1000.175
13118.853	13118.850	  527.888	   -0.004	   19.612	   19.609	    0.000	    0.000	   19.609	  999.851
13139.156	13139.150	  527.888	   -0.005	   20.304	   20.301	    0.000	   -0.000	   20.301	  999.856
13156.965	13156.960	  527.888	   -0.005	   17.809	   17.810	    0.000	    0.000	   17.810	 1000.055
13177.986	13177.980	  529.270	   -0.027	   21.021	   21.021	    1.383	   -0.022	   21.066	 1002.114
13197.722	13197.720	  527.888	   -0.005	   19.735	   19.739	   -1.383	    0.022	   19.788	 1002.649
13220.844	13220.840	  527.888	    0.039	   23.122	   23.120	    0.000	    0.044	   23.120	  999.916
13240.960	13240.960	  527.888	    0.039	   20.116	   20.120	    0.000	    0.000	   20.120	 1000.194
13256.940	13256.940	  527.888	    0.039	   15.980	   15.980	    0.000	    0.000	   15.980	 1000.000
13277.206	13277.200	  527.888	   -0.005	   20.266	   20.260	    0.000	   -0.044	   20.260	  999.711
13298.001	13298.000	  527.888	   -0.004	   20.795	   20.800	    0.000	    0.000	   20.800	 1000.235
13318.943	13318.940	  527.888	   -0.005	   20.942	   20.940	    0.000	   -0.000	   20.940	  999.907
13337.857	13337.850	  527.888	   -0.005	   18.914	   18.909	    0.000	    0.000	   18.909	  999.742
13357.290	13357.290	  527.888	   -0.004	   19.433	   19.440	    0.000	    0.000	   19.440	 1000.402
13378.855	13378.850	  527.888	   -0.005	   21.565	   21.560	    0.000	   -0.000	   21.560	  999.728
13399.184	13399.180	  527.888	   -0.005	   20.328	   20.330	    0.000	    0.000	   20.330	 1000.096
13418.861	13418.860	  527.888	   -0.004	   19.678	   19.681	    0.000	    0.000	   19.681	 1000.149
13437.103	13437.100	  527.888	   -0.004	   18.241	   18.239	    0.000	    0.000	   18.239	  999.893
13457.405	13457.400	  527.888	   -0.005	   20.303	   20.301	    0.000	   -0.000	   20.301	  999.904
13477.463	13477.460	  527.888	   -0.004	   20.058	   20.060	    0.000	    0.000	   20.060	 1000.097
13498.889	13498.880	  527.888	   -0.005	   21.426	   21.420	    0.000	   -0.000	   21.420	  999.727
13519.873	13519.870	  529.261	   -0.026	   20.984	   20.990	    1.373	   -0.021	   21.035	 1002.418
13537.461	13537.460	  529.261	   -0.026	   17.588	   17.590	    0.000	    0.000	   17.590	 1000.111
13559.714	13559.710	  527.888	   -0.004	   22.253	   22.250	   -1.373	    0.022	   22.292	 1001.771
13579.983	13579.980	  527.888	   -0.004	   20.270	   20.271	    0.000	    0.000	   20.271	 1000.048
13596.447	13596.440	  527.888	   -0.004	   16.464	   16.460	    0.000	    0.000	   16.460	  999.763
13616.134	13616.130	  527.888	   -0.004	   19.687	   19.689	    0.000	    0.000	   19.689	 1000.149
13636.642	13636.640	  527.888	   -0.004	   20.508	   20.510	    0.000	    0.000	   20.510	 1000.095
13656.201	13656.200	  527.888	   -0.004	   19.560	   19.561	    0.000	    0.000	   19.561	 1000.050
13679.590	13679.590	  527.888	   -0.005	   23.389	   23.390	    0.000	   -0.000	   23.390	 1000.042
13700.378	13700.370	  527.879	   -0.004	   20.788	   20.780	   -0.009	    0.001	   20.780	  999.624
13717.648	13717.640	  527.879	   -0.004	   17.271	   17.270	    0.000	    0.000	   17.270	  999.943
13737.752	13737.750	  527.888	   -0.005	   20.104	   20.110	    0.009	   -0.001	   20.110	 1000.340
13758.176	13758.170	  527.888	   -0.004	   20.424	   20.420	    0.000	    0.000	   20.420	  999.809
13778.543	13778.540	  527.888	   -0.004	   20.367	   20.370	    0.000	    0.000	   20.370	 1000.144
13799.435	13799.430	  527.888	   -0.004	   20.892	   20.890	    0.000	    0.000	   20.890	  999.906
13818.099	13818.090	  527.888	   -0.004	   18.664	   18.660	    0.000	    0.000	   18.660	  999.791
13839.303	13839.300	  527.888	   -0.005	   21.204	   21.210	    0.000	   -0.000	   21.210	 1000.276
13859.350	13859.350	  527.888	    0.039	   20.047	   20.050	    0.000	    0.044	   20.050	 1000.146
13879.591	13879.590	  527.888	   -0.005	   20.241	   20.240	    0.000	   -0.044	   20.240	  999.952
13897.777	13897.770	  527.888	   -0.005	   18.187	   18.180	    0.000	    0.000	   18.180	  999.624
13916.102	13916.100	  527.888	   -0.005	   18.324	   18.330	    0.000	    0.000	   18.330	 1000.320
13937.557	13937.550	  527.888	   -0.004	   21.455	   21.450	    0.000	    0.000	   21.450	  999.772
13959.068	13959.060	  527.888	   -0.005	   21.512	   21.510	    0.000	   -0.000	   21.510	  999.909
13976.732	13976.730	  527.888	   -0.005	   17.664	   17.671	    0.000	    0.000	   17.671	 1000.387
13996.779	13996.770	  527.888	   -0.005	   20.047	   20.039	    0.000	    0.000	   20.039	  999.610
14016.782	14016.780	  527.888	   -0.005	   20.003	   20.011	    0.000	    0.000	   20.011	 1000.391
14036.986	14036.980	  527.888	   -0.005	   20.204	   20.200	    0.000	    0.000	   20.200	  999.807
14061.075	14061.070	  527.888	   -0.005	   24.089	   24.090	    0.000	    0.000	   24.090	 1000.041
14081.271	14081.270	  527.888	    0.039	   20.196	   20.199	    0.000	    0.044	   20.199	 1000.145
14098.353	14098.350	  527.888	    0.039	   17.081	   17.080	    0.000	    0.000	   17.080	  999.943
14119.204	14119.200	  527.888	   -0.005	   20.852	   20.851	    0.000	   -0.044	   20.851	  999.953
14140.626	14140.620	  527.888	   -0.004	   21.422	   21.420	    0.000	    0.000	   21.420	  999.909
14159.541	14159.540	  527.888	   -0.005	   18.915	   18.920	    0.000	   -0.000	   18.920	 1000.258
14181.812	14181.810	  527.888	   -0.005	   22.271	   22.270	    0.000	    0.000	   22.270	  999.912
14199.344	14199.340	  527.888	   -0.005	   17.531	   17.530	    0.000	    0.000	   17.530	  999.944
14219.678	14219.670	  527.888	   -0.004	   20.334	   20.330	    0.000	    0.000	   20.330	  999.808
14240.484	14240.480	  527.888	   -0.004	   20.807	   20.811	    0.000	    0.000	   20.811	 1000.188
14261.379	14261.370	  527.888	   -0.004	   20.895	   20.890	    0.000	    0.000	   20.890	  999.766
14279.569	14279.560	  527.888	   -0.004	   18.190	   18.189	    0.000	    0.000	   18.189	  999.946
14299.338	14299.330	  529.270	   -0.027	   19.769	   19.771	    1.383	   -0.022	   19.819	 1002.541
14319.647	14319.640	  527.888	   -0.004	   20.310	   20.310	   -1.383	    0.022	   20.357	 1002.315
14342.332	14342.330	  527.888	    0.039	   22.685	   22.690	    0.000	    0.044	   22.690	 1000.258
14360.770	14360.770	  527.888	   -0.004	   18.438	   18.439	    0.000	   -0.044	   18.439	 1000.106
14379.426	14379.420	  527.888	   -0.004	   18.656	   18.650	    0.000	    0.000	   18.650	  999.686
    0.000	    0.000	    0.000	    0.000	14379.426	14379.420	   -1.373	   -0.021	14396.106	717809.250
