     Time	    Pos x	    Pos y	    Angle	Diff Time	Diff Posx	Diff Posy	Diff Angl	Diff Long	Rel Speed	Rel AnSpd	
0.000000000000000000e+00	-1.711950000000000045e+03	3.028100000000000023e+02	2.149999999999999911e+00	0.000000000000000000e+00	0.000000000000000000e+00	0.000000000000000000e+00	0.000000000000000000e+00	0.000000000000000000e+00	0.000000000000000000e+00	0.000000000000000000e+00
2.005999999999999872e+01	-1.711950000000000045e+03	3.028100000000000023e+02	2.149999999999999911e+00	2.005999999999999872e+01	0.000000000000000000e+00	0.000000000000000000e+00	0.000000000000000000e+00	-0.000000000000000000e+00	-0.000000000000000000e+00	0.000000000000000000e+00
3.834000000000000341e+01	-1.711950000000000045e+03	3.028100000000000023e+02	2.149999999999999911e+00	1.828999999999999915e+01	0.000000000000000000e+00	0.000000000000000000e+00	0.000000000000000000e+00	-0.000000000000000000e+00	-0.000000000000000000e+00	0.000000000000000000e+00
6.182000000000000028e+01	-1.711950000000000045e+03	3.028100000000000023e+02	2.149999999999999911e+00	2.348000000000000043e+01	0.000000000000000000e+00	0.000000000000000000e+00	0.000000000000000000e+00	-0.000000000000000000e+00	-0.000000000000000000e+00	0.000000000000000000e+00
7.979999999999999716e+01	-1.741930000000000064e+03	3.135000000000000000e+02	2.999999999999999889e-02	1.798000000000000043e+01	-2.998000000000000043e+01	1.068999999999999950e+01	-2.120000000000000107e+00	-3.182999999999999829e+01	-1.770279999999999973e+03	-1.179300000000000068e+02
9.998000000000000398e+01	-1.741930000000000064e+03	3.135000000000000000e+02	8.800000000000000044e-01	2.017999999999999972e+01	0.000000000000000000e+00	0.000000000000000000e+00	8.499999999999999778e-01	-0.000000000000000000e+00	-0.000000000000000000e+00	4.222999999999999687e+01
1.183700000000000045e+02	-1.741940000000000055e+03	3.148999999999999773e+02	0.000000000000000000e+00	1.839000000000000057e+01	-2.000000000000000042e-02	1.389999999999999902e+00	-8.800000000000000044e-01	-1.389999999999999902e+00	-7.576000000000000512e+01	-4.759000000000000341e+01
1.382700000000000102e+02	-1.741940000000000055e+03	3.148999999999999773e+02	0.000000000000000000e+00	1.989999999999999858e+01	0.000000000000000000e+00	0.000000000000000000e+00	0.000000000000000000e+00	-0.000000000000000000e+00	-0.000000000000000000e+00	0.000000000000000000e+00
1.583400000000000034e+02	-1.741940000000000055e+03	3.148999999999999773e+02	0.000000000000000000e+00	2.007000000000000028e+01	0.000000000000000000e+00	0.000000000000000000e+00	0.000000000000000000e+00	-0.000000000000000000e+00	-0.000000000000000000e+00	0.000000000000000000e+00
1.784799999999999898e+02	-1.741930000000000064e+03	3.135000000000000000e+02	8.599999999999999867e-01	2.014000000000000057e+01	2.000000000000000042e-02	-1.389999999999999902e+00	8.599999999999999867e-01	1.389999999999999902e+00	6.918999999999999773e+01	4.259000000000000341e+01
2.029300000000000068e+02	-1.741940000000000055e+03	3.148999999999999773e+02	0.000000000000000000e+00	2.444999999999999929e+01	-2.000000000000000042e-02	1.389999999999999902e+00	-8.599999999999999867e-01	-1.389999999999999902e+00	-5.699000000000000199e+01	-3.507999999999999829e+01
2.184099999999999966e+02	-1.741940000000000055e+03	3.148999999999999773e+02	0.000000000000000000e+00	1.547000000000000064e+01	0.000000000000000000e+00	0.000000000000000000e+00	0.000000000000000000e+00	-0.000000000000000000e+00	-0.000000000000000000e+00	0.000000000000000000e+00
2.383799999999999955e+02	-1.741930000000000064e+03	3.135000000000000000e+02	2.999999999999999889e-02	1.996999999999999886e+01	2.000000000000000042e-02	-1.389999999999999902e+00	2.000000000000000042e-02	1.389999999999999902e+00	6.976000000000000512e+01	1.169999999999999929e+00
2.603199999999999932e+02	-1.741930000000000064e+03	3.135000000000000000e+02	2.999999999999999889e-02	2.194000000000000128e+01	0.000000000000000000e+00	0.000000000000000000e+00	0.000000000000000000e+00	-0.000000000000000000e+00	-0.000000000000000000e+00	0.000000000000000000e+00
2.787900000000000205e+02	-1.741930000000000064e+03	3.135000000000000000e+02	2.999999999999999889e-02	1.848000000000000043e+01	0.000000000000000000e+00	0.000000000000000000e+00	0.000000000000000000e+00	-0.000000000000000000e+00	-0.000000000000000000e+00	0.000000000000000000e+00
2.996499999999999773e+02	-1.741930000000000064e+03	3.135000000000000000e+02	2.999999999999999889e-02	2.085999999999999943e+01	0.000000000000000000e+00	0.000000000000000000e+00	-0.000000000000000000e+00	-0.000000000000000000e+00	-0.000000000000000000e+00	-2.999999999999999889e-02
3.184700000000000273e+02	-1.741930000000000064e+03	3.135000000000000000e+02	2.999999999999999889e-02	1.882000000000000028e+01	0.000000000000000000e+00	0.000000000000000000e+00	0.000000000000000000e+00	-0.000000000000000000e+00	-0.000000000000000000e+00	2.999999999999999889e-02
3.387099999999999795e+02	-1.741930000000000064e+03	3.135000000000000000e+02	9.399999999999999467e-01	2.023999999999999844e+01	0.000000000000000000e+00	0.000000000000000000e+00	9.100000000000000311e-01	-0.000000000000000000e+00	-0.000000000000000000e+00	4.510999999999999943e+01
3.586899999999999977e+02	-1.741930000000000064e+03	3.135000000000000000e+02	2.999999999999999889e-02	1.998000000000000043e+01	0.000000000000000000e+00	0.000000000000000000e+00	-9.100000000000000311e-01	-0.000000000000000000e+00	-0.000000000000000000e+00	-4.570000000000000284e+01
3.794399999999999977e+02	-1.741930000000000064e+03	3.135000000000000000e+02	2.999999999999999889e-02	2.073999999999999844e+01	0.000000000000000000e+00	0.000000000000000000e+00	0.000000000000000000e+00	-0.000000000000000000e+00	-0.000000000000000000e+00	0.000000000000000000e+00
3.986499999999999773e+02	-1.741930000000000064e+03	3.135000000000000000e+02	2.999999999999999889e-02	1.921999999999999886e+01	0.000000000000000000e+00	0.000000000000000000e+00	0.000000000000000000e+00	-0.000000000000000000e+00	-0.000000000000000000e+00	0.000000000000000000e+00
4.186299999999999955e+02	-1.741930000000000064e+03	3.135000000000000000e+02	2.999999999999999889e-02	1.998000000000000043e+01	0.000000000000000000e+00	0.000000000000000000e+00	0.000000000000000000e+00	-0.000000000000000000e+00	-0.000000000000000000e+00	0.000000000000000000e+00
4.394100000000000250e+02	-1.741930000000000064e+03	3.135000000000000000e+02	2.999999999999999889e-02	2.078000000000000114e+01	0.000000000000000000e+00	0.000000000000000000e+00	0.000000000000000000e+00	-0.000000000000000000e+00	-0.000000000000000000e+00	0.000000000000000000e+00
4.610600000000000023e+02	-1.741930000000000064e+03	3.135000000000000000e+02	2.999999999999999889e-02	2.164999999999999858e+01	0.000000000000000000e+00	0.000000000000000000e+00	0.000000000000000000e+00	-0.000000000000000000e+00	-0.000000000000000000e+00	0.000000000000000000e+00
4.808500000000000227e+02	-1.741930000000000064e+03	3.135000000000000000e+02	2.999999999999999889e-02	1.978999999999999915e+01	0.000000000000000000e+00	0.000000000000000000e+00	0.000000000000000000e+00	-0.000000000000000000e+00	-0.000000000000000000e+00	0.000000000000000000e+00
4.988399999999999750e+02	-1.741930000000000064e+03	3.135000000000000000e+02	2.999999999999999889e-02	1.798999999999999844e+01	0.000000000000000000e+00	0.000000000000000000e+00	0.000000000000000000e+00	-0.000000000000000000e+00	-0.000000000000000000e+00	0.000000000000000000e+00
5.207500000000000000e+02	-1.741930000000000064e+03	3.135000000000000000e+02	2.999999999999999889e-02	2.191000000000000014e+01	0.000000000000000000e+00	0.000000000000000000e+00	0.000000000000000000e+00	-0.000000000000000000e+00	-0.000000000000000000e+00	0.000000000000000000e+00
5.393700000000000045e+02	-1.741930000000000064e+03	3.135000000000000000e+02	2.999999999999999889e-02	1.862000000000000099e+01	0.000000000000000000e+00	0.000000000000000000e+00	0.000000000000000000e+00	-0.000000000000000000e+00	-0.000000000000000000e+00	0.000000000000000000e+00
5.601000000000000227e+02	-1.741930000000000064e+03	3.135000000000000000e+02	8.599999999999999867e-01	2.073000000000000043e+01	0.000000000000000000e+00	0.000000000000000000e+00	8.299999999999999600e-01	-0.000000000000000000e+00	-0.000000000000000000e+00	4.025000000000000000e+01
5.804500000000000455e+02	-1.741930000000000064e+03	3.135000000000000000e+02	2.999999999999999889e-02	2.035000000000000142e+01	0.000000000000000000e+00	0.000000000000000000e+00	-8.299999999999999600e-01	-0.000000000000000000e+00	-0.000000000000000000e+00	-4.100999999999999801e+01
5.992799999999999727e+02	-1.741930000000000064e+03	3.135000000000000000e+02	2.999999999999999889e-02	1.883999999999999986e+01	0.000000000000000000e+00	0.000000000000000000e+00	0.000000000000000000e+00	-0.000000000000000000e+00	-0.000000000000000000e+00	0.000000000000000000e+00
6.203700000000000045e+02	-1.741930000000000064e+03	3.135000000000000000e+02	2.999999999999999889e-02	2.108999999999999986e+01	0.000000000000000000e+00	0.000000000000000000e+00	0.000000000000000000e+00	-0.000000000000000000e+00	-0.000000000000000000e+00	0.000000000000000000e+00
6.402200000000000273e+02	-1.740529999999999973e+03	3.135299999999999727e+02	2.999999999999999889e-02	1.985000000000000142e+01	1.389999999999999902e+00	2.000000000000000042e-02	0.000000000000000000e+00	1.389999999999999902e+00	7.006000000000000227e+01	1.000000000000000021e-02
6.608099999999999454e+02	-1.741930000000000064e+03	3.135000000000000000e+02	2.999999999999999889e-02	2.058999999999999986e+01	-1.389999999999999902e+00	-2.000000000000000042e-02	-0.000000000000000000e+00	-1.389999999999999902e+00	-6.754000000000000625e+01	-1.000000000000000021e-02
6.793899999999999864e+02	-1.741930000000000064e+03	3.135000000000000000e+02	2.999999999999999889e-02	1.857999999999999829e+01	0.000000000000000000e+00	0.000000000000000000e+00	0.000000000000000000e+00	-0.000000000000000000e+00	-0.000000000000000000e+00	0.000000000000000000e+00
6.992899999999999636e+02	-1.741940000000000055e+03	3.148999999999999773e+02	0.000000000000000000e+00	1.989999999999999858e+01	-2.000000000000000042e-02	1.389999999999999902e+00	-2.000000000000000042e-02	-1.389999999999999902e+00	-6.995000000000000284e+01	-1.169999999999999929e+00
7.196399999999999864e+02	-1.741930000000000064e+03	3.135000000000000000e+02	2.999999999999999889e-02	2.035000000000000142e+01	2.000000000000000042e-02	-1.389999999999999902e+00	2.000000000000000042e-02	1.389999999999999902e+00	6.840000000000000568e+01	1.149999999999999911e+00
7.402300000000000182e+02	-1.741930000000000064e+03	3.135000000000000000e+02	2.999999999999999889e-02	2.057999999999999829e+01	0.000000000000000000e+00	0.000000000000000000e+00	0.000000000000000000e+00	-0.000000000000000000e+00	-0.000000000000000000e+00	0.000000000000000000e+00
7.622000000000000455e+02	-1.741930000000000064e+03	3.135000000000000000e+02	2.999999999999999889e-02	2.198000000000000043e+01	0.000000000000000000e+00	0.000000000000000000e+00	0.000000000000000000e+00	-0.000000000000000000e+00	-0.000000000000000000e+00	0.000000000000000000e+00
7.797999999999999545e+02	-1.741930000000000064e+03	3.135000000000000000e+02	2.999999999999999889e-02	1.760000000000000142e+01	0.000000000000000000e+00	0.000000000000000000e+00	0.000000000000000000e+00	-0.000000000000000000e+00	-0.000000000000000000e+00	0.000000000000000000e+00
8.005399999999999636e+02	-1.741930000000000064e+03	3.135000000000000000e+02	2.999999999999999889e-02	2.073999999999999844e+01	0.000000000000000000e+00	0.000000000000000000e+00	0.000000000000000000e+00	-0.000000000000000000e+00	-0.000000000000000000e+00	0.000000000000000000e+00
8.209299999999999500e+02	-1.740529999999999973e+03	3.135299999999999727e+02	2.999999999999999889e-02	2.039000000000000057e+01	1.389999999999999902e+00	2.000000000000000042e-02	0.000000000000000000e+00	1.389999999999999902e+00	6.820999999999999375e+01	1.000000000000000021e-02
8.408799999999999955e+02	-1.741930000000000064e+03	3.135000000000000000e+02	2.999999999999999889e-02	1.994999999999999929e+01	-1.389999999999999902e+00	-2.000000000000000042e-02	-0.000000000000000000e+00	-1.389999999999999902e+00	-6.970000000000000284e+01	-1.000000000000000021e-02
8.620499999999999545e+02	-1.741930000000000064e+03	3.135000000000000000e+02	2.999999999999999889e-02	2.117000000000000171e+01	0.000000000000000000e+00	0.000000000000000000e+00	0.000000000000000000e+00	-0.000000000000000000e+00	-0.000000000000000000e+00	0.000000000000000000e+00
8.799099999999999682e+02	-1.741930000000000064e+03	3.135000000000000000e+02	9.200000000000000400e-01	1.785000000000000142e+01	0.000000000000000000e+00	0.000000000000000000e+00	8.900000000000000133e-01	-0.000000000000000000e+00	-0.000000000000000000e+00	5.002000000000000313e+01
9.012100000000000364e+02	-1.741930000000000064e+03	3.135000000000000000e+02	9.200000000000000400e-01	2.130000000000000071e+01	0.000000000000000000e+00	0.000000000000000000e+00	0.000000000000000000e+00	-0.000000000000000000e+00	-0.000000000000000000e+00	0.000000000000000000e+00
9.212899999999999636e+02	-1.741930000000000064e+03	3.135000000000000000e+02	2.999999999999999889e-02	2.007999999999999829e+01	0.000000000000000000e+00	0.000000000000000000e+00	-8.900000000000000133e-01	-0.000000000000000000e+00	-0.000000000000000000e+00	-4.447999999999999687e+01
9.401499999999999773e+02	-1.741930000000000064e+03	3.135000000000000000e+02	2.999999999999999889e-02	1.885999999999999943e+01	0.000000000000000000e+00	0.000000000000000000e+00	0.000000000000000000e+00	-0.000000000000000000e+00	-0.000000000000000000e+00	0.000000000000000000e+00
9.599800000000000182e+02	-1.741930000000000064e+03	3.135000000000000000e+02	2.999999999999999889e-02	1.982999999999999829e+01	0.000000000000000000e+00	0.000000000000000000e+00	0.000000000000000000e+00	-0.000000000000000000e+00	-0.000000000000000000e+00	0.000000000000000000e+00
9.800000000000000000e+02	-1.741930000000000064e+03	3.135000000000000000e+02	2.999999999999999889e-02	2.003000000000000114e+01	0.000000000000000000e+00	0.000000000000000000e+00	0.000000000000000000e+00	-0.000000000000000000e+00	-0.000000000000000000e+00	0.000000000000000000e+00
1.000190000000000055e+03	-1.741930000000000064e+03	3.135000000000000000e+02	2.999999999999999889e-02	2.019000000000000128e+01	0.000000000000000000e+00	0.000000000000000000e+00	0.000000000000000000e+00	-0.000000000000000000e+00	-0.000000000000000000e+00	0.000000000000000000e+00
1.021159999999999968e+03	-1.741930000000000064e+03	3.135000000000000000e+02	2.999999999999999889e-02	2.096999999999999886e+01	0.000000000000000000e+00	0.000000000000000000e+00	0.000000000000000000e+00	-0.000000000000000000e+00	-0.000000000000000000e+00	0.000000000000000000e+00
1.041740000000000009e+03	-1.741930000000000064e+03	3.135000000000000000e+02	2.999999999999999889e-02	2.057999999999999829e+01	0.000000000000000000e+00	0.000000000000000000e+00	0.000000000000000000e+00	-0.000000000000000000e+00	-0.000000000000000000e+00	0.000000000000000000e+00
1.061799999999999955e+03	-1.741930000000000064e+03	3.135000000000000000e+02	2.999999999999999889e-02	2.005999999999999872e+01	0.000000000000000000e+00	0.000000000000000000e+00	0.000000000000000000e+00	-0.000000000000000000e+00	-0.000000000000000000e+00	0.000000000000000000e+00
1.081839999999999918e+03	-1.739140000000000100e+03	3.135500000000000114e+02	2.999999999999999889e-02	2.003999999999999915e+01	2.779999999999999805e+00	4.000000000000000083e-02	0.000000000000000000e+00	2.779999999999999805e+00	1.387800000000000011e+02	2.999999999999999889e-02
1.103490000000000009e+03	-1.739140000000000100e+03	3.135500000000000114e+02	2.999999999999999889e-02	2.164999999999999858e+01	0.000000000000000000e+00	0.000000000000000000e+00	0.000000000000000000e+00	-0.000000000000000000e+00	-0.000000000000000000e+00	0.000000000000000000e+00
1.123390000000000100e+03	-1.739140000000000100e+03	3.135500000000000114e+02	2.999999999999999889e-02	1.991000000000000014e+01	0.000000000000000000e+00	0.000000000000000000e+00	0.000000000000000000e+00	-0.000000000000000000e+00	-0.000000000000000000e+00	0.000000000000000000e+00
1.142910000000000082e+03	-1.739140000000000100e+03	3.135500000000000114e+02	2.999999999999999889e-02	1.951999999999999957e+01	0.000000000000000000e+00	0.000000000000000000e+00	0.000000000000000000e+00	-0.000000000000000000e+00	-0.000000000000000000e+00	0.000000000000000000e+00
1.161779999999999973e+03	-1.739140000000000100e+03	3.135500000000000114e+02	2.999999999999999889e-02	1.887000000000000099e+01	0.000000000000000000e+00	0.000000000000000000e+00	0.000000000000000000e+00	-0.000000000000000000e+00	-0.000000000000000000e+00	0.000000000000000000e+00
1.183299999999999955e+03	-1.739140000000000100e+03	3.135500000000000114e+02	2.999999999999999889e-02	2.151999999999999957e+01	0.000000000000000000e+00	0.000000000000000000e+00	0.000000000000000000e+00	-0.000000000000000000e+00	-0.000000000000000000e+00	0.000000000000000000e+00
1.203849999999999909e+03	-1.739140000000000100e+03	3.135500000000000114e+02	2.999999999999999889e-02	2.055000000000000071e+01	0.000000000000000000e+00	0.000000000000000000e+00	0.000000000000000000e+00	-0.000000000000000000e+00	-0.000000000000000000e+00	0.000000000000000000e+00
1.223880000000000109e+03	-1.739140000000000100e+03	3.135500000000000114e+02	2.999999999999999889e-02	2.003999999999999915e+01	0.000000000000000000e+00	0.000000000000000000e+00	0.000000000000000000e+00	-0.000000000000000000e+00	-0.000000000000000000e+00	0.000000000000000000e+00
1.243559999999999945e+03	-1.723789999999999964e+03	3.082099999999999795e+02	2.200000000000000011e-01	1.967000000000000171e+01	1.534999999999999964e+01	-5.330000000000000071e+00	1.900000000000000022e-01	1.625000000000000000e+01	8.262200000000000273e+02	9.539999999999999147e+00
1.261920000000000073e+03	-1.719619999999999891e+03	3.075799999999999841e+02	2.800000000000000266e-01	1.835999999999999943e+01	4.179999999999999716e+00	-6.300000000000000044e-01	5.999999999999999778e-02	4.219999999999999751e+00	2.299399999999999977e+02	3.399999999999999911e+00
1.282059999999999945e+03	-1.719619999999999891e+03	3.075799999999999841e+02	2.800000000000000266e-01	2.014999999999999858e+01	0.000000000000000000e+00	0.000000000000000000e+00	0.000000000000000000e+00	-0.000000000000000000e+00	-0.000000000000000000e+00	0.000000000000000000e+00
1.303529999999999973e+03	-1.716900000000000091e+03	3.125000000000000000e+02	1.900000000000000022e-01	2.146999999999999886e+01	2.720000000000000195e+00	4.910000000000000142e+00	-8.999999999999999667e-02	5.620000000000000107e+00	2.616499999999999773e+02	-4.169999999999999929e+00
1.323640000000000100e+03	-1.714190000000000055e+03	3.188000000000000114e+02	6.600000000000000311e-01	2.010000000000000142e+01	2.700000000000000178e+00	6.309999999999999609e+00	4.799999999999999822e-01	6.860000000000000320e+00	3.412900000000000205e+02	2.369999999999999929e+01
1.341890000000000100e+03	-1.708539999999999964e+03	3.105400000000000205e+02	2.700000000000000178e-01	1.825000000000000000e+01	5.650000000000000355e+00	-8.269999999999999574e+00	-4.000000000000000222e-01	1.000999999999999979e+01	5.485299999999999727e+02	-2.182999999999999829e+01
1.361769999999999982e+03	-1.708539999999999964e+03	3.105400000000000205e+02	2.700000000000000178e-01	1.987999999999999901e+01	0.000000000000000000e+00	0.000000000000000000e+00	0.000000000000000000e+00	-0.000000000000000000e+00	-0.000000000000000000e+00	0.000000000000000000e+00
1.381950000000000045e+03	-1.698890000000000100e+03	3.162500000000000000e+02	2.399999999999999911e-01	2.017000000000000171e+01	9.650000000000000355e+00	5.709999999999999964e+00	-2.999999999999999889e-02	1.121000000000000085e+01	5.557999999999999545e+02	-1.449999999999999956e+00
1.401990000000000009e+03	-1.698890000000000100e+03	3.162500000000000000e+02	2.399999999999999911e-01	2.005000000000000071e+01	0.000000000000000000e+00	0.000000000000000000e+00	0.000000000000000000e+00	-0.000000000000000000e+00	-0.000000000000000000e+00	0.000000000000000000e+00
1.423730000000000018e+03	-1.690579999999999927e+03	3.177599999999999909e+02	2.500000000000000000e-01	2.173999999999999844e+01	8.310000000000000497e+00	1.520000000000000018e+00	1.000000000000000021e-02	8.439999999999999503e+00	3.885000000000000000e+02	5.699999999999999512e-01
1.442380000000000109e+03	-1.690579999999999927e+03	3.177599999999999909e+02	2.500000000000000000e-01	1.866000000000000014e+01	0.000000000000000000e+00	0.000000000000000000e+00	0.000000000000000000e+00	-0.000000000000000000e+00	-0.000000000000000000e+00	0.000000000000000000e+00
1.462529999999999973e+03	-1.685039999999999964e+03	3.178399999999999750e+02	2.600000000000000089e-01	2.014999999999999858e+01	5.549999999999999822e+00	8.000000000000000167e-02	1.000000000000000021e-02	5.549999999999999822e+00	2.752799999999999727e+02	5.600000000000000533e-01
1.482960000000000036e+03	-1.680859999999999900e+03	3.165099999999999909e+02	3.099999999999999978e-01	2.042000000000000171e+01	4.179999999999999716e+00	-1.330000000000000071e+00	5.000000000000000278e-02	4.379999999999999893e+00	2.146100000000000136e+02	2.379999999999999893e+00
1.502930000000000064e+03	-1.676769999999999982e+03	3.221399999999999864e+02	2.800000000000000266e-01	1.998000000000000043e+01	4.089999999999999858e+00	5.620000000000000107e+00	-2.999999999999999889e-02	6.959999999999999964e+00	3.481600000000000250e+02	-1.270000000000000018e+00
1.523160000000000082e+03	-1.676769999999999982e+03	3.221399999999999864e+02	2.800000000000000266e-01	2.021999999999999886e+01	0.000000000000000000e+00	0.000000000000000000e+00	0.000000000000000000e+00	-0.000000000000000000e+00	-0.000000000000000000e+00	0.000000000000000000e+00
1.542960000000000036e+03	-1.671240000000000009e+03	3.236100000000000136e+02	4.600000000000000200e-01	1.980999999999999872e+01	5.530000000000000249e+00	1.469999999999999973e+00	1.799999999999999933e-01	5.719999999999999751e+00	2.887599999999999909e+02	9.050000000000000711e+00
1.563230000000000018e+03	-1.665700000000000045e+03	3.236899999999999977e+02	2.899999999999999800e-01	2.026999999999999957e+01	5.540000000000000036e+00	8.000000000000000167e-02	-1.700000000000000122e-01	5.540000000000000036e+00	2.734399999999999977e+02	-8.359999999999999432e+00
1.583049999999999955e+03	-1.661599999999999909e+03	3.279200000000000159e+02	2.700000000000000178e-01	1.982000000000000028e+01	4.099999999999999645e+00	4.230000000000000426e+00	-2.999999999999999889e-02	5.889999999999999680e+00	2.973899999999999864e+02	-1.409999999999999920e+00
1.604099999999999909e+03	-1.661599999999999909e+03	3.279200000000000159e+02	2.700000000000000178e-01	2.103999999999999915e+01	0.000000000000000000e+00	0.000000000000000000e+00	0.000000000000000000e+00	-0.000000000000000000e+00	-0.000000000000000000e+00	0.000000000000000000e+00
1.623099999999999909e+03	-1.656069999999999936e+03	3.293899999999999864e+02	2.899999999999999800e-01	1.901000000000000156e+01	5.519999999999999574e+00	1.469999999999999973e+00	2.000000000000000042e-02	5.709999999999999964e+00	3.006800000000000068e+02	1.139999999999999902e+00
1.643160000000000082e+03	-1.650549999999999955e+03	3.308600000000000136e+02	2.800000000000000266e-01	2.005999999999999872e+01	5.519999999999999574e+00	1.469999999999999973e+00	-1.000000000000000021e-02	5.709999999999999964e+00	2.848799999999999955e+02	-5.000000000000000000e-01
1.663180000000000064e+03	-1.645019999999999982e+03	3.309399999999999977e+02	3.200000000000000067e-01	2.001999999999999957e+01	5.540000000000000036e+00	8.000000000000000167e-02	5.000000000000000278e-02	5.540000000000000036e+00	2.764800000000000182e+02	2.250000000000000000e+00
1.683519999999999982e+03	-1.645019999999999982e+03	3.309399999999999977e+02	3.200000000000000067e-01	2.033999999999999986e+01	0.000000000000000000e+00	0.000000000000000000e+00	0.000000000000000000e+00	-0.000000000000000000e+00	-0.000000000000000000e+00	0.000000000000000000e+00
1.712880000000000109e+03	-1.633980000000000018e+03	3.338700000000000045e+02	3.699999999999999956e-01	2.935000000000000142e+01	1.102999999999999936e+01	2.930000000000000160e+00	4.000000000000000083e-02	1.141999999999999993e+01	3.890000000000000000e+02	1.489999999999999991e+00
1.722900000000000091e+03	-1.633980000000000018e+03	3.338700000000000045e+02	3.699999999999999956e-01	1.001999999999999957e+01	0.000000000000000000e+00	0.000000000000000000e+00	0.000000000000000000e+00	-0.000000000000000000e+00	-0.000000000000000000e+00	0.000000000000000000e+00
1.743059999999999945e+03	-1.627099999999999909e+03	3.367500000000000000e+02	3.400000000000000244e-01	2.016000000000000014e+01	6.879999999999999893e+00	2.879999999999999893e+00	-2.000000000000000042e-02	7.459999999999999964e+00	3.698799999999999955e+02	-1.050000000000000044e+00
1.763049999999999955e+03	-1.621589999999999918e+03	3.382099999999999795e+02	3.699999999999999956e-01	1.998999999999999844e+01	5.509999999999999787e+00	1.469999999999999973e+00	2.000000000000000042e-02	5.700000000000000178e+00	2.853100000000000023e+02	1.169999999999999929e+00
1.783410000000000082e+03	-1.621589999999999918e+03	3.382099999999999795e+02	3.699999999999999956e-01	2.035999999999999943e+01	0.000000000000000000e+00	0.000000000000000000e+00	0.000000000000000000e+00	-0.000000000000000000e+00	-0.000000000000000000e+00	0.000000000000000000e+00
1.804619999999999891e+03	-1.610569999999999936e+03	3.411399999999999864e+02	4.000000000000000222e-01	2.121000000000000085e+01	1.101999999999999957e+01	2.930000000000000160e+00	2.999999999999999889e-02	1.140000000000000036e+01	5.375700000000000500e+02	1.300000000000000044e+00
1.823799999999999955e+03	-1.610569999999999936e+03	3.411399999999999864e+02	4.000000000000000222e-01	1.917999999999999972e+01	0.000000000000000000e+00	0.000000000000000000e+00	0.000000000000000000e+00	-0.000000000000000000e+00	-0.000000000000000000e+00	0.000000000000000000e+00
1.843980000000000018e+03	-1.610569999999999936e+03	3.411399999999999864e+02	4.000000000000000222e-01	2.017999999999999972e+01	0.000000000000000000e+00	0.000000000000000000e+00	0.000000000000000000e+00	-0.000000000000000000e+00	-0.000000000000000000e+00	0.000000000000000000e+00
1.865089999999999918e+03	-1.597509999999999991e+03	3.468799999999999955e+02	4.099999999999999756e-01	2.112000000000000099e+01	1.305000000000000071e+01	5.730000000000000426e+00	1.000000000000000021e-02	1.425999999999999979e+01	6.751200000000000045e+02	6.300000000000000044e-01
1.885299999999999955e+03	-1.595480000000000018e+03	3.496800000000000068e+02	3.900000000000000133e-01	2.021000000000000085e+01	2.040000000000000036e+00	2.799999999999999822e+00	-2.000000000000000042e-02	3.470000000000000195e+00	1.715300000000000011e+02	-1.090000000000000080e+00
1.905369999999999891e+03	-1.595480000000000018e+03	3.496800000000000068e+02	3.900000000000000133e-01	2.007000000000000028e+01	0.000000000000000000e+00	0.000000000000000000e+00	0.000000000000000000e+00	-0.000000000000000000e+00	-0.000000000000000000e+00	0.000000000000000000e+00
1.923759999999999991e+03	-1.587210000000000036e+03	3.511800000000000068e+02	4.299999999999999933e-01	1.839000000000000057e+01	8.269999999999999574e+00	1.500000000000000000e+00	4.000000000000000083e-02	8.400000000000000355e+00	4.568299999999999841e+02	2.129999999999999893e+00
1.945730000000000018e+03	-1.584500000000000000e+03	3.553799999999999955e+02	4.000000000000000222e-01	2.196999999999999886e+01	2.709999999999999964e+00	4.200000000000000178e+00	-2.999999999999999889e-02	5.000000000000000000e+00	2.274699999999999989e+02	-1.399999999999999911e+00
1.965670000000000073e+03	-1.576230000000000018e+03	3.554900000000000091e+02	4.699999999999999734e-01	1.994000000000000128e+01	8.279999999999999361e+00	1.100000000000000006e-01	7.000000000000000666e-02	8.279999999999999361e+00	4.151800000000000068e+02	3.640000000000000124e+00
1.984940000000000055e+03	-1.576230000000000018e+03	3.554900000000000091e+02	4.699999999999999734e-01	1.926999999999999957e+01	0.000000000000000000e+00	0.000000000000000000e+00	0.000000000000000000e+00	-0.000000000000000000e+00	-0.000000000000000000e+00	0.000000000000000000e+00
2.003900000000000091e+03	-1.570720000000000027e+03	3.569499999999999886e+02	4.899999999999999911e-01	1.896000000000000085e+01	5.500000000000000000e+00	1.459999999999999964e+00	2.000000000000000042e-02	5.690000000000000391e+00	3.001299999999999955e+02	1.139999999999999902e+00
2.023940000000000055e+03	-1.565259999999999991e+03	3.611800000000000068e+02	4.699999999999999734e-01	2.003999999999999915e+01	5.459999999999999964e+00	4.230000000000000426e+00	-2.000000000000000042e-02	6.910000000000000142e+00	3.449499999999999886e+02	-1.090000000000000080e+00
2.044740000000000009e+03	-1.565259999999999991e+03	3.611800000000000068e+02	4.699999999999999734e-01	2.080000000000000071e+01	0.000000000000000000e+00	0.000000000000000000e+00	0.000000000000000000e+00	-0.000000000000000000e+00	-0.000000000000000000e+00	0.000000000000000000e+00
2.067119999999999891e+03	-1.559759999999999991e+03	3.626399999999999864e+02	5.100000000000000089e-01	2.237999999999999901e+01	5.500000000000000000e+00	1.459999999999999964e+00	4.000000000000000083e-02	5.690000000000000391e+00	2.541500000000000057e+02	1.850000000000000089e+00
2.087219999999999800e+03	-1.548829999999999927e+03	3.697200000000000273e+02	5.100000000000000089e-01	2.010000000000000142e+01	1.093999999999999950e+01	7.080000000000000071e+00	0.000000000000000000e+00	1.302999999999999936e+01	6.480800000000000409e+02	8.000000000000000167e-02
2.103849999999999909e+03	-1.548829999999999927e+03	3.697200000000000273e+02	5.100000000000000089e-01	1.662999999999999901e+01	0.000000000000000000e+00	0.000000000000000000e+00	0.000000000000000000e+00	-0.000000000000000000e+00	-0.000000000000000000e+00	0.000000000000000000e+00
2.123829999999999927e+03	-1.544750000000000000e+03	3.739300000000000068e+02	6.199999999999999956e-01	1.998999999999999844e+01	4.080000000000000071e+00	4.209999999999999964e+00	1.100000000000000006e-01	5.860000000000000320e+00	2.934599999999999795e+02	5.610000000000000320e+00
2.145280000000000200e+03	-1.536500000000000000e+03	3.754200000000000159e+02	5.200000000000000178e-01	2.144999999999999929e+01	8.250000000000000000e+00	1.489999999999999991e+00	-1.000000000000000056e-01	8.380000000000000782e+00	3.906600000000000250e+02	-4.690000000000000391e+00
2.165670000000000073e+03	-1.531009999999999991e+03	3.768700000000000045e+02	5.600000000000000533e-01	2.039000000000000057e+01	5.490000000000000213e+00	1.449999999999999956e+00	4.000000000000000083e-02	5.679999999999999716e+00	2.785699999999999932e+02	1.830000000000000071e+00
2.184019999999999982e+03	-1.531009999999999991e+03	3.768700000000000045e+02	5.600000000000000533e-01	1.833999999999999986e+01	0.000000000000000000e+00	0.000000000000000000e+00	0.000000000000000000e+00	-0.000000000000000000e+00	-0.000000000000000000e+00	0.000000000000000000e+00
2.203900000000000091e+03	-1.525559999999999945e+03	3.811000000000000227e+02	5.600000000000000533e-01	1.989000000000000057e+01	5.450000000000000178e+00	4.230000000000000426e+00	0.000000000000000000e+00	6.900000000000000355e+00	3.470299999999999727e+02	2.099999999999999922e-01
2.224099999999999909e+03	-1.520069999999999936e+03	3.825600000000000023e+02	5.799999999999999600e-01	2.019000000000000128e+01	5.490000000000000213e+00	1.449999999999999956e+00	2.000000000000000042e-02	5.679999999999999716e+00	2.811100000000000136e+02	9.899999999999999911e-01
2.244559999999999945e+03	-1.520069999999999936e+03	3.825600000000000023e+02	5.799999999999999600e-01	2.046000000000000085e+01	0.000000000000000000e+00	0.000000000000000000e+00	0.000000000000000000e+00	-0.000000000000000000e+00	-0.000000000000000000e+00	0.000000000000000000e+00
2.265030000000000200e+03	-1.509170000000000073e+03	3.910099999999999909e+02	5.799999999999999600e-01	2.046999999999999886e+01	1.090000000000000036e+01	8.449999999999999289e+00	-0.000000000000000000e+00	1.378999999999999915e+01	6.738200000000000500e+02	-0.000000000000000000e+00
2.284369999999999891e+03	-1.509170000000000073e+03	3.910099999999999909e+02	5.799999999999999600e-01	1.933999999999999986e+01	0.000000000000000000e+00	0.000000000000000000e+00	0.000000000000000000e+00	-0.000000000000000000e+00	-0.000000000000000000e+00	0.000000000000000000e+00
2.304869999999999891e+03	-1.502329999999999927e+03	3.938600000000000136e+02	5.999999999999999778e-01	2.050000000000000000e+01	6.839999999999999858e+00	2.850000000000000089e+00	1.000000000000000021e-02	7.410000000000000142e+00	3.615799999999999841e+02	6.300000000000000044e-01
2.325309999999999945e+03	-1.496859999999999900e+03	3.966999999999999886e+02	6.400000000000000133e-01	2.044000000000000128e+01	5.459999999999999964e+00	2.839999999999999858e+00	4.000000000000000083e-02	6.160000000000000142e+00	3.012599999999999909e+02	1.909999999999999920e+00
2.345699999999999818e+03	-1.494200000000000045e+03	4.036600000000000250e+02	5.500000000000000444e-01	2.039999999999999858e+01	2.660000000000000142e+00	6.959999999999999964e+00	-8.000000000000000167e-02	7.450000000000000178e+00	3.653999999999999773e+02	-4.129999999999999893e+00
2.366630000000000109e+03	-1.485950000000000045e+03	4.037500000000000000e+02	6.500000000000000222e-01	2.092999999999999972e+01	8.250000000000000000e+00	8.999999999999999667e-02	1.000000000000000056e-01	8.250000000000000000e+00	3.941800000000000068e+02	4.919999999999999929e+00
2.385309999999999945e+03	-1.485950000000000045e+03	4.037500000000000000e+02	6.500000000000000222e-01	1.867999999999999972e+01	0.000000000000000000e+00	0.000000000000000000e+00	0.000000000000000000e+00	-0.000000000000000000e+00	-0.000000000000000000e+00	0.000000000000000000e+00
2.405230000000000018e+03	-1.480509999999999991e+03	4.079700000000000273e+02	6.400000000000000133e-01	1.991000000000000014e+01	5.440000000000000391e+00	4.219999999999999751e+00	-2.000000000000000042e-02	6.889999999999999680e+00	3.458700000000000045e+02	-9.399999999999999467e-01
2.426250000000000000e+03	-1.480509999999999991e+03	4.079700000000000273e+02	6.400000000000000133e-01	2.103000000000000114e+01	0.000000000000000000e+00	0.000000000000000000e+00	0.000000000000000000e+00	-0.000000000000000000e+00	-0.000000000000000000e+00	0.000000000000000000e+00
2.448659999999999854e+03	-1.471009999999999991e+03	4.163999999999999773e+02	6.199999999999999956e-01	2.241000000000000014e+01	9.509999999999999787e+00	8.419999999999999929e+00	-1.000000000000000021e-02	1.269999999999999929e+01	5.667300000000000182e+02	-5.999999999999999778e-01
2.468670000000000073e+03	-1.465569999999999936e+03	4.206100000000000136e+02	6.300000000000000044e-01	2.000000000000000000e+01	5.440000000000000391e+00	4.219999999999999751e+00	1.000000000000000021e-02	6.879999999999999893e+00	3.440799999999999841e+02	3.900000000000000133e-01
2.485420000000000073e+03	-1.465569999999999936e+03	4.206100000000000136e+02	6.300000000000000044e-01	1.675000000000000000e+01	0.000000000000000000e+00	0.000000000000000000e+00	0.000000000000000000e+00	-0.000000000000000000e+00	-0.000000000000000000e+00	0.000000000000000000e+00
2.506010000000000218e+03	-1.461500000000000000e+03	4.248199999999999932e+02	6.400000000000000133e-01	2.058999999999999986e+01	4.059999999999999609e+00	4.200000000000000178e+00	1.000000000000000021e-02	5.849999999999999645e+00	2.839100000000000250e+02	2.700000000000000178e-01
2.526130000000000109e+03	-1.454690000000000055e+03	4.290500000000000114e+02	6.600000000000000311e-01	2.012000000000000099e+01	6.809999999999999609e+00	4.230000000000000426e+00	2.000000000000000042e-02	8.019999999999999574e+00	3.984300000000000068e+02	1.159999999999999920e+00
2.547250000000000000e+03	-1.449240000000000009e+03	4.318799999999999955e+02	6.700000000000000400e-01	2.112000000000000099e+01	5.450000000000000178e+00	2.830000000000000071e+00	1.000000000000000021e-02	6.139999999999999680e+00	2.909700000000000273e+02	4.500000000000000111e-01
2.565329999999999927e+03	-1.449240000000000009e+03	4.318799999999999955e+02	6.700000000000000400e-01	1.807999999999999829e+01	0.000000000000000000e+00	0.000000000000000000e+00	0.000000000000000000e+00	-0.000000000000000000e+00	-0.000000000000000000e+00	0.000000000000000000e+00
2.585340000000000146e+03	-1.443809999999999945e+03	4.360899999999999750e+02	6.899999999999999467e-01	2.001000000000000156e+01	5.429999999999999716e+00	4.209999999999999964e+00	2.000000000000000042e-02	6.879999999999999893e+00	3.436499999999999773e+02	9.200000000000000400e-01
2.605619999999999891e+03	-1.438349999999999909e+03	4.389200000000000159e+02	7.199999999999999734e-01	2.028000000000000114e+01	5.450000000000000178e+00	2.830000000000000071e+00	4.000000000000000083e-02	6.139999999999999680e+00	3.029100000000000250e+02	1.739999999999999991e+00
2.625300000000000182e+03	-1.438349999999999909e+03	4.389200000000000159e+02	7.199999999999999734e-01	1.969000000000000128e+01	0.000000000000000000e+00	0.000000000000000000e+00	0.000000000000000000e+00	-0.000000000000000000e+00	-0.000000000000000000e+00	0.000000000000000000e+00
2.647329999999999927e+03	-1.432940000000000055e+03	4.445099999999999909e+02	7.199999999999999734e-01	2.201999999999999957e+01	5.410000000000000142e+00	5.599999999999999645e+00	-1.000000000000000021e-02	7.790000000000000036e+00	3.535299999999999727e+02	-2.399999999999999911e-01
2.665320000000000164e+03	-1.428900000000000091e+03	4.501000000000000227e+02	6.999999999999999556e-01	1.798999999999999844e+01	4.040000000000000036e+00	5.580000000000000071e+00	-2.000000000000000042e-02	6.889999999999999680e+00	3.829499999999999886e+02	-8.499999999999999778e-01
2.685789999999999964e+03	-1.423470000000000027e+03	4.543100000000000023e+02	7.099999999999999645e-01	2.048000000000000043e+01	5.429999999999999716e+00	4.209999999999999964e+00	1.000000000000000021e-02	6.870000000000000107e+00	3.355400000000000205e+02	5.999999999999999778e-01
2.705349999999999909e+03	-1.423470000000000027e+03	4.543100000000000023e+02	7.099999999999999645e-01	1.955999999999999872e+01	0.000000000000000000e+00	0.000000000000000000e+00	0.000000000000000000e+00	-0.000000000000000000e+00	-0.000000000000000000e+00	0.000000000000000000e+00
2.725920000000000073e+03	-1.423470000000000027e+03	4.543100000000000023e+02	7.099999999999999645e-01	2.057000000000000028e+01	0.000000000000000000e+00	0.000000000000000000e+00	0.000000000000000000e+00	-0.000000000000000000e+00	-0.000000000000000000e+00	0.000000000000000000e+00
2.747389999999999873e+03	-1.407170000000000073e+03	4.655500000000000114e+02	7.900000000000000355e-01	2.146999999999999886e+01	1.630000000000000071e+01	1.124000000000000021e+01	7.000000000000000666e-02	1.980000000000000071e+01	9.223200000000000500e+02	3.330000000000000071e+00
2.765360000000000127e+03	-1.407170000000000073e+03	4.655500000000000114e+02	7.900000000000000355e-01	1.796999999999999886e+01	0.000000000000000000e+00	0.000000000000000000e+00	0.000000000000000000e+00	-0.000000000000000000e+00	-0.000000000000000000e+00	0.000000000000000000e+00
2.786980000000000018e+03	-1.401769999999999982e+03	4.711399999999999864e+02	7.900000000000000355e-01	2.162000000000000099e+01	5.410000000000000142e+00	5.589999999999999858e+00	0.000000000000000000e+00	7.780000000000000249e+00	3.597799999999999727e+02	0.000000000000000000e+00
2.806949999999999818e+03	-1.396319999999999936e+03	4.739599999999999795e+02	8.199999999999999512e-01	1.996999999999999886e+01	5.440000000000000391e+00	2.819999999999999840e+00	2.999999999999999889e-02	6.129999999999999893e+00	3.070699999999999932e+02	1.620000000000000107e+00
2.827940000000000055e+03	-1.392289999999999964e+03	4.795400000000000205e+02	8.000000000000000444e-01	2.098999999999999844e+01	4.030000000000000249e+00	5.580000000000000071e+00	-2.000000000000000042e-02	6.879999999999999893e+00	3.278500000000000227e+02	-7.600000000000000089e-01
2.845579999999999927e+03	-1.392289999999999964e+03	4.795400000000000205e+02	8.000000000000000444e-01	1.764000000000000057e+01	0.000000000000000000e+00	0.000000000000000000e+00	0.000000000000000000e+00	-0.000000000000000000e+00	-0.000000000000000000e+00	0.000000000000000000e+00
2.865059999999999945e+03	-1.392289999999999964e+03	4.795400000000000205e+02	8.000000000000000444e-01	1.948000000000000043e+01	0.000000000000000000e+00	0.000000000000000000e+00	0.000000000000000000e+00	-0.000000000000000000e+00	-0.000000000000000000e+00	0.000000000000000000e+00
2.886309999999999945e+03	-1.392289999999999964e+03	4.795400000000000205e+02	8.000000000000000444e-01	2.125000000000000000e+01	0.000000000000000000e+00	0.000000000000000000e+00	0.000000000000000000e+00	-0.000000000000000000e+00	-0.000000000000000000e+00	0.000000000000000000e+00
2.907820000000000164e+03	-1.378829999999999927e+03	4.962799999999999727e+02	8.000000000000000444e-01	2.151000000000000156e+01	1.346000000000000085e+01	1.673999999999999844e+01	0.000000000000000000e+00	2.148000000000000043e+01	9.983999999999999773e+02	0.000000000000000000e+00
2.928670000000000073e+03	-1.374769999999999982e+03	5.004700000000000273e+02	8.000000000000000444e-01	2.083999999999999986e+01	4.049999999999999822e+00	4.190000000000000391e+00	0.000000000000000000e+00	5.830000000000000071e+00	2.796000000000000227e+02	0.000000000000000000e+00
2.948360000000000127e+03	-1.374769999999999982e+03	5.004700000000000273e+02	8.000000000000000444e-01	1.969000000000000128e+01	0.000000000000000000e+00	0.000000000000000000e+00	0.000000000000000000e+00	-0.000000000000000000e+00	-0.000000000000000000e+00	0.000000000000000000e+00
2.968409999999999854e+03	-1.367990000000000009e+03	5.046800000000000068e+02	8.399999999999999689e-01	2.005000000000000071e+01	6.790000000000000036e+00	4.219999999999999751e+00	2.999999999999999889e-02	7.990000000000000213e+00	3.985600000000000023e+02	1.729999999999999982e+00
2.988219999999999800e+03	-1.363960000000000036e+03	5.102500000000000000e+02	8.499999999999999778e-01	1.980999999999999872e+01	4.030000000000000249e+00	5.570000000000000284e+00	1.000000000000000021e-02	6.879999999999999893e+00	3.469700000000000273e+02	7.399999999999999911e-01
3.007789999999999964e+03	-1.363960000000000036e+03	5.102500000000000000e+02	8.499999999999999778e-01	1.957000000000000028e+01	0.000000000000000000e+00	0.000000000000000000e+00	0.000000000000000000e+00	-0.000000000000000000e+00	-0.000000000000000000e+00	0.000000000000000000e+00
3.028289999999999964e+03	-1.354509999999999991e+03	5.200199999999999818e+02	8.499999999999999778e-01	2.050000000000000000e+01	9.449999999999999289e+00	9.769999999999999574e+00	-0.000000000000000000e+00	1.358999999999999986e+01	6.630700000000000500e+02	-7.000000000000000666e-02
3.048260000000000218e+03	-1.354509999999999991e+03	5.200199999999999818e+02	8.499999999999999778e-01	1.996999999999999886e+01	0.000000000000000000e+00	0.000000000000000000e+00	0.000000000000000000e+00	-0.000000000000000000e+00	-0.000000000000000000e+00	0.000000000000000000e+00
3.068349999999999909e+03	-1.351859999999999900e+03	5.255800000000000409e+02	8.499999999999999778e-01	2.008999999999999986e+01	2.660000000000000142e+00	5.559999999999999609e+00	0.000000000000000000e+00	6.160000000000000142e+00	3.065899999999999750e+02	0.000000000000000000e+00
3.088579999999999927e+03	-1.346420000000000073e+03	5.283999999999999773e+02	8.800000000000000044e-01	2.023000000000000043e+01	5.440000000000000391e+00	2.819999999999999840e+00	2.999999999999999889e-02	6.120000000000000107e+00	3.026999999999999886e+02	1.699999999999999956e+00
3.108239999999999782e+03	-1.346420000000000073e+03	5.283999999999999773e+02	8.800000000000000044e-01	1.966000000000000014e+01	0.000000000000000000e+00	0.000000000000000000e+00	0.000000000000000000e+00	-0.000000000000000000e+00	-0.000000000000000000e+00	0.000000000000000000e+00
3.128329999999999927e+03	-1.346420000000000073e+03	5.283999999999999773e+02	8.800000000000000044e-01	2.008999999999999986e+01	0.000000000000000000e+00	0.000000000000000000e+00	0.000000000000000000e+00	-0.000000000000000000e+00	-0.000000000000000000e+00	0.000000000000000000e+00
3.148900000000000091e+03	-1.341069999999999936e+03	5.367500000000000000e+02	8.499999999999999778e-01	2.057000000000000028e+01	5.349999999999999645e+00	8.349999999999999645e+00	-2.999999999999999889e-02	9.919999999999999929e+00	4.821700000000000159e+02	-1.510000000000000009e+00
3.169469999999999800e+03	-1.338369999999999891e+03	5.395399999999999636e+02	8.800000000000000044e-01	2.057000000000000028e+01	2.700000000000000178e+00	2.790000000000000036e+00	2.999999999999999889e-02	3.879999999999999893e+00	1.886699999999999875e+02	1.270000000000000018e+00
3.189650000000000091e+03	-1.335680000000000064e+03	5.423300000000000409e+02	8.800000000000000044e-01	2.017999999999999972e+01	2.700000000000000178e+00	2.790000000000000036e+00	0.000000000000000000e+00	3.879999999999999893e+00	1.923000000000000114e+02	0.000000000000000000e+00
3.208849999999999909e+03	-1.335680000000000064e+03	5.423300000000000409e+02	8.800000000000000044e-01	1.919999999999999929e+01	0.000000000000000000e+00	0.000000000000000000e+00	0.000000000000000000e+00	-0.000000000000000000e+00	-0.000000000000000000e+00	0.000000000000000000e+00
3.230820000000000164e+03	-1.333019999999999982e+03	5.478799999999999955e+02	8.499999999999999778e-01	2.196999999999999886e+01	2.649999999999999911e+00	5.559999999999999609e+00	-2.999999999999999889e-02	6.160000000000000142e+00	2.802799999999999727e+02	-1.330000000000000071e+00
3.248800000000000182e+03	-1.333019999999999982e+03	5.478799999999999955e+02	8.499999999999999778e-01	1.798000000000000043e+01	0.000000000000000000e+00	0.000000000000000000e+00	0.000000000000000000e+00	-0.000000000000000000e+00	-0.000000000000000000e+00	0.000000000000000000e+00
3.269050000000000182e+03	-1.330299999999999955e+03	5.492899999999999636e+02	8.800000000000000044e-01	2.025000000000000000e+01	2.720000000000000195e+00	1.409999999999999920e+00	2.999999999999999889e-02	3.060000000000000053e+00	1.510300000000000011e+02	1.699999999999999956e+00
3.288860000000000127e+03	-1.327589999999999918e+03	5.507000000000000455e+02	8.800000000000000044e-01	1.980999999999999872e+01	2.720000000000000195e+00	1.409999999999999920e+00	-0.000000000000000000e+00	3.060000000000000053e+00	1.544900000000000091e+02	-2.500000000000000000e-01
3.308989999999999782e+03	-1.327630000000000109e+03	5.534600000000000364e+02	8.800000000000000044e-01	2.012999999999999901e+01	-4.000000000000000083e-02	2.770000000000000018e+00	1.000000000000000021e-02	-2.770000000000000018e+00	-1.373600000000000136e+02	2.500000000000000000e-01
3.329179999999999836e+03	-1.327630000000000109e+03	5.534600000000000364e+02	8.800000000000000044e-01	2.019000000000000128e+01	0.000000000000000000e+00	0.000000000000000000e+00	0.000000000000000000e+00	-0.000000000000000000e+00	-0.000000000000000000e+00	0.000000000000000000e+00
3.349130000000000109e+03	-1.326279999999999973e+03	5.548600000000000136e+02	8.499999999999999778e-01	1.994999999999999929e+01	1.350000000000000089e+00	1.389999999999999902e+00	-2.999999999999999889e-02	1.939999999999999947e+00	9.720999999999999375e+01	-1.639999999999999902e+00
3.370340000000000146e+03	-1.326279999999999973e+03	5.548600000000000136e+02	8.499999999999999778e-01	2.121000000000000085e+01	0.000000000000000000e+00	0.000000000000000000e+00	0.000000000000000000e+00	-0.000000000000000000e+00	-0.000000000000000000e+00	0.000000000000000000e+00
3.390409999999999854e+03	-1.326279999999999973e+03	5.548600000000000136e+02	8.499999999999999778e-01	2.007000000000000028e+01	0.000000000000000000e+00	0.000000000000000000e+00	0.000000000000000000e+00	-0.000000000000000000e+00	-0.000000000000000000e+00	0.000000000000000000e+00
3.408710000000000036e+03	-1.326279999999999973e+03	5.548600000000000136e+02	8.499999999999999778e-01	1.830000000000000071e+01	0.000000000000000000e+00	0.000000000000000000e+00	0.000000000000000000e+00	-0.000000000000000000e+00	-0.000000000000000000e+00	0.000000000000000000e+00
3.429150000000000091e+03	-1.323589999999999918e+03	5.576499999999999773e+02	8.800000000000000044e-01	2.044000000000000128e+01	2.700000000000000178e+00	2.790000000000000036e+00	2.999999999999999889e-02	3.879999999999999893e+00	1.897700000000000102e+02	1.479999999999999982e+00
3.450280000000000200e+03	-1.323609999999999900e+03	5.590299999999999727e+02	8.699999999999999956e-01	2.114000000000000057e+01	-2.000000000000000042e-02	1.379999999999999893e+00	-1.000000000000000021e-02	-1.379999999999999893e+00	-6.540999999999999659e+01	-6.999999999999999556e-01
3.470070000000000164e+03	-1.322240000000000009e+03	5.590399999999999636e+02	8.399999999999999689e-01	1.978000000000000114e+01	1.370000000000000107e+00	1.000000000000000021e-02	-2.999999999999999889e-02	1.370000000000000107e+00	6.920999999999999375e+01	-1.639999999999999902e+00
3.490079999999999927e+03	-1.320849999999999909e+03	5.576699999999999591e+02	9.100000000000000311e-01	2.001000000000000156e+01	1.389999999999999902e+00	-1.370000000000000107e+00	8.000000000000000167e-02	1.949999999999999956e+00	9.750000000000000000e+01	3.770000000000000018e+00
3.511969999999999800e+03	-1.322240000000000009e+03	5.590399999999999636e+02	8.499999999999999778e-01	2.189999999999999858e+01	-1.389999999999999902e+00	1.370000000000000107e+00	-5.999999999999999778e-02	-1.949999999999999956e+00	-8.909999999999999432e+01	-2.740000000000000213e+00
3.530199999999999818e+03	-1.322240000000000009e+03	5.590399999999999636e+02	8.499999999999999778e-01	1.823000000000000043e+01	0.000000000000000000e+00	0.000000000000000000e+00	0.000000000000000000e+00	-0.000000000000000000e+00	-0.000000000000000000e+00	0.000000000000000000e+00
3.550969999999999800e+03	-1.320869999999999891e+03	5.590499999999999545e+02	9.000000000000000222e-01	2.076999999999999957e+01	1.370000000000000107e+00	1.000000000000000021e-02	5.000000000000000278e-02	1.370000000000000107e+00	6.587999999999999545e+01	2.220000000000000195e+00
3.571070000000000164e+03	-1.322259999999999991e+03	5.604199999999999591e+02	8.699999999999999956e-01	2.010000000000000142e+01	-1.389999999999999902e+00	1.370000000000000107e+00	-2.999999999999999889e-02	-1.949999999999999956e+00	-9.709999999999999432e+01	-1.550000000000000044e+00
3.591170000000000073e+03	-1.320869999999999891e+03	5.590499999999999545e+02	9.000000000000000222e-01	2.010999999999999943e+01	1.389999999999999902e+00	-1.370000000000000107e+00	2.999999999999999889e-02	1.949999999999999956e+00	9.706000000000000227e+01	1.550000000000000044e+00
3.611250000000000000e+03	-1.320869999999999891e+03	5.590499999999999545e+02	9.000000000000000222e-01	2.007999999999999829e+01	0.000000000000000000e+00	0.000000000000000000e+00	0.000000000000000000e+00	-0.000000000000000000e+00	-0.000000000000000000e+00	0.000000000000000000e+00
3.631110000000000127e+03	-1.322240000000000009e+03	5.590399999999999636e+02	8.800000000000000044e-01	1.985999999999999943e+01	-1.370000000000000107e+00	-1.000000000000000021e-02	-2.000000000000000042e-02	-1.370000000000000107e+00	-6.890000000000000568e+01	-8.399999999999999689e-01
3.651159999999999854e+03	-1.322240000000000009e+03	5.590399999999999636e+02	8.800000000000000044e-01	2.005000000000000071e+01	0.000000000000000000e+00	0.000000000000000000e+00	0.000000000000000000e+00	-0.000000000000000000e+00	-0.000000000000000000e+00	0.000000000000000000e+00
3.672769999999999982e+03	-1.322240000000000009e+03	5.590399999999999636e+02	8.800000000000000044e-01	2.160999999999999943e+01	0.000000000000000000e+00	0.000000000000000000e+00	0.000000000000000000e+00	-0.000000000000000000e+00	-0.000000000000000000e+00	0.000000000000000000e+00
3.692900000000000091e+03	-1.322240000000000009e+03	5.590399999999999636e+02	8.800000000000000044e-01	2.012999999999999901e+01	0.000000000000000000e+00	0.000000000000000000e+00	0.000000000000000000e+00	-0.000000000000000000e+00	-0.000000000000000000e+00	0.000000000000000000e+00
3.711230000000000018e+03	-1.322240000000000009e+03	5.590399999999999636e+02	8.800000000000000044e-01	1.832999999999999829e+01	0.000000000000000000e+00	0.000000000000000000e+00	0.000000000000000000e+00	-0.000000000000000000e+00	-0.000000000000000000e+00	0.000000000000000000e+00
3.731260000000000218e+03	-1.322240000000000009e+03	5.590399999999999636e+02	8.699999999999999956e-01	2.003000000000000114e+01	0.000000000000000000e+00	0.000000000000000000e+00	-1.000000000000000021e-02	-0.000000000000000000e+00	-0.000000000000000000e+00	-7.199999999999999734e-01
3.751289999999999964e+03	-1.320869999999999891e+03	5.590499999999999545e+02	8.800000000000000044e-01	2.003000000000000114e+01	1.370000000000000107e+00	1.000000000000000021e-02	2.000000000000000042e-02	1.370000000000000107e+00	6.831999999999999318e+01	8.399999999999999689e-01
3.771989999999999782e+03	-1.320869999999999891e+03	5.590499999999999545e+02	9.000000000000000222e-01	2.069999999999999929e+01	0.000000000000000000e+00	0.000000000000000000e+00	1.000000000000000021e-02	-0.000000000000000000e+00	-0.000000000000000000e+00	6.899999999999999467e-01
3.793059999999999945e+03	-1.320869999999999891e+03	5.590499999999999545e+02	9.000000000000000222e-01	2.105999999999999872e+01	0.000000000000000000e+00	0.000000000000000000e+00	0.000000000000000000e+00	-0.000000000000000000e+00	-0.000000000000000000e+00	0.000000000000000000e+00
3.811610000000000127e+03	-1.320869999999999891e+03	5.590499999999999545e+02	8.699999999999999956e-01	1.855000000000000071e+01	0.000000000000000000e+00	0.000000000000000000e+00	-2.999999999999999889e-02	-0.000000000000000000e+00	-0.000000000000000000e+00	-1.570000000000000062e+00
3.831170000000000073e+03	-1.322240000000000009e+03	5.590399999999999636e+02	8.800000000000000044e-01	1.955999999999999872e+01	-1.370000000000000107e+00	-1.000000000000000021e-02	1.000000000000000021e-02	-1.370000000000000107e+00	-6.995999999999999375e+01	6.300000000000000044e-01
3.851320000000000164e+03	-1.322240000000000009e+03	5.590399999999999636e+02	8.800000000000000044e-01	2.014999999999999858e+01	0.000000000000000000e+00	0.000000000000000000e+00	0.000000000000000000e+00	-0.000000000000000000e+00	-0.000000000000000000e+00	0.000000000000000000e+00
3.871659999999999854e+03	-1.322240000000000009e+03	5.590399999999999636e+02	8.800000000000000044e-01	2.033999999999999986e+01	0.000000000000000000e+00	0.000000000000000000e+00	0.000000000000000000e+00	-0.000000000000000000e+00	-0.000000000000000000e+00	0.000000000000000000e+00
3.891219999999999800e+03	-1.322240000000000009e+03	5.590399999999999636e+02	8.699999999999999956e-01	1.955999999999999872e+01	0.000000000000000000e+00	0.000000000000000000e+00	-1.000000000000000021e-02	-0.000000000000000000e+00	-0.000000000000000000e+00	-7.399999999999999911e-01
3.910789999999999964e+03	-1.322240000000000009e+03	5.590399999999999636e+02	8.699999999999999956e-01	1.957000000000000028e+01	0.000000000000000000e+00	0.000000000000000000e+00	0.000000000000000000e+00	-0.000000000000000000e+00	-0.000000000000000000e+00	0.000000000000000000e+00
3.931139999999999873e+03	-1.320890000000000100e+03	5.604400000000000546e+02	8.800000000000000044e-01	2.035000000000000142e+01	1.350000000000000089e+00	1.389999999999999902e+00	2.000000000000000042e-02	1.939999999999999947e+00	9.526999999999999602e+01	8.299999999999999600e-01
3.951210000000000036e+03	-1.322240000000000009e+03	5.590399999999999636e+02	8.800000000000000044e-01	2.007000000000000028e+01	-1.350000000000000089e+00	-1.389999999999999902e+00	-0.000000000000000000e+00	-1.939999999999999947e+00	-9.662000000000000455e+01	-1.199999999999999956e-01
3.971659999999999854e+03	-1.322240000000000009e+03	5.590399999999999636e+02	8.800000000000000044e-01	2.044999999999999929e+01	0.000000000000000000e+00	0.000000000000000000e+00	0.000000000000000000e+00	-0.000000000000000000e+00	-0.000000000000000000e+00	0.000000000000000000e+00
3.991380000000000109e+03	-1.322240000000000009e+03	5.590399999999999636e+02	8.699999999999999956e-01	1.971999999999999886e+01	0.000000000000000000e+00	0.000000000000000000e+00	-1.000000000000000021e-02	-0.000000000000000000e+00	-0.000000000000000000e+00	-7.299999999999999822e-01
4.011449999999999818e+03	-1.322240000000000009e+03	5.590399999999999636e+02	8.800000000000000044e-01	2.005999999999999872e+01	0.000000000000000000e+00	0.000000000000000000e+00	1.000000000000000021e-02	-0.000000000000000000e+00	-0.000000000000000000e+00	7.199999999999999734e-01
4.031750000000000000e+03	-1.322240000000000009e+03	5.590399999999999636e+02	8.499999999999999778e-01	2.030999999999999872e+01	0.000000000000000000e+00	0.000000000000000000e+00	-2.999999999999999889e-02	-0.000000000000000000e+00	-0.000000000000000000e+00	-1.439999999999999947e+00
4.051699999999999818e+03	-1.320849999999999909e+03	5.576699999999999591e+02	9.100000000000000311e-01	1.994999999999999929e+01	1.389999999999999902e+00	-1.370000000000000107e+00	5.999999999999999778e-02	1.949999999999999956e+00	9.781000000000000227e+01	3.009999999999999787e+00
4.072690000000000055e+03	-1.320849999999999909e+03	5.576699999999999591e+02	9.000000000000000222e-01	2.098999999999999844e+01	0.000000000000000000e+00	-0.000000000000000000e+00	-1.000000000000000021e-02	0.000000000000000000e+00	7.000000000000000666e-02	-6.600000000000000311e-01
4.091420000000000073e+03	-1.320849999999999909e+03	5.576699999999999591e+02	9.000000000000000222e-01	1.873000000000000043e+01	0.000000000000000000e+00	0.000000000000000000e+00	0.000000000000000000e+00	-0.000000000000000000e+00	-0.000000000000000000e+00	0.000000000000000000e+00
4.111460000000000036e+03	-1.322240000000000009e+03	5.590399999999999636e+02	8.800000000000000044e-01	2.003000000000000114e+01	-1.389999999999999902e+00	1.370000000000000107e+00	-1.000000000000000021e-02	-1.949999999999999956e+00	-9.743999999999999773e+01	-5.899999999999999689e-01
4.132569999999999709e+03	-1.322240000000000009e+03	5.590399999999999636e+02	8.800000000000000044e-01	2.112000000000000099e+01	0.000000000000000000e+00	0.000000000000000000e+00	-1.000000000000000021e-02	-0.000000000000000000e+00	-0.000000000000000000e+00	-2.399999999999999911e-01
4.153529999999999745e+03	-1.322240000000000009e+03	5.590399999999999636e+02	8.499999999999999778e-01	2.096000000000000085e+01	0.000000000000000000e+00	0.000000000000000000e+00	-2.999999999999999889e-02	-0.000000000000000000e+00	-0.000000000000000000e+00	-1.399999999999999911e+00
4.173819999999999709e+03	-1.322240000000000009e+03	5.590399999999999636e+02	8.800000000000000044e-01	2.028999999999999915e+01	0.000000000000000000e+00	0.000000000000000000e+00	2.999999999999999889e-02	-0.000000000000000000e+00	-0.000000000000000000e+00	1.449999999999999956e+00
4.192619999999999891e+03	-1.322240000000000009e+03	5.590399999999999636e+02	8.800000000000000044e-01	1.880000000000000071e+01	0.000000000000000000e+00	0.000000000000000000e+00	0.000000000000000000e+00	-0.000000000000000000e+00	-0.000000000000000000e+00	0.000000000000000000e+00
4.212789999999999964e+03	-1.322240000000000009e+03	5.590399999999999636e+02	8.800000000000000044e-01	2.017999999999999972e+01	0.000000000000000000e+00	0.000000000000000000e+00	0.000000000000000000e+00	-0.000000000000000000e+00	-0.000000000000000000e+00	0.000000000000000000e+00
4.233899999999999636e+03	-1.320849999999999909e+03	5.576699999999999591e+02	9.100000000000000311e-01	2.110999999999999943e+01	1.389999999999999902e+00	-1.370000000000000107e+00	2.999999999999999889e-02	1.949999999999999956e+00	9.240999999999999659e+01	1.449999999999999956e+00
4.253970000000000255e+03	-1.322259999999999991e+03	5.604199999999999591e+02	8.699999999999999956e-01	2.005999999999999872e+01	-1.409999999999999920e+00	2.750000000000000000e+00	-5.000000000000000278e-02	-3.089999999999999858e+00	-1.541699999999999875e+02	-2.250000000000000000e+00
4.274869999999999891e+03	-1.322259999999999991e+03	5.604199999999999591e+02	8.699999999999999956e-01	2.091000000000000014e+01	0.000000000000000000e+00	0.000000000000000000e+00	0.000000000000000000e+00	-0.000000000000000000e+00	-0.000000000000000000e+00	0.000000000000000000e+00
4.293229999999999563e+03	-1.322259999999999991e+03	5.604199999999999591e+02	8.699999999999999956e-01	1.835000000000000142e+01	0.000000000000000000e+00	0.000000000000000000e+00	0.000000000000000000e+00	-0.000000000000000000e+00	-0.000000000000000000e+00	0.000000000000000000e+00
4.314069999999999709e+03	-1.322240000000000009e+03	5.590399999999999636e+02	8.800000000000000044e-01	2.083999999999999986e+01	2.000000000000000042e-02	-1.379999999999999893e+00	1.000000000000000021e-02	1.379999999999999893e+00	6.635999999999999943e+01	6.899999999999999467e-01
4.334670000000000073e+03	-1.320869999999999891e+03	5.590499999999999545e+02	8.699999999999999956e-01	2.060000000000000142e+01	1.370000000000000107e+00	1.000000000000000021e-02	-1.000000000000000021e-02	1.370000000000000107e+00	6.642000000000000171e+01	-5.999999999999999778e-01
4.354640000000000327e+03	-1.322240000000000009e+03	5.590399999999999636e+02	8.800000000000000044e-01	1.998000000000000043e+01	-1.370000000000000107e+00	-1.000000000000000021e-02	1.000000000000000021e-02	-1.370000000000000107e+00	-6.848999999999999488e+01	6.199999999999999956e-01
4.373760000000000218e+03	-1.322240000000000009e+03	5.590399999999999636e+02	8.800000000000000044e-01	1.912000000000000099e+01	0.000000000000000000e+00	0.000000000000000000e+00	0.000000000000000000e+00	-0.000000000000000000e+00	-0.000000000000000000e+00	0.000000000000000000e+00
4.393699999999999818e+03	-1.321569999999999936e+03	5.604299999999999500e+02	8.599999999999999867e-01	1.994000000000000128e+01	6.600000000000000311e-01	1.389999999999999902e+00	-2.000000000000000042e-02	1.540000000000000036e+00	7.715999999999999659e+01	-1.050000000000000044e+00
4.413720000000000255e+03	-1.320869999999999891e+03	5.590499999999999545e+02	9.000000000000000222e-01	2.001000000000000156e+01	7.099999999999999645e-01	-1.379999999999999893e+00	4.000000000000000083e-02	1.550000000000000044e+00	7.729000000000000625e+01	1.889999999999999902e+00
4.434890000000000327e+03	-1.320869999999999891e+03	5.590499999999999545e+02	9.000000000000000222e-01	2.117000000000000171e+01	0.000000000000000000e+00	0.000000000000000000e+00	0.000000000000000000e+00	-0.000000000000000000e+00	-0.000000000000000000e+00	0.000000000000000000e+00
4.454770000000000437e+03	-1.320869999999999891e+03	5.590499999999999545e+02	9.000000000000000222e-01	1.989000000000000057e+01	0.000000000000000000e+00	0.000000000000000000e+00	0.000000000000000000e+00	-0.000000000000000000e+00	-0.000000000000000000e+00	0.000000000000000000e+00
4.473750000000000000e+03	-1.322240000000000009e+03	5.590399999999999636e+02	8.800000000000000044e-01	1.898000000000000043e+01	-1.370000000000000107e+00	-1.000000000000000021e-02	-2.000000000000000042e-02	-1.370000000000000107e+00	-7.209000000000000341e+01	-8.800000000000000044e-01
4.493229999999999563e+03	-1.322240000000000009e+03	5.590399999999999636e+02	8.800000000000000044e-01	1.948000000000000043e+01	0.000000000000000000e+00	0.000000000000000000e+00	0.000000000000000000e+00	-0.000000000000000000e+00	-0.000000000000000000e+00	0.000000000000000000e+00
4.513510000000000218e+03	-1.322240000000000009e+03	5.590399999999999636e+02	8.800000000000000044e-01	2.028000000000000114e+01	0.000000000000000000e+00	0.000000000000000000e+00	0.000000000000000000e+00	-0.000000000000000000e+00	-0.000000000000000000e+00	0.000000000000000000e+00
4.535539999999999964e+03	-1.322259999999999991e+03	5.604199999999999591e+02	8.399999999999999689e-01	2.203000000000000114e+01	-2.000000000000000042e-02	1.379999999999999893e+00	-4.000000000000000083e-02	-1.379999999999999893e+00	-6.277000000000000313e+01	-2.029999999999999805e+00
4.556329999999999927e+03	-1.322259999999999991e+03	5.604199999999999591e+02	8.399999999999999689e-01	2.078999999999999915e+01	0.000000000000000000e+00	0.000000000000000000e+00	0.000000000000000000e+00	-0.000000000000000000e+00	-0.000000000000000000e+00	0.000000000000000000e+00
4.573260000000000218e+03	-1.322259999999999991e+03	5.604199999999999591e+02	8.399999999999999689e-01	1.692999999999999972e+01	0.000000000000000000e+00	0.000000000000000000e+00	0.000000000000000000e+00	-0.000000000000000000e+00	-0.000000000000000000e+00	0.000000000000000000e+00
4.593220000000000255e+03	-1.322259999999999991e+03	5.604199999999999591e+02	8.399999999999999689e-01	1.996000000000000085e+01	0.000000000000000000e+00	0.000000000000000000e+00	0.000000000000000000e+00	-0.000000000000000000e+00	-0.000000000000000000e+00	0.000000000000000000e+00
4.614010000000000218e+03	-1.322240000000000009e+03	5.590399999999999636e+02	8.800000000000000044e-01	2.078999999999999915e+01	2.000000000000000042e-02	-1.379999999999999893e+00	5.000000000000000278e-02	1.379999999999999893e+00	6.651000000000000512e+01	2.390000000000000124e+00
4.634470000000000255e+03	-1.322240000000000009e+03	5.590399999999999636e+02	8.800000000000000044e-01	2.046000000000000085e+01	0.000000000000000000e+00	0.000000000000000000e+00	0.000000000000000000e+00	-0.000000000000000000e+00	-0.000000000000000000e+00	0.000000000000000000e+00
4.653329999999999927e+03	-1.322240000000000009e+03	5.590399999999999636e+02	8.800000000000000044e-01	1.885999999999999943e+01	0.000000000000000000e+00	0.000000000000000000e+00	0.000000000000000000e+00	-0.000000000000000000e+00	-0.000000000000000000e+00	0.000000000000000000e+00
4.673649999999999636e+03	-1.322240000000000009e+03	5.590399999999999636e+02	8.800000000000000044e-01	2.032000000000000028e+01	0.000000000000000000e+00	0.000000000000000000e+00	0.000000000000000000e+00	-0.000000000000000000e+00	-0.000000000000000000e+00	0.000000000000000000e+00
4.693909999999999854e+03	-1.322240000000000009e+03	5.590399999999999636e+02	8.800000000000000044e-01	2.026000000000000156e+01	0.000000000000000000e+00	0.000000000000000000e+00	-1.000000000000000021e-02	-0.000000000000000000e+00	-0.000000000000000000e+00	-2.500000000000000000e-01
4.715939999999999600e+03	-1.320869999999999891e+03	5.590499999999999545e+02	8.699999999999999956e-01	2.203000000000000114e+01	1.370000000000000107e+00	1.000000000000000021e-02	-1.000000000000000021e-02	1.370000000000000107e+00	6.210999999999999943e+01	-5.600000000000000533e-01
4.736140000000000327e+03	-1.320869999999999891e+03	5.590499999999999545e+02	8.699999999999999956e-01	2.019999999999999929e+01	0.000000000000000000e+00	0.000000000000000000e+00	0.000000000000000000e+00	-0.000000000000000000e+00	-0.000000000000000000e+00	0.000000000000000000e+00
4.753479999999999563e+03	-1.320869999999999891e+03	5.590499999999999545e+02	8.699999999999999956e-01	1.733999999999999986e+01	0.000000000000000000e+00	0.000000000000000000e+00	0.000000000000000000e+00	-0.000000000000000000e+00	-0.000000000000000000e+00	0.000000000000000000e+00
4.774229999999999563e+03	-1.322240000000000009e+03	5.590399999999999636e+02	8.699999999999999956e-01	2.075000000000000000e+01	-1.370000000000000107e+00	-1.000000000000000021e-02	-0.000000000000000000e+00	-1.370000000000000107e+00	-6.593000000000000682e+01	-1.000000000000000056e-01
4.793800000000000182e+03	-1.322240000000000009e+03	5.590399999999999636e+02	8.800000000000000044e-01	1.957000000000000028e+01	0.000000000000000000e+00	0.000000000000000000e+00	1.000000000000000021e-02	-0.000000000000000000e+00	-0.000000000000000000e+00	7.399999999999999911e-01
4.815420000000000073e+03	-1.322240000000000009e+03	5.590399999999999636e+02	8.800000000000000044e-01	2.162000000000000099e+01	0.000000000000000000e+00	0.000000000000000000e+00	0.000000000000000000e+00	-0.000000000000000000e+00	-0.000000000000000000e+00	0.000000000000000000e+00
4.833859999999999673e+03	-1.322240000000000009e+03	5.590399999999999636e+02	8.800000000000000044e-01	1.844000000000000128e+01	0.000000000000000000e+00	0.000000000000000000e+00	0.000000000000000000e+00	-0.000000000000000000e+00	-0.000000000000000000e+00	0.000000000000000000e+00
4.853899999999999636e+03	-1.322240000000000009e+03	5.590399999999999636e+02	8.800000000000000044e-01	2.003999999999999915e+01	0.000000000000000000e+00	0.000000000000000000e+00	0.000000000000000000e+00	-0.000000000000000000e+00	-0.000000000000000000e+00	0.000000000000000000e+00
4.874090000000000146e+03	-1.322240000000000009e+03	5.590399999999999636e+02	8.800000000000000044e-01	2.019000000000000128e+01	0.000000000000000000e+00	0.000000000000000000e+00	0.000000000000000000e+00	-0.000000000000000000e+00	-0.000000000000000000e+00	0.000000000000000000e+00
4.894710000000000036e+03	-1.322240000000000009e+03	5.590399999999999636e+02	8.800000000000000044e-01	2.062000000000000099e+01	0.000000000000000000e+00	0.000000000000000000e+00	0.000000000000000000e+00	-0.000000000000000000e+00	-0.000000000000000000e+00	0.000000000000000000e+00
4.915109999999999673e+03	-1.322240000000000009e+03	5.590399999999999636e+02	8.800000000000000044e-01	2.039999999999999858e+01	0.000000000000000000e+00	0.000000000000000000e+00	0.000000000000000000e+00	-0.000000000000000000e+00	-0.000000000000000000e+00	0.000000000000000000e+00
4.933539999999999964e+03	-1.322240000000000009e+03	5.590399999999999636e+02	8.800000000000000044e-01	1.842000000000000171e+01	0.000000000000000000e+00	0.000000000000000000e+00	0.000000000000000000e+00	-0.000000000000000000e+00	-0.000000000000000000e+00	0.000000000000000000e+00
4.953819999999999709e+03	-1.320869999999999891e+03	5.590499999999999545e+02	9.000000000000000222e-01	2.028000000000000114e+01	1.370000000000000107e+00	1.000000000000000021e-02	2.000000000000000042e-02	1.370000000000000107e+00	6.746999999999999886e+01	8.299999999999999600e-01
4.973859999999999673e+03	-1.320849999999999909e+03	5.576699999999999591e+02	9.100000000000000311e-01	2.003999999999999915e+01	2.000000000000000042e-02	-1.379999999999999893e+00	1.000000000000000021e-02	1.379999999999999893e+00	6.898999999999999488e+01	6.899999999999999467e-01
4.993909999999999854e+03	-1.322240000000000009e+03	5.590399999999999636e+02	8.499999999999999778e-01	2.005000000000000071e+01	-1.389999999999999902e+00	1.370000000000000107e+00	-5.999999999999999778e-02	-1.949999999999999956e+00	-9.729999999999999716e+01	-2.990000000000000213e+00
5.014399999999999636e+03	-1.322240000000000009e+03	5.590399999999999636e+02	8.499999999999999778e-01	2.048999999999999844e+01	0.000000000000000000e+00	0.000000000000000000e+00	0.000000000000000000e+00	-0.000000000000000000e+00	-0.000000000000000000e+00	0.000000000000000000e+00
5.033970000000000255e+03	-1.322240000000000009e+03	5.590399999999999636e+02	8.499999999999999778e-01	1.957000000000000028e+01	0.000000000000000000e+00	0.000000000000000000e+00	0.000000000000000000e+00	-0.000000000000000000e+00	-0.000000000000000000e+00	0.000000000000000000e+00
5.054810000000000400e+03	-1.322240000000000009e+03	5.590399999999999636e+02	8.499999999999999778e-01	2.083999999999999986e+01	0.000000000000000000e+00	0.000000000000000000e+00	0.000000000000000000e+00	-0.000000000000000000e+00	-0.000000000000000000e+00	0.000000000000000000e+00
5.073800000000000182e+03	-1.322240000000000009e+03	5.590399999999999636e+02	8.499999999999999778e-01	1.898999999999999844e+01	0.000000000000000000e+00	0.000000000000000000e+00	0.000000000000000000e+00	-0.000000000000000000e+00	-0.000000000000000000e+00	0.000000000000000000e+00
5.095310000000000400e+03	-1.322240000000000009e+03	5.590399999999999636e+02	8.499999999999999778e-01	2.151000000000000156e+01	0.000000000000000000e+00	0.000000000000000000e+00	0.000000000000000000e+00	-0.000000000000000000e+00	-0.000000000000000000e+00	0.000000000000000000e+00
5.114289999999999964e+03	-1.322240000000000009e+03	5.590399999999999636e+02	8.499999999999999778e-01	1.898000000000000043e+01	0.000000000000000000e+00	0.000000000000000000e+00	0.000000000000000000e+00	-0.000000000000000000e+00	-0.000000000000000000e+00	0.000000000000000000e+00
5.134010000000000218e+03	-1.320869999999999891e+03	5.590499999999999545e+02	8.800000000000000044e-01	1.971000000000000085e+01	1.370000000000000107e+00	1.000000000000000021e-02	2.999999999999999889e-02	1.370000000000000107e+00	6.940999999999999659e+01	1.610000000000000098e+00
5.154390000000000327e+03	-1.322240000000000009e+03	5.590399999999999636e+02	8.800000000000000044e-01	2.039000000000000057e+01	-1.370000000000000107e+00	-1.000000000000000021e-02	-0.000000000000000000e+00	-1.370000000000000107e+00	-6.712000000000000455e+01	-1.199999999999999956e-01
5.175229999999999563e+03	-1.322240000000000009e+03	5.590399999999999636e+02	8.800000000000000044e-01	2.083999999999999986e+01	0.000000000000000000e+00	0.000000000000000000e+00	0.000000000000000000e+00	-0.000000000000000000e+00	-0.000000000000000000e+00	0.000000000000000000e+00
5.195210000000000036e+03	-1.322240000000000009e+03	5.590399999999999636e+02	8.800000000000000044e-01	1.998000000000000043e+01	0.000000000000000000e+00	0.000000000000000000e+00	0.000000000000000000e+00	-0.000000000000000000e+00	-0.000000000000000000e+00	0.000000000000000000e+00
5.214710000000000036e+03	-1.322259999999999991e+03	5.604199999999999591e+02	8.499999999999999778e-01	1.950000000000000000e+01	-2.000000000000000042e-02	1.379999999999999893e+00	-2.999999999999999889e-02	-1.379999999999999893e+00	-7.092000000000000171e+01	-1.500000000000000000e+00
5.235289999999999964e+03	-1.320869999999999891e+03	5.590499999999999545e+02	8.699999999999999956e-01	2.057999999999999829e+01	1.389999999999999902e+00	-1.370000000000000107e+00	2.000000000000000042e-02	1.949999999999999956e+00	9.481999999999999318e+01	8.199999999999999512e-01
5.255859999999999673e+03	-1.320869999999999891e+03	5.590499999999999545e+02	8.699999999999999956e-01	2.057000000000000028e+01	0.000000000000000000e+00	0.000000000000000000e+00	0.000000000000000000e+00	-0.000000000000000000e+00	-0.000000000000000000e+00	0.000000000000000000e+00
5.274319999999999709e+03	-1.320869999999999891e+03	5.590499999999999545e+02	8.699999999999999956e-01	1.846000000000000085e+01	0.000000000000000000e+00	0.000000000000000000e+00	0.000000000000000000e+00	-0.000000000000000000e+00	-0.000000000000000000e+00	0.000000000000000000e+00
5.296390000000000327e+03	-1.320869999999999891e+03	5.590499999999999545e+02	9.000000000000000222e-01	2.207000000000000028e+01	0.000000000000000000e+00	0.000000000000000000e+00	2.999999999999999889e-02	-0.000000000000000000e+00	-0.000000000000000000e+00	1.320000000000000062e+00
5.314319999999999709e+03	-1.320869999999999891e+03	5.590499999999999545e+02	9.000000000000000222e-01	1.792999999999999972e+01	0.000000000000000000e+00	0.000000000000000000e+00	0.000000000000000000e+00	-0.000000000000000000e+00	-0.000000000000000000e+00	0.000000000000000000e+00
5.334310000000000400e+03	-1.320869999999999891e+03	5.590499999999999545e+02	9.000000000000000222e-01	1.998999999999999844e+01	0.000000000000000000e+00	0.000000000000000000e+00	0.000000000000000000e+00	-0.000000000000000000e+00	-0.000000000000000000e+00	0.000000000000000000e+00
5.355670000000000073e+03	-1.320869999999999891e+03	5.590499999999999545e+02	9.000000000000000222e-01	2.137000000000000099e+01	0.000000000000000000e+00	0.000000000000000000e+00	0.000000000000000000e+00	-0.000000000000000000e+00	-0.000000000000000000e+00	0.000000000000000000e+00
5.376180000000000291e+03	-1.322240000000000009e+03	5.590399999999999636e+02	8.800000000000000044e-01	2.051000000000000156e+01	-1.370000000000000107e+00	-1.000000000000000021e-02	-2.000000000000000042e-02	-1.370000000000000107e+00	-6.670999999999999375e+01	-8.199999999999999512e-01
5.395680000000000291e+03	-1.320869999999999891e+03	5.590499999999999545e+02	8.800000000000000044e-01	1.950000000000000000e+01	1.370000000000000107e+00	1.000000000000000021e-02	0.000000000000000000e+00	1.370000000000000107e+00	7.015999999999999659e+01	1.199999999999999956e-01
5.414760000000000218e+03	-1.320849999999999909e+03	5.576699999999999591e+02	9.000000000000000222e-01	1.907999999999999829e+01	2.000000000000000042e-02	-1.379999999999999893e+00	1.000000000000000021e-02	1.379999999999999893e+00	7.248000000000000398e+01	7.500000000000000000e-01
5.435500000000000000e+03	-1.322240000000000009e+03	5.590399999999999636e+02	8.499999999999999778e-01	2.073999999999999844e+01	-1.389999999999999902e+00	1.370000000000000107e+00	-5.000000000000000278e-02	-1.949999999999999956e+00	-9.404999999999999716e+01	-2.220000000000000195e+00
5.455539999999999964e+03	-1.320890000000000100e+03	5.604400000000000546e+02	8.900000000000000133e-01	2.003999999999999915e+01	1.350000000000000089e+00	1.389999999999999902e+00	4.000000000000000083e-02	1.939999999999999947e+00	9.676999999999999602e+01	1.850000000000000089e+00
5.475899999999999636e+03	-1.322240000000000009e+03	5.590399999999999636e+02	8.800000000000000044e-01	2.035000000000000142e+01	-1.350000000000000089e+00	-1.389999999999999902e+00	-1.000000000000000021e-02	-1.939999999999999947e+00	-9.526000000000000512e+01	-3.800000000000000044e-01
5.495680000000000291e+03	-1.322240000000000009e+03	5.590399999999999636e+02	8.800000000000000044e-01	1.978999999999999915e+01	0.000000000000000000e+00	0.000000000000000000e+00	0.000000000000000000e+00	-0.000000000000000000e+00	-0.000000000000000000e+00	0.000000000000000000e+00
5.516100000000000364e+03	-1.322259999999999991e+03	5.604199999999999591e+02	8.699999999999999956e-01	2.042000000000000171e+01	-2.000000000000000042e-02	1.379999999999999893e+00	-1.000000000000000021e-02	-1.379999999999999893e+00	-6.771999999999999886e+01	-7.099999999999999645e-01
5.536130000000000109e+03	-1.320849999999999909e+03	5.576699999999999591e+02	9.100000000000000311e-01	2.003000000000000114e+01	1.409999999999999920e+00	-2.750000000000000000e+00	5.000000000000000278e-02	3.089999999999999858e+00	1.544600000000000080e+02	2.250000000000000000e+00
5.557329999999999927e+03	-1.322240000000000009e+03	5.590399999999999636e+02	8.699999999999999956e-01	2.119999999999999929e+01	-1.389999999999999902e+00	1.370000000000000107e+00	-5.000000000000000278e-02	-1.949999999999999956e+00	-9.204000000000000625e+01	-2.129999999999999893e+00
5.577829999999999927e+03	-1.322240000000000009e+03	5.590399999999999636e+02	8.800000000000000044e-01	2.051000000000000156e+01	0.000000000000000000e+00	0.000000000000000000e+00	1.000000000000000021e-02	-0.000000000000000000e+00	-0.000000000000000000e+00	6.999999999999999556e-01
5.595680000000000291e+03	-1.322240000000000009e+03	5.590399999999999636e+02	8.800000000000000044e-01	1.785000000000000142e+01	0.000000000000000000e+00	0.000000000000000000e+00	0.000000000000000000e+00	-0.000000000000000000e+00	-0.000000000000000000e+00	0.000000000000000000e+00
5.615850000000000364e+03	-1.321549999999999955e+03	5.590499999999999545e+02	8.900000000000000133e-01	2.017000000000000171e+01	6.800000000000000488e-01	1.000000000000000021e-02	1.000000000000000021e-02	6.800000000000000488e-01	3.390999999999999659e+01	4.099999999999999756e-01
5.636109999999999673e+03	-1.322240000000000009e+03	5.590399999999999636e+02	8.800000000000000044e-01	2.025000000000000000e+01	-6.800000000000000488e-01	-1.000000000000000021e-02	-1.000000000000000021e-02	-6.800000000000000488e-01	-3.378000000000000114e+01	-4.099999999999999756e-01
0.000000000000000000e+00	0.000000000000000000e+00	0.000000000000000000e+00	0.000000000000000000e+00	5.636109999999999673e+03	3.897099999999999795e+02	2.562300000000000182e+02	-1.270000000000000018e+00	4.920400000000000205e+02	2.374306999999999971e+04	-6.939000000000000057e+01
