     Time	    Pos x	    Pos y	    Angle	Diff Time	Diff Posx	Diff Posy	Diff Angl	Diff Long	Rel Speed	Rel AnSpd	
    0.000	 -709.081	  328.985	    0.169	    0.000	    0.000	    0.000	    0.000	    0.000	    0.000	    0.000
   22.542	  333.743	-1235.101	   -0.027	   22.542	 1042.824	-1564.086	   -0.196	 1879.853	83393.367	   -8.714
   45.320	 -709.134	  332.456	    0.123	   22.778	-1042.877	 1567.557	    0.150	-1882.771	-82657.297	    6.572
   62.587	 -709.145	  333.151	    0.112	   17.267	   -0.011	    0.695	   -0.011	   -0.696	  -40.281	   -0.631
   84.829	 -709.103	  330.375	    0.155	   22.242	    0.042	   -2.776	    0.043	    2.777	  124.839	    1.947
  100.658	 -709.103	  330.375	    0.155	   15.829	    0.000	    0.000	    0.000	   -0.000	   -0.000	    0.000
  120.728	 -709.082	  328.987	    0.176	   20.070	    0.021	   -1.388	    0.021	    1.388	   69.179	    1.069
  140.791	 -709.114	  331.069	    0.144	   20.063	   -0.032	    2.082	   -0.032	   -2.083	 -103.804	   -1.607
  162.244	 -709.124	  331.763	    0.128	   21.453	   -0.010	    0.694	   -0.016	   -0.694	  -32.360	   -0.758
  181.607	 -709.124	  331.763	    0.128	   19.363	    0.000	    0.000	    0.000	   -0.000	   -0.000	    0.000
  202.029	 -709.103	  330.375	    0.162	   20.422	    0.021	   -1.388	    0.034	    1.388	   67.986	    1.661
  223.355	 -709.135	  332.457	    0.123	   21.326	   -0.032	    2.082	   -0.039	   -2.083	  -97.651	   -1.843
  243.701	 -709.081	  328.985	    0.169	   20.346	    0.053	   -3.472	    0.047	    3.472	  170.654	    2.298
  263.436	 -707.782	  333.849	    0.103	   19.735	    1.299	    4.864	   -0.066	    5.034	  255.081	   -3.361
  282.579	 -707.782	  333.849	    0.103	   19.143	    0.000	    0.000	    0.000	   -0.000	   -0.000	    0.000
  302.558	 -709.145	  333.151	    0.112	   19.979	   -1.363	   -0.698	    0.009	   -1.531	  -76.627	    0.436
  323.206	 -709.124	  331.763	    0.133	   20.648	    0.021	   -1.388	    0.022	    1.388	   67.236	    1.051
  343.653	 -709.103	  330.374	    0.155	   20.447	    0.021	   -1.389	    0.022	    1.390	   67.963	    1.057
  364.363	 -709.103	  330.374	    0.155	   20.710	    0.000	    0.000	    0.000	   -0.000	   -0.000	    0.000
  383.209	 -707.729	  330.378	    0.158	   18.846	    1.373	    0.004	    0.003	    1.373	   72.856	    0.177
  403.263	 -709.082	  328.987	    0.169	   20.054	   -1.352	   -1.391	    0.011	   -1.940	  -96.750	    0.546
  424.276	 -709.124	  331.762	    0.128	   21.013	   -0.042	    2.775	   -0.041	   -2.775	 -132.086	   -1.966
  444.405	 -709.145	  333.151	    0.112	   20.129	   -0.022	    1.389	   -0.016	   -1.390	  -69.036	   -0.809
  463.065	 -709.145	  333.151	    0.112	   18.660	    0.000	    0.000	    0.000	   -0.000	   -0.000	    0.000
  483.357	 -709.135	  332.457	    0.123	   20.292	    0.010	   -0.694	    0.011	    0.694	   34.209	    0.535
  503.528	 -707.782	  333.849	    0.103	   20.171	    1.352	    1.392	   -0.020	    1.941	   96.204	   -0.971
  523.452	 -709.082	  328.987	    0.176	   19.924	   -1.299	   -4.862	    0.073	   -5.033	 -252.610	    3.688
  544.731	 -707.782	  333.849	    0.103	   21.279	    1.299	    4.862	   -0.073	    5.033	  236.527	   -3.453
  563.330	 -707.782	  333.849	    0.103	   18.599	    0.000	    0.000	    0.000	   -0.000	   -0.000	    0.000
  583.187	 -709.103	  330.374	    0.149	   19.857	   -1.320	   -3.475	    0.046	   -3.718	 -187.217	    2.303
  603.594	 -709.135	  332.457	    0.118	   20.407	   -0.032	    2.083	   -0.031	   -2.084	 -102.109	   -1.526
  624.373	 -709.114	  331.069	    0.144	   20.779	    0.021	   -1.388	    0.027	    1.388	   66.815	    1.283
  644.556	 -709.124	  331.763	    0.133	   20.183	   -0.010	    0.694	   -0.011	   -0.694	  -34.397	   -0.536
  663.232	 -709.124	  331.763	    0.133	   18.676	    0.000	    0.000	    0.000	   -0.000	   -0.000	    0.000
  683.700	 -709.103	  330.375	    0.155	   20.468	    0.021	   -1.388	    0.022	    1.388	   67.833	    1.055
  703.703	 -709.103	  330.374	    0.155	   20.003	    0.000	   -0.001	    0.000	    0.001	    0.066	    0.001
  724.299	 -707.772	  333.154	    0.114	   20.596	    1.331	    2.780	   -0.041	    3.083	  149.671	   -1.986
  745.777	 -707.772	  333.154	    0.114	   21.478	    0.000	    0.000	    0.000	   -0.000	   -0.000	    0.000
  763.317	 -709.103	  330.374	    0.155	   17.540	   -1.331	   -2.780	    0.041	   -3.083	 -175.749	    2.332
  783.521	 -709.124	  331.763	    0.128	   20.204	   -0.021	    1.389	   -0.027	   -1.390	  -68.780	   -1.339
  803.808	 -709.103	  330.374	    0.149	   20.287	    0.021	   -1.389	    0.021	    1.390	   68.499	    1.022
  825.169	 -707.782	  333.849	    0.103	   21.361	    1.320	    3.475	   -0.046	    3.718	  174.036	   -2.140
  843.201	 -707.782	  333.849	    0.103	   18.032	    0.000	    0.000	    0.000	   -0.000	   -0.000	    0.000
  863.348	 -709.124	  331.763	    0.133	   20.147	   -1.342	   -2.086	    0.030	   -2.480	 -123.097	    1.510
  885.214	 -707.782	  333.849	    0.103	   21.866	    1.342	    2.086	   -0.030	    2.480	  113.420	   -1.391
  904.873	 -709.124	  331.763	    0.133	   19.659	   -1.342	   -2.086	    0.030	   -2.480	 -126.155	    1.548
  925.204	 -709.103	  330.375	    0.155	   20.331	    0.021	   -1.388	    0.022	    1.388	   68.289	    1.062
  943.250	 -709.103	  330.375	    0.155	   18.046	    0.000	    0.000	    0.000	   -0.000	   -0.000	    0.000
  963.487	 -709.103	  330.375	    0.155	   20.237	    0.000	    0.000	    0.000	   -0.000	   -0.000	    0.000
  985.794	 -709.103	  330.375	    0.155	   22.307	    0.000	    0.000	    0.000	   -0.000	   -0.000	    0.000
 1007.626	 -709.103	  330.375	    0.155	   21.832	    0.000	    0.000	    0.000	   -0.000	   -0.000	    0.000
 1023.350	 -709.103	  330.375	    0.155	   15.724	    0.000	    0.000	    0.000	   -0.000	   -0.000	    0.000
 1043.420	 -709.082	  328.987	    0.169	   20.070	    0.021	   -1.388	    0.014	    1.388	   69.179	    0.712
 1063.384	 -709.103	  330.375	    0.155	   19.964	   -0.021	    1.388	   -0.014	   -1.388	  -69.547	   -0.716
 1084.560	 -709.081	  328.985	    0.169	   21.176	    0.022	   -1.389	    0.014	    1.390	   65.622	    0.676
 1104.357	 -709.135	  332.457	    0.123	   19.797	   -0.053	    3.472	   -0.047	   -3.472	 -175.386	   -2.361
 1123.373	 -709.135	  332.457	    0.123	   19.016	    0.000	    0.000	    0.000	   -0.000	   -0.000	    0.000
 1144.093	 -709.124	  331.763	    0.128	   20.720	    0.011	   -0.694	    0.005	    0.694	   33.500	    0.260
 1164.442	 -709.081	  328.985	    0.176	   20.349	    0.043	   -2.778	    0.049	    2.778	  136.518	    2.384
 1185.147	 -709.124	  331.762	    0.133	   20.705	   -0.042	    2.776	   -0.043	   -2.777	 -134.106	   -2.079
 1205.279	 -709.156	  333.845	    0.101	   20.132	   -0.032	    2.083	   -0.033	   -2.084	 -103.505	   -1.620
 1223.378	 -709.156	  333.845	    0.101	   18.099	    0.000	    0.000	    0.000	   -0.000	   -0.000	    0.000
 1244.308	 -709.145	  333.151	    0.112	   20.930	    0.010	   -0.694	    0.011	    0.694	   33.163	    0.520
 1264.800	 -709.124	  331.762	    0.128	   20.492	    0.022	   -1.389	    0.016	    1.390	   67.813	    0.794
 1284.741	 -709.124	  331.763	    0.133	   19.941	   -0.000	    0.001	    0.005	   -0.001	   -0.072	    0.272
 1305.561	 -709.124	  331.763	    0.133	   20.820	    0.000	    0.000	    0.000	   -0.000	   -0.000	    0.000
 1323.334	 -709.081	  328.985	    0.176	   17.773	    0.043	   -2.778	    0.043	    2.778	  156.305	    2.424
 1343.959	 -707.782	  333.849	    0.103	   20.625	    1.299	    4.864	   -0.074	    5.034	  244.073	   -3.564
 1364.468	 -709.081	  328.985	    0.176	   20.509	   -1.299	   -4.864	    0.074	   -5.034	 -245.456	    3.584
 1384.825	 -707.782	  333.849	    0.103	   20.357	    1.299	    4.864	   -0.074	    5.034	  247.289	   -3.611
 1403.646	 -707.782	  333.849	    0.103	   18.821	    0.000	    0.000	    0.000	   -0.000	   -0.000	    0.000
 1423.797	 -707.750	  331.766	    0.131	   20.151	    0.032	   -2.083	    0.028	    2.083	  103.381	    1.371
 1444.329	 -709.145	  333.151	    0.112	   20.532	   -1.395	    1.385	   -0.019	   -1.966	  -95.737	   -0.921
 1464.766	 -709.124	  331.763	    0.133	   20.437	    0.021	   -1.388	    0.022	    1.388	   67.930	    1.062
 1484.647	 -709.145	  333.151	    0.107	   19.881	   -0.021	    1.388	   -0.026	   -1.388	  -69.830	   -1.321
 1503.367	 -709.145	  333.151	    0.107	   18.720	    0.000	    0.000	    0.000	   -0.000	   -0.000	    0.000
 1523.475	 -709.124	  331.763	    0.133	   20.108	    0.021	   -1.388	    0.026	    1.388	   69.042	    1.306
 1543.603	 -709.145	  333.151	    0.107	   20.128	   -0.021	    1.388	   -0.026	   -1.388	  -68.973	   -1.305
 1564.766	 -707.782	  333.849	    0.103	   21.163	    1.363	    0.698	   -0.004	    1.531	   72.340	   -0.197
 1583.458	 -707.782	  333.849	    0.103	   18.692	    0.000	    0.000	    0.000	   -0.000	   -0.000	    0.000
 1603.680	 -709.092	  329.680	    0.159	   20.222	   -1.310	   -4.169	    0.056	   -4.370	 -216.116	    2.771
 1623.983	 -709.124	  331.763	    0.128	   20.303	   -0.032	    2.084	   -0.031	   -2.084	 -102.636	   -1.530
 1644.045	 -709.103	  330.375	    0.155	   20.062	    0.021	   -1.388	    0.027	    1.388	   69.206	    1.348
 1664.939	 -707.782	  333.849	    0.103	   20.894	    1.321	    3.474	   -0.052	    3.717	  177.880	   -2.490
 1683.441	 -707.782	  333.849	    0.103	   18.502	    0.000	    0.000	    0.000	   -0.000	   -0.000	    0.000
 1703.453	 -709.103	  330.375	    0.149	   20.012	   -1.321	   -3.474	    0.046	   -3.717	 -185.720	    2.284
 1724.322	 -707.782	  333.849	    0.103	   20.869	    1.321	    3.474	   -0.046	    3.717	  178.093	   -2.190
 1743.463	 -709.124	  331.763	    0.133	   19.141	   -1.342	   -2.086	    0.030	   -2.480	 -129.567	    1.589
 1764.973	 -709.124	  331.762	    0.128	   21.510	    0.000	   -0.001	   -0.005	    0.001	    0.066	   -0.252
 1783.497	 -709.124	  331.762	    0.128	   18.524	    0.000	    0.000	    0.000	   -0.000	   -0.000	    0.000
 1803.539	 -709.145	  333.151	    0.107	   20.042	   -0.022	    1.389	   -0.021	   -1.390	  -69.336	   -1.040
 1823.598	 -709.124	  331.762	    0.128	   20.059	    0.022	   -1.389	    0.021	    1.390	   69.278	    1.039
 1844.344	 -709.124	  331.763	    0.128	   20.746	   -0.000	    0.001	   -0.000	   -0.001	   -0.069	   -0.001
 1863.452	 -709.124	  331.763	    0.128	   19.108	    0.000	    0.000	    0.000	   -0.000	   -0.000	    0.000
 1884.454	 -709.082	  328.987	    0.169	   21.002	    0.042	   -2.777	    0.041	    2.777	  132.217	    1.968
 1904.082	 -707.782	  333.849	    0.103	   19.628	    1.299	    4.862	   -0.066	    5.033	  256.420	   -3.379
 1924.489	 -709.124	  331.762	    0.133	   20.407	   -1.341	   -2.087	    0.030	   -2.481	 -121.572	    1.492
 1945.704	 -707.782	  333.849	    0.103	   21.215	    1.341	    2.087	   -0.030	    2.481	  116.942	   -1.435
 1969.573	 -707.782	  333.849	    0.103	   23.869	    0.000	    0.000	    0.000	   -0.000	   -0.000	    0.000
 1984.655	 -709.092	  329.681	    0.166	   15.082	   -1.310	   -4.168	    0.063	   -4.369	 -289.703	    4.162
 2005.433	 -709.124	  331.763	    0.128	   20.778	   -0.032	    2.082	   -0.038	   -2.083	 -100.232	   -1.819
 2026.552	 -707.782	  333.849	    0.099	   21.119	    1.342	    2.086	   -0.029	    2.480	  117.433	   -1.386
 2045.642	 -707.782	  333.849	    0.099	   19.090	    0.000	    0.000	    0.000	   -0.000	   -0.000	    0.000
 2062.597	 -707.782	  333.849	    0.099	   16.955	    0.000	    0.000	    0.000	   -0.000	   -0.000	    0.000
 2082.430	 -707.782	  333.849	    0.099	   19.833	    0.000	    0.000	    0.000	   -0.000	   -0.000	    0.000
 2102.527	 -707.782	  333.849	    0.099	   20.097	    0.000	    0.000	    0.000	   -0.000	   -0.000	    0.000
 2126.039	 -705.035	  333.855	    0.103	   23.512	    2.747	    0.006	    0.004	    2.747	  116.847	    0.181
 2143.961	 -705.035	  333.855	    0.103	   17.922	    0.000	    0.000	    0.000	   -0.000	   -0.000	    0.000
 2164.516	 -703.525	  324.834	    0.240	   20.555	    1.511	   -9.021	    0.137	    9.147	  444.982	    6.658
 2184.797	 -702.288	  333.861	    0.099	   20.281	    1.236	    9.027	   -0.141	    9.112	  449.267	   -6.962
 2205.208	 -702.288	  333.861	    0.099	   20.411	    0.000	    0.000	    0.000	   -0.000	   -0.000	    0.000
 2222.529	 -702.288	  333.861	    0.099	   17.321	    0.000	    0.000	    0.000	   -0.000	   -0.000	    0.000
 2244.180	 -699.551	  334.562	    0.088	   21.651	    2.737	    0.700	   -0.011	    2.825	  130.480	   -0.495
 2264.378	 -698.093	  329.012	    0.169	   20.198	    1.458	   -5.550	    0.081	    5.738	  284.094	    4.021
 2284.864	 -698.093	  329.012	    0.169	   20.486	    0.000	    0.000	    0.000	   -0.000	   -0.000	    0.000
 2304.027	 -698.093	  329.012	    0.169	   19.163	    0.000	    0.000	    0.000	   -0.000	   -0.000	    0.000
 2322.465	 -698.093	  329.012	    0.169	   18.438	    0.000	    0.000	    0.000	   -0.000	   -0.000	    0.000
 2343.998	 -692.640	  331.801	    0.133	   21.533	    5.453	    2.789	   -0.036	    6.125	  284.457	   -1.670
 2364.334	 -689.860	  329.725	    0.217	   20.336	    2.780	   -2.076	    0.084	    3.469	  170.595	    4.135
 2382.480	 -689.860	  329.725	    0.217	   18.146	    0.000	    0.000	    0.000	   -0.000	   -0.000	    0.000
 2403.700	 -689.860	  329.725	    0.217	   21.220	    0.000	    0.000	    0.000	   -0.000	   -0.000	    0.000
 2422.681	 -689.860	  329.725	    0.217	   18.981	    0.000	    0.000	    0.000	   -0.000	   -0.000	    0.000
 2442.475	 -689.860	  329.725	    0.217	   19.794	    0.000	    0.000	    0.000	   -0.000	   -0.000	    0.000
 2463.010	 -689.860	  329.725	    0.217	   20.535	    0.000	    0.000	    0.000	   -0.000	   -0.000	    0.000
 2485.959	 -677.586	  336.000	    0.109	   22.949	   12.275	    6.274	   -0.108	   13.785	  600.699	   -4.719
 2505.838	 -674.847	  336.700	    0.103	   19.879	    2.739	    0.701	   -0.006	    2.827	  142.205	   -0.323
 2524.031	 -674.847	  336.700	    0.103	   18.193	    0.000	    0.000	    0.000	   -0.000	   -0.000	    0.000
 2545.690	 -673.398	  331.842	    0.176	   21.659	    1.449	   -4.858	    0.073	    5.070	  234.074	    3.389
 2565.362	 -670.690	  334.625	    0.127	   19.672	    2.708	    2.783	   -0.049	    3.883	  197.374	   -2.466
 2585.323	 -667.897	  331.853	    0.176	   19.961	    2.793	   -2.772	    0.048	    3.935	  197.143	    2.426
 2606.589	 -665.126	  330.469	    0.197	   21.266	    2.772	   -1.384	    0.021	    3.098	  145.684	    1.000
 2623.979	 -665.126	  330.469	    0.197	   17.390	    0.000	    0.000	    0.000	   -0.000	   -0.000	    0.000
 2644.103	 -662.375	  330.474	    0.197	   20.124	    2.751	    0.005	   -0.000	    2.751	  136.689	   -0.002
 2664.211	 -659.667	  333.257	    0.154	   20.108	    2.708	    2.783	   -0.043	    3.883	  193.130	   -2.128
 2684.135	 -655.539	  333.264	    0.158	   19.924	    4.127	    0.007	    0.003	    4.127	  207.147	    0.166
 2704.011	 -655.539	  333.264	    0.158	   19.876	    0.000	    0.000	    0.000	   -0.000	   -0.000	    0.000
 2723.959	 -654.206	  336.045	    0.111	   19.948	    1.333	    2.781	   -0.047	    3.084	  154.598	   -2.338
 2744.650	 -650.036	  333.274	    0.210	   20.691	    4.170	   -2.770	    0.099	    5.007	  241.967	    4.799
 2766.284	 -648.660	  333.277	    0.197	   21.634	    1.376	    0.003	   -0.013	    1.376	   63.597	   -0.618
 2785.884	 -644.510	  331.894	    0.223	   19.600	    4.150	   -1.383	    0.026	    4.375	  223.196	    1.314
 2804.364	 -644.510	  331.894	    0.223	   18.480	    0.000	    0.000	    0.000	   -0.000	   -0.000	    0.000
 2824.672	 -641.843	  337.456	    0.135	   20.308	    2.667	    5.562	   -0.087	    6.168	  303.733	   -4.296
 2845.147	 -639.090	  337.460	    0.130	   20.475	    2.753	    0.005	   -0.006	    2.753	  134.456	   -0.279
 2866.024	 -639.090	  337.460	    0.130	   20.877	    0.000	    0.000	    0.000	   -0.000	   -0.000	    0.000
 2882.916	 -639.090	  337.460	    0.130	   16.892	    0.000	    0.000	    0.000	   -0.000	   -0.000	    0.000
 2902.790	 -639.090	  337.460	    0.130	   19.874	    0.000	    0.000	    0.000	   -0.000	   -0.000	    0.000
 2922.780	 -639.090	  337.460	    0.130	   19.990	    0.000	    0.000	    0.000	   -0.000	   -0.000	    0.000
 2942.787	 -639.090	  337.460	    0.130	   20.007	    0.000	    0.000	    0.000	   -0.000	   -0.000	    0.000
 2963.107	 -639.090	  337.460	    0.130	   20.320	    0.000	    0.000	    0.000	   -0.000	   -0.000	    0.000
 2982.901	 -639.090	  337.460	    0.130	   19.794	    0.000	    0.000	    0.000	   -0.000	   -0.000	    0.000
 3002.984	 -639.090	  337.460	    0.130	   20.083	    0.000	    0.000	    0.000	   -0.000	   -0.000	    0.000
 3025.651	 -618.326	  330.542	    0.249	   22.667	   20.764	   -6.918	    0.119	   21.886	  965.568	    5.259
 3046.200	 -615.635	  334.715	    0.227	   20.549	    2.691	    4.173	   -0.022	    4.966	  241.645	   -1.061
 3066.673	 -612.901	  336.109	    0.205	   20.473	    2.734	    1.393	   -0.022	    3.069	  149.895	   -1.077
 3084.651	 -612.901	  336.109	    0.205	   17.978	    0.000	    0.000	    0.000	   -0.000	   -0.000	    0.000
 3102.910	 -612.901	  336.109	    0.205	   18.259	    0.000	    0.000	    0.000	   -0.000	   -0.000	    0.000
 3123.984	 -612.901	  336.109	    0.205	   21.074	    0.000	    0.000	    0.000	   -0.000	   -0.000	    0.000
 3146.154	 -606.042	  338.203	    0.161	   22.170	    6.858	    2.094	   -0.044	    7.171	  323.448	   -1.995
 3162.815	 -606.042	  338.203	    0.161	   16.661	    0.000	    0.000	    0.000	   -0.000	   -0.000	    0.000
 3183.022	 -606.042	  338.203	    0.161	   20.207	    0.000	    0.000	    0.000	   -0.000	   -0.000	    0.000
 3205.133	 -596.360	  336.129	    0.205	   22.111	    9.682	   -2.074	    0.044	    9.902	  447.828	    1.986
 3225.178	 -593.602	  336.132	    0.196	   20.045	    2.758	    0.003	   -0.009	    2.758	  137.580	   -0.436
 3245.009	 -589.486	  337.526	    0.232	   19.831	    4.116	    1.394	    0.036	    4.346	  219.133	    1.803
 3264.743	 -589.486	  337.526	    0.232	   19.734	    0.000	    0.000	    0.000	   -0.000	   -0.000	    0.000
 3284.539	 -586.836	  344.481	    0.112	   19.796	    2.650	    6.955	   -0.119	    7.443	  375.986	   -6.024
 3302.785	 -586.836	  344.481	    0.112	   18.246	    0.000	    0.000	    0.000	   -0.000	   -0.000	    0.000
 3323.032	 -586.836	  344.481	    0.112	   20.247	    0.000	    0.000	    0.000	   -0.000	   -0.000	    0.000
 3344.561	 -586.836	  344.481	    0.112	   21.529	    0.000	    0.000	    0.000	   -0.000	   -0.000	    0.000
 3364.283	 -577.027	  334.756	    0.259	   19.722	    9.809	   -9.725	    0.146	   13.812	  700.361	    7.403
 3386.952	 -572.930	  337.542	    0.221	   22.669	    4.096	    2.785	   -0.037	    4.954	  218.524	   -1.634
 3407.309	 -570.256	  343.106	    0.134	   20.357	    2.674	    5.565	   -0.087	    6.174	  303.277	   -4.279
 3427.245	 -567.474	  341.718	    0.156	   19.936	    2.782	   -1.388	    0.022	    3.110	  155.980	    1.101
 3446.207	 -567.474	  341.718	    0.156	   18.962	    0.000	    0.000	    0.000	   -0.000	   -0.000	    0.000
 3462.837	 -567.474	  341.718	    0.156	   16.630	    0.000	    0.000	    0.000	   -0.000	   -0.000	    0.000
 3483.191	 -567.474	  341.718	    0.156	   20.354	    0.000	    0.000	    0.000	   -0.000	   -0.000	    0.000
 3505.942	 -560.462	  334.769	    0.269	   22.751	    7.012	   -6.949	    0.113	    9.872	  433.926	    4.973
 3524.039	 -560.462	  334.769	    0.269	   18.097	    0.000	    0.000	    0.000	   -0.000	   -0.000	    0.000
 3544.309	 -555.014	  339.641	    0.237	   20.270	    5.448	    4.872	   -0.032	    7.309	  360.583	   -1.601
 3565.288	 -550.881	  340.339	    0.221	   20.979	    4.133	    0.699	   -0.016	    4.191	  199.792	   -0.757
 3586.388	 -550.881	  340.339	    0.221	   21.100	    0.000	    0.000	    0.000	   -0.000	   -0.000	    0.000
 3608.036	 -545.430	  345.211	    0.145	   21.648	    5.451	    4.872	   -0.076	    7.311	  337.701	   -3.515
 3627.933	 -545.430	  345.211	    0.145	   19.897	    0.000	    0.000	    0.000	   -0.000	   -0.000	    0.000
 3642.979	 -545.430	  345.211	    0.145	   15.046	    0.000	    0.000	    0.000	   -0.000	   -0.000	    0.000
 3663.015	 -545.430	  345.211	    0.145	   20.036	    0.000	    0.000	    0.000	   -0.000	   -0.000	    0.000
 3682.853	 -545.430	  345.211	    0.145	   19.838	    0.000	    0.000	    0.000	   -0.000	   -0.000	    0.000
 3703.316	 -545.430	  345.211	    0.145	   20.463	    0.000	    0.000	    0.000	   -0.000	   -0.000	    0.000
 3724.439	 -532.926	  341.044	    0.258	   21.123	   12.505	   -4.167	    0.113	   13.181	  624.010	    5.362
 3742.888	 -532.926	  341.044	    0.258	   18.449	    0.000	    0.000	    0.000	   -0.000	   -0.000	    0.000
 3764.764	 -527.471	  345.916	    0.182	   21.876	    5.455	    4.872	   -0.077	    7.314	  334.335	   -3.507
 3786.118	 -527.471	  345.916	    0.182	   21.354	    0.000	    0.000	    0.000	   -0.000	   -0.000	    0.000
 3805.061	 -527.471	  345.916	    0.182	   18.943	    0.000	    0.000	    0.000	   -0.000	   -0.000	    0.000
 3822.964	 -527.471	  345.916	    0.182	   17.903	    0.000	    0.000	    0.000	   -0.000	   -0.000	    0.000
 3842.894	 -527.471	  345.916	    0.182	   19.930	    0.000	    0.000	    0.000	   -0.000	   -0.000	    0.000
 3864.730	 -513.550	  340.354	    0.269	   21.836	   13.921	   -5.563	    0.087	   14.991	  686.534	    3.988
 3885.157	 -510.804	  341.746	    0.247	   20.427	    2.746	    1.392	   -0.022	    3.079	  150.718	   -1.056
 3906.038	 -508.036	  341.746	    0.247	   20.881	    2.768	    0.000	   -0.000	    2.768	  132.569	   -0.002
 3924.995	 -508.036	  341.746	    0.247	   18.957	    0.000	    0.000	    0.000	   -0.000	   -0.000	    0.000
 3944.705	 -504.047	  352.187	    0.128	   19.710	    3.989	   10.441	   -0.119	   11.177	  567.065	   -6.032
 3964.942	 -501.223	  348.707	    0.185	   20.237	    2.824	   -3.480	    0.057	    4.482	  221.482	    2.826
 3986.158	 -501.223	  348.707	    0.185	   21.216	    0.000	    0.000	    0.000	   -0.000	   -0.000	    0.000
 4002.930	 -501.223	  348.707	    0.185	   16.772	    0.000	    0.000	    0.000	   -0.000	   -0.000	    0.000
 4024.469	 -494.189	  341.746	    0.278	   21.539	    7.034	   -6.961	    0.092	    9.896	  459.430	    4.283
 4044.689	 -490.078	  344.531	    0.252	   20.220	    4.111	    2.785	   -0.025	    4.966	  245.592	   -1.251
 4066.063	 -487.373	  348.708	    0.177	   21.374	    2.705	    4.177	   -0.075	    4.976	  232.829	   -3.524
 4085.817	 -484.645	  351.493	    0.139	   19.754	    2.728	    2.785	   -0.038	    3.898	  197.324	   -1.904
 4104.591	 -484.645	  351.493	    0.139	   18.774	    0.000	    0.000	    0.000	   -0.000	   -0.000	    0.000
 4124.736	 -481.940	  355.671	    0.116	   20.145	    2.706	    4.178	   -0.023	    4.978	  247.087	   -1.144
 4145.757	 -481.940	  355.671	    0.116	   21.021	    0.000	    0.000	    0.000	   -0.000	   -0.000	    0.000
 4163.751	 -481.940	  355.671	    0.116	   17.994	    0.000	    0.000	    0.000	   -0.000	   -0.000	    0.000
 4185.657	 -474.811	  343.136	    0.310	   21.906	    7.129	  -12.535	    0.194	   14.420	  658.266	    8.855
 4202.948	 -474.811	  343.136	    0.310	   17.291	    0.000	    0.000	    0.000	   -0.000	   -0.000	    0.000
 4224.491	 -467.988	  350.099	    0.207	   21.542	    6.823	    6.963	   -0.103	    9.749	  452.527	   -4.778
 4244.622	 -466.645	  352.885	    0.151	   20.131	    1.343	    2.786	   -0.056	    3.093	  153.621	   -2.774
 4262.953	 -466.645	  352.885	    0.151	   18.331	    0.000	    0.000	    0.000	   -0.000	   -0.000	    0.000
 4282.962	 -466.645	  352.885	    0.151	   20.009	    0.000	    0.000	    0.000	   -0.000	   -0.000	    0.000
 4303.085	 -466.645	  352.885	    0.151	   20.123	    0.000	    0.000	    0.000	   -0.000	   -0.000	    0.000
 4323.398	 -466.645	  352.885	    0.151	   20.313	    0.000	    0.000	    0.000	   -0.000	   -0.000	    0.000
 4345.709	 -455.436	  345.916	    0.268	   22.311	   11.209	   -6.969	    0.116	   13.199	  591.593	    5.204
 4363.836	 -455.436	  345.916	    0.268	   18.127	    0.000	    0.000	    0.000	   -0.000	   -0.000	    0.000
 4384.612	 -449.951	  350.093	    0.246	   20.776	    5.486	    4.178	   -0.022	    6.895	  331.889	   -1.037
 4404.932	 -445.797	  350.788	    0.240	   20.320	    4.153	    0.695	   -0.006	    4.211	  207.243	   -0.276
 4425.274	 -444.463	  354.271	    0.180	   20.342	    1.334	    3.482	   -0.060	    3.729	  183.320	   -2.959
 4446.198	 -440.319	  355.663	    0.154	   20.924	    4.144	    1.392	   -0.026	    4.371	  208.911	   -1.234
 4467.895	 -440.319	  355.663	    0.154	   21.697	    0.000	    0.000	    0.000	   -0.000	   -0.000	    0.000
 4483.754	 -440.319	  355.663	    0.154	   15.859	    0.000	    0.000	    0.000	   -0.000	   -0.000	    0.000
 4504.492	 -440.319	  355.663	    0.154	   20.738	    0.000	    0.000	    0.000	   -0.000	   -0.000	    0.000
 4525.269	 -440.319	  355.663	    0.154	   20.777	    0.000	    0.000	    0.000	   -0.000	   -0.000	    0.000
 4544.309	 -440.319	  355.663	    0.154	   19.040	    0.000	    0.000	    0.000	   -0.000	   -0.000	    0.000
 4563.810	 -440.319	  355.663	    0.154	   19.501	    0.000	    0.000	    0.000	   -0.000	   -0.000	    0.000
 4587.564	 -423.602	  352.866	    0.207	   23.754	   16.718	   -2.797	    0.052	   16.950	  713.576	    2.194
 4606.371	 -420.909	  358.439	    0.115	   18.807	    2.693	    5.574	   -0.091	    6.190	  329.122	   -4.848
 4627.431	 -418.151	  359.832	    0.132	   21.060	    2.758	    1.393	    0.017	    3.090	  146.720	    0.800
 4647.696	 -418.151	  359.832	    0.132	   20.265	    0.000	    0.000	    0.000	   -0.000	   -0.000	    0.000
 4664.502	 -418.151	  359.832	    0.132	   16.806	    0.000	    0.000	    0.000	   -0.000	   -0.000	    0.000
 4684.473	 -418.151	  359.832	    0.132	   19.971	    0.000	    0.000	    0.000	   -0.000	   -0.000	    0.000
 4707.058	 -408.305	  352.855	    0.245	   22.585	    9.846	   -6.978	    0.113	   12.068	  534.336	    5.005
 4726.238	 -404.208	  357.731	    0.172	   19.180	    4.097	    4.876	   -0.073	    6.369	  332.069	   -3.799
 4747.549	 -401.391	  355.637	    0.206	   21.311	    2.816	   -2.094	    0.034	    3.510	  164.684	    1.587
 4766.096	 -401.391	  355.637	    0.206	   18.547	    0.000	    0.000	    0.000	   -0.000	   -0.000	    0.000
 4784.494	 -401.391	  355.637	    0.206	   18.398	    0.000	    0.000	    0.000	   -0.000	   -0.000	    0.000
 4806.109	 -395.911	  361.210	    0.154	   21.615	    5.480	    5.573	   -0.052	    7.816	  361.596	   -2.423
 4826.474	 -391.614	  353.537	    0.290	   20.365	    4.298	   -7.673	    0.136	    8.795	  431.857	    6.672
 4846.080	 -391.614	  353.537	    0.290	   19.606	    0.000	    0.000	    0.000	   -0.000	   -0.000	    0.000
 4867.033	 -388.817	  352.836	    0.301	   20.953	    2.797	   -0.701	    0.011	    2.884	  137.623	    0.523
 4886.454	 -384.705	  357.016	    0.228	   19.421	    4.112	    4.181	   -0.072	    5.864	  301.938	   -3.727
 4908.079	 -383.356	  359.805	    0.179	   21.625	    1.349	    2.789	   -0.049	    3.098	  143.256	   -2.266
 4928.431	 -379.242	  363.985	    0.115	   20.352	    4.114	    4.180	   -0.064	    5.865	  288.176	   -3.165
 4946.080	 -379.242	  363.985	    0.115	   17.649	    0.000	    0.000	    0.000	   -0.000	   -0.000	    0.000
 4967.280	 -379.242	  363.985	    0.115	   21.200	    0.000	    0.000	    0.000	   -0.000	   -0.000	    0.000
 4985.797	 -373.667	  363.979	    0.161	   18.517	    5.575	   -0.006	    0.046	    5.575	  301.077	    2.472
 5007.496	 -369.330	  354.208	    0.308	   21.699	    4.337	   -9.771	    0.148	   10.691	  492.673	    6.801
 5027.946	 -366.541	  354.204	    0.308	   20.450	    2.789	   -0.004	   -0.000	    2.789	  136.378	   -0.003
 5045.950	 -366.541	  354.204	    0.308	   18.004	    0.000	    0.000	    0.000	   -0.000	   -0.000	    0.000
 5064.579	 -366.541	  354.204	    0.308	   18.629	    0.000	    0.000	    0.000	   -0.000	   -0.000	    0.000
 5084.874	 -366.541	  354.204	    0.308	   20.295	    0.000	    0.000	    0.000	   -0.000	   -0.000	    0.000
 5107.863	 -362.512	  363.968	    0.153	   22.989	    4.028	    9.764	   -0.155	   10.562	  459.440	   -6.736
 5124.631	 -362.512	  363.968	    0.153	   16.768	    0.000	    0.000	    0.000	   -0.000	   -0.000	    0.000
 5145.053	 -362.512	  363.968	    0.153	   20.422	    0.000	    0.000	    0.000	   -0.000	   -0.000	    0.000
 5165.463	 -362.512	  363.968	    0.153	   20.410	    0.000	    0.000	    0.000	   -0.000	   -0.000	    0.000
 5187.333	 -356.888	  361.170	    0.206	   21.870	    5.625	   -2.798	    0.052	    6.282	  287.243	    2.386
 5207.311	 -356.888	  361.170	    0.206	   19.978	    0.000	    0.000	    0.000	   -0.000	   -0.000	    0.000
 5224.524	 -356.888	  361.170	    0.206	   17.213	    0.000	    0.000	    0.000	   -0.000	   -0.000	    0.000
 5246.216	 -355.426	  356.982	    0.291	   21.692	    1.462	   -4.189	    0.086	    4.437	  204.524	    3.953
 5266.029	 -355.448	  358.377	    0.244	   19.813	   -0.022	    1.396	   -0.047	   -1.396	  -70.460	   -2.368
 5288.093	 -355.448	  358.377	    0.244	   22.064	    0.000	    0.000	    0.000	   -0.000	   -0.000	    0.000
 5307.622	 -355.448	  358.377	    0.244	   19.529	    0.000	    0.000	    0.000	   -0.000	   -0.000	    0.000
 5324.630	 -355.448	  358.377	    0.244	   17.008	    0.000	    0.000	    0.000	   -0.000	   -0.000	    0.000
 5346.286	 -355.493	  361.169	    0.201	   21.656	   -0.044	    2.792	   -0.043	   -2.792	 -128.921	   -2.008
 5367.716	 -355.426	  356.982	    0.266	   21.430	    0.067	   -4.187	    0.065	    4.188	  195.429	    3.029
 5387.897	 -355.448	  358.377	    0.256	   20.181	   -0.022	    1.396	   -0.010	   -1.396	  -69.175	   -0.502
 5406.078	 -355.448	  358.377	    0.256	   18.181	    0.000	    0.000	    0.000	   -0.000	   -0.000	    0.000
 5424.660	 -355.448	  358.377	    0.256	   18.582	    0.000	    0.000	    0.000	   -0.000	   -0.000	    0.000
 5445.512	 -355.448	  358.377	    0.256	   20.852	    0.000	    0.000	    0.000	   -0.000	   -0.000	    0.000
 5467.760	 -355.448	  358.377	    0.256	   22.248	    0.000	    0.000	    0.000	   -0.000	   -0.000	    0.000
 5487.847	 -355.448	  358.377	    0.244	   20.087	    0.000	    0.000	   -0.011	   -0.000	   -0.000	   -0.562
 5506.402	 -355.448	  358.377	    0.244	   18.555	    0.000	    0.000	    0.000	   -0.000	   -0.000	    0.000
 5527.351	 -355.448	  358.377	    0.300	   20.949	    0.000	    0.000	    0.056	   -0.000	   -0.000	    2.660
 5547.811	 -355.448	  358.377	    0.244	   20.460	    0.000	    0.000	   -0.056	   -0.000	   -0.000	   -2.723
 5567.869	 -355.448	  358.377	    0.244	   20.058	    0.000	    0.000	    0.000	   -0.000	   -0.000	    0.000
 5588.449	 -355.448	  358.377	    0.244	   20.580	    0.000	    0.000	    0.000	   -0.000	   -0.000	    0.000
 5605.093	 -355.448	  358.377	    0.244	   16.644	    0.000	    0.000	    0.000	   -0.000	   -0.000	    0.000
 5625.512	 -355.448	  358.377	    0.244	   20.419	    0.000	    0.000	    0.000	   -0.000	   -0.000	    0.000
 5647.646	 -355.448	  358.377	    0.244	   22.134	    0.000	    0.000	    0.000	   -0.000	   -0.000	    0.000
 5666.071	 -355.448	  358.377	    0.244	   18.425	    0.000	    0.000	    0.000	   -0.000	   -0.000	    0.000
 5687.235	 -355.426	  356.982	    0.278	   21.164	    0.022	   -1.396	    0.034	    1.396	   65.962	    1.588
 5706.580	 -356.987	  367.450	    0.103	   19.345	   -1.561	   10.468	   -0.175	  -10.584	 -547.122	   -9.040
 5728.045	 -356.987	  367.450	    0.103	   21.465	    0.000	    0.000	    0.000	   -0.000	   -0.000	    0.000
 5745.103	 -356.987	  367.450	    0.103	   17.058	    0.000	    0.000	    0.000	   -0.000	   -0.000	    0.000
 5767.966	 -355.426	  356.982	    0.266	   22.863	    1.561	  -10.468	    0.163	   10.584	  462.944	    7.116
 5786.551	 -355.426	  356.982	    0.266	   18.585	    0.000	    0.000	    0.000	   -0.000	   -0.000	    0.000
 5806.631	 -355.426	  356.982	    0.278	   20.080	    0.000	    0.000	    0.012	   -0.000	   -0.000	    0.607
 5827.566	 -325.406	  359.035	    2.323	   20.935	   30.020	    2.053	    2.045	   30.090	 1437.305	   97.672
 5848.344	 -355.470	  359.773	    0.233	   20.778	  -30.065	    0.738	   -2.090	  -30.074	-1447.357	 -100.569
 5868.350	 -355.470	  359.773	    0.233	   20.006	    0.000	    0.000	    0.000	   -0.000	   -0.000	    0.000
 5885.127	 -355.470	  359.773	    0.233	   16.777	    0.000	    0.000	    0.000	   -0.000	   -0.000	    0.000
 5905.336	 -355.470	  359.773	    0.233	   20.209	    0.000	    0.000	    0.000	   -0.000	   -0.000	    0.000
 5928.173	 -355.448	  358.377	    0.256	   22.837	    0.022	   -1.396	    0.023	    1.396	   61.130	    0.988
 5945.970	 -355.448	  358.377	    0.256	   17.797	    0.000	    0.000	    0.000	   -0.000	   -0.000	    0.000
 5966.988	 -355.426	  356.982	    0.266	   21.018	    0.022	   -1.396	    0.010	    1.396	   66.420	    0.482
 5987.035	 -355.437	  357.679	    0.255	   20.047	   -0.011	    0.698	   -0.011	   -0.698	  -34.818	   -0.533
 6007.209	 -355.426	  356.982	    0.266	   20.174	    0.011	   -0.698	    0.011	    0.698	   34.599	    0.530
 6028.412	 -355.426	  356.982	    0.278	   21.203	    0.000	    0.000	    0.012	   -0.000	   -0.000	    0.575
 6048.766	 -355.448	  358.377	    0.244	   20.354	   -0.022	    1.396	   -0.034	   -1.396	  -68.587	   -1.651
 6067.165	 -355.448	  358.377	    0.244	   18.399	    0.000	    0.000	    0.000	   -0.000	   -0.000	    0.000
 6087.222	 -355.470	  359.773	    0.223	   20.057	   -0.022	    1.396	   -0.022	   -1.396	  -69.602	   -1.079
 6107.800	 -355.448	  358.377	    0.256	   20.578	    0.022	   -1.396	    0.033	    1.396	   67.842	    1.600
 6128.729	 -355.426	  356.982	    0.266	   20.929	    0.022	   -1.396	    0.010	    1.396	   66.702	    0.484
 6148.753	 -355.426	  356.982	    0.266	   20.024	    0.000	    0.000	    0.000	   -0.000	   -0.000	    0.000
 6167.483	 -355.426	  356.982	    0.266	   18.730	    0.000	    0.000	    0.000	   -0.000	   -0.000	    0.000
 6187.065	 -355.426	  356.982	    0.278	   19.582	    0.000	    0.000	    0.012	   -0.000	   -0.000	    0.622
 6207.321	 -355.426	  356.982	    0.266	   20.256	    0.000	    0.000	   -0.012	   -0.000	   -0.000	   -0.601
 6227.431	 -355.426	  356.982	    0.278	   20.110	    0.000	    0.000	    0.012	   -0.000	   -0.000	    0.606
 6246.950	 -355.426	  356.982	    0.278	   19.519	    0.000	    0.000	    0.000	   -0.000	   -0.000	    0.000
 6267.668	 -355.426	  356.982	    0.278	   20.718	    0.000	    0.000	    0.000	   -0.000	   -0.000	    0.000
 6286.430	 -355.426	  356.982	    0.278	   18.762	    0.000	    0.000	    0.000	   -0.000	   -0.000	    0.000
 6306.468	 -355.426	  356.982	    0.278	   20.038	    0.000	    0.000	    0.000	   -0.000	   -0.000	    0.000
 6338.327	 -355.426	  356.982	    0.266	   31.859	    0.000	    0.000	   -0.012	   -0.000	   -0.000	   -0.382
 6347.847	 -355.426	  356.982	    0.266	    9.520	    0.000	    0.000	    0.000	   -0.000	   -0.000	    0.000
 6368.157	 -355.448	  358.377	    0.244	   20.310	   -0.022	    1.396	   -0.021	   -1.396	  -68.737	   -1.055
 6389.113	 -355.448	  358.377	    0.256	   20.956	    0.000	    0.000	    0.011	   -0.000	   -0.000	    0.539
 6410.483	 -355.470	  359.773	    0.233	   21.370	   -0.022	    1.396	   -0.023	   -1.396	  -65.326	   -1.056
 6430.589	 -355.426	  356.982	    0.266	   20.106	    0.045	   -2.792	    0.033	    2.792	  138.867	    1.626
 6447.883	 -355.426	  356.982	    0.266	   17.294	    0.000	    0.000	    0.000	   -0.000	   -0.000	    0.000
 6468.948	 -355.448	  358.377	    0.256	   21.065	   -0.022	    1.396	   -0.010	   -1.396	  -66.272	   -0.481
 6489.133	 -355.448	  358.377	    0.256	   20.185	    0.000	    0.000	    0.000	   -0.000	   -0.000	    0.000
 6507.763	 -355.426	  356.982	    0.266	   18.630	    0.022	   -1.396	    0.010	    1.396	   74.935	    0.544
 6528.079	 -355.426	  356.982	    0.266	   20.316	    0.000	    0.000	    0.000	   -0.000	   -0.000	    0.000
 6548.010	 -355.470	  359.773	    0.233	   19.931	   -0.045	    2.792	   -0.033	   -2.792	 -140.088	   -1.641
 6568.157	 -355.470	  359.773	    0.223	   20.147	    0.000	    0.000	   -0.010	   -0.000	   -0.000	   -0.515
 6590.494	 -355.426	  356.982	    0.322	   22.337	    0.045	   -2.792	    0.099	    2.792	  124.997	    4.438
 6610.789	 -355.426	  356.982	    0.278	   20.295	    0.000	    0.000	   -0.044	   -0.000	   -0.000	   -2.162
 6628.212	 -355.426	  356.982	    0.278	   17.423	    0.000	    0.000	    0.000	   -0.000	   -0.000	    0.000
 6648.165	 -355.426	  356.982	    0.322	   19.953	    0.000	    0.000	    0.044	   -0.000	   -0.000	    2.199
 6668.226	 -355.448	  358.377	    0.300	   20.061	   -0.022	    1.396	   -0.022	   -1.396	  -69.589	   -1.085
 6689.777	 -355.426	  356.982	    0.278	   21.551	    0.022	   -1.396	   -0.022	    1.396	   64.778	   -1.026
 6709.789	 -355.426	  356.982	    0.266	   20.012	    0.000	    0.000	   -0.012	   -0.000	   -0.000	   -0.609
 6728.858	 -355.426	  356.982	    0.266	   19.069	    0.000	    0.000	    0.000	   -0.000	   -0.000	    0.000
 6750.071	 -355.470	  359.773	    0.223	   21.213	   -0.045	    2.792	   -0.043	   -2.792	 -131.620	   -2.030
 6770.541	 -355.470	  359.773	    0.223	   20.470	    0.000	    0.000	    0.000	   -0.000	   -0.000	    0.000
 6787.854	 -355.470	  359.773	    0.223	   17.313	    0.000	    0.000	    0.000	   -0.000	   -0.000	    0.000
 6807.991	 -355.470	  359.773	    0.244	   20.137	    0.000	    0.000	    0.022	   -0.000	   -0.000	    1.079
 6828.532	 -355.426	  356.982	    0.278	   20.541	    0.045	   -2.792	    0.034	    2.792	  135.929	    1.632
 6849.587	 -355.426	  356.982	    0.266	   21.055	    0.000	    0.000	   -0.012	   -0.000	   -0.000	   -0.579
 6870.611	 -355.448	  358.377	    0.256	   21.024	   -0.022	    1.396	   -0.010	   -1.396	  -66.402	   -0.482
 6891.394	 -355.426	  356.982	    0.266	   20.783	    0.022	   -1.396	    0.010	    1.396	   67.171	    0.488
 6908.054	 -355.426	  356.982	    0.266	   16.660	    0.000	    0.000	    0.000	   -0.000	   -0.000	    0.000
 6928.430	 -355.448	  358.377	    0.256	   20.376	   -0.022	    1.396	   -0.010	   -1.396	  -68.512	   -0.497
 6946.813	 -355.448	  358.377	    0.256	   18.383	    0.000	    0.000	    0.000	   -0.000	   -0.000	    0.000
 6968.768	 -355.426	  356.982	    0.266	   21.955	    0.022	   -1.396	    0.010	    1.396	   63.585	    0.462
 6989.400	 -355.426	  356.982	    0.266	   20.632	    0.000	    0.000	    0.000	   -0.000	   -0.000	    0.000
 7008.151	 -355.426	  356.982	    0.266	   18.751	    0.000	    0.000	    0.000	   -0.000	   -0.000	    0.000
 7028.520	 -355.470	  359.773	    0.233	   20.369	   -0.045	    2.792	   -0.033	   -2.792	 -137.072	   -1.605
 7048.503	 -355.448	  358.377	    0.244	   19.983	    0.022	   -1.396	    0.011	    1.396	   69.861	    0.564
 7070.214	 -355.426	  356.982	    0.278	   21.711	    0.022	   -1.396	    0.034	    1.396	   64.300	    1.548
 7087.990	 -355.426	  356.982	    0.278	   17.776	    0.000	    0.000	    0.000	   -0.000	   -0.000	    0.000
 7107.941	 -355.426	  356.982	    0.278	   19.951	    0.000	    0.000	    0.000	   -0.000	   -0.000	    0.000
 7129.139	 -355.448	  358.377	    0.244	   21.198	   -0.022	    1.396	   -0.034	   -1.396	  -65.856	   -1.585
 7150.092	 -355.448	  358.377	    0.244	   20.953	    0.000	    0.000	    0.000	   -0.000	   -0.000	    0.000
 7167.848	 -355.448	  358.377	    0.244	   17.756	    0.000	    0.000	    0.000	   -0.000	   -0.000	    0.000
 7188.513	 -355.426	  356.982	    0.266	   20.666	    0.022	   -1.396	    0.021	    1.396	   67.553	    1.037
 7208.687	 -355.426	  356.982	    0.266	   20.174	    0.000	    0.000	    0.000	   -0.000	   -0.000	    0.000
 7228.293	 -355.426	  356.982	    0.266	   19.606	    0.000	    0.000	    0.000	   -0.000	   -0.000	    0.000
 7250.803	 -355.470	  359.773	    0.223	   22.510	   -0.045	    2.792	   -0.043	   -2.792	 -124.037	   -1.913
 7269.828	 -355.426	  356.982	    0.266	   19.025	    0.045	   -2.792	    0.043	    2.792	  146.754	    2.264
 7288.150	 -355.426	  356.982	    0.266	   18.322	    0.000	    0.000	    0.000	   -0.000	   -0.000	    0.000
 7309.947	 -355.470	  359.773	    0.233	   21.797	   -0.045	    2.792	   -0.033	   -2.792	 -128.094	   -1.500
 7332.246	 -355.470	  359.773	    0.233	   22.299	    0.000	    0.000	    0.000	   -0.000	   -0.000	    0.000
 7346.666	 -355.470	  359.773	    0.233	   14.420	    0.000	    0.000	    0.000	   -0.000	   -0.000	    0.000
 7368.238	 -355.426	  356.982	    0.266	   21.572	    0.045	   -2.792	    0.033	    2.792	  129.430	    1.516
 7388.783	 -355.448	  358.377	    0.244	   20.545	   -0.022	    1.396	   -0.021	   -1.396	  -67.950	   -1.043
 7409.017	 -355.426	  356.982	    0.278	   20.234	    0.022	   -1.396	    0.034	    1.396	   68.993	    1.661
 7429.110	 -355.448	  358.377	    0.244	   20.093	   -0.022	    1.396	   -0.034	   -1.396	  -69.479	   -1.673
 7449.501	 -355.470	  359.773	    0.233	   20.391	   -0.022	    1.396	   -0.011	   -1.396	  -68.462	   -0.553
 7468.384	 -355.470	  359.773	    0.233	   18.883	    0.000	    0.000	    0.000	   -0.000	   -0.000	    0.000
 7489.752	 -355.448	  358.377	    0.244	   21.368	    0.022	   -1.396	    0.011	    1.396	   65.332	    0.527
 7510.008	 -355.426	  356.982	    0.266	   20.256	    0.022	   -1.396	    0.021	    1.396	   68.918	    1.058
 7530.099	 -355.426	  356.982	    0.278	   20.091	    0.000	    0.000	    0.012	   -0.000	   -0.000	    0.606
 7550.685	 -355.448	  358.377	    0.244	   20.586	   -0.022	    1.396	   -0.034	   -1.396	  -67.814	   -1.633
 7568.165	 -355.448	  358.377	    0.244	   17.480	    0.000	    0.000	    0.000	   -0.000	   -0.000	    0.000
 7589.069	 -355.448	  358.377	    0.256	   20.904	    0.000	    0.000	    0.011	   -0.000	   -0.000	    0.540
 7610.279	 -355.426	  356.982	    0.266	   21.210	    0.022	   -1.396	    0.010	    1.396	   65.818	    0.478
 7630.542	 -355.426	  356.982	    0.266	   20.263	    0.000	    0.000	    0.000	   -0.000	   -0.000	    0.000
 7648.096	 -355.426	  356.982	    0.266	   17.554	    0.000	    0.000	    0.000	   -0.000	   -0.000	    0.000
 7669.044	 -355.470	  359.773	    0.291	   20.948	   -0.045	    2.792	    0.026	   -2.792	 -133.286	    1.219
    0.000	    0.000	    0.000	    0.000	 7669.044	  353.611	   30.788	    0.122	  503.505	24476.033	    3.173
