     Time	    Pos x	    Pos y	    Angle	Diff Time	Diff Posx	Diff Posy	Diff Angl	Diff Long	Rel Speed	Rel AnSpd	
    0.000	  335.163	-1235.102	   -0.027	    0.000	    0.000	    0.000	    0.000	    0.000	    0.000	    0.000
   18.877	  324.519	-1235.192	   -0.010	   18.877	  -10.644	   -0.091	    0.017	  -10.645	 -563.894	    0.884
   41.129	  324.519	-1235.192	   -0.010	   22.252	    0.000	    0.000	    0.000	   -0.000	   -0.000	    0.000
   60.360	  633.486	-1229.269	   -3.099	   19.231	  308.967	    5.923	   -3.089	  309.023	16068.960	 -160.618
   80.900	  332.324	-1235.113	   -0.027	   20.540	 -301.162	   -5.844	    3.072	 -301.219	-14664.983	  149.560
  101.901	  563.051	-1225.231	   -3.070	   21.001	  230.727	    9.882	   -3.043	  230.939	10996.511	 -144.899
  122.325	  330.905	-1235.125	   -0.027	   20.424	 -232.146	   -9.894	    3.043	 -232.357	-11376.733	  149.003
  141.986	  335.163	-1235.102	   -0.027	   19.661	    4.259	    0.023	   -0.001	    4.259	  216.601	   -0.038
  160.647	  335.163	-1235.102	   -0.027	   18.661	    0.000	    0.000	    0.000	   -0.000	   -0.000	    0.000
  180.587	  321.519	-1242.665	   -0.001	   19.940	  -13.644	   -7.563	    0.027	  -15.600	 -782.355	    1.353
  200.733	  330.905	-1235.125	   -0.026	   20.146	    9.386	    7.541	   -0.026	   12.039	  597.615	   -1.289
  221.299	  324.374	-1242.667	    0.038	   20.566	   -6.531	   -7.542	    0.064	   -9.977	 -485.102	    3.129
  240.514	  324.374	-1242.667	    0.038	   19.215	    0.000	    0.000	    0.000	   -0.000	   -0.000	    0.000
  260.717	  335.873	-1235.096	   -0.027	   20.203	   11.499	    7.571	   -0.065	   13.767	  681.449	   -3.226
  282.045	  332.326	-1235.125	   -0.026	   21.328	   -3.547	   -0.030	    0.001	   -3.547	 -166.313	    0.045
  303.756	  321.526	-1242.665	    0.012	   21.711	  -10.800	   -7.540	    0.038	  -13.171	 -606.661	    1.754
  322.778	  332.324	-1235.113	   -0.026	   19.022	   10.798	    7.552	   -0.038	   13.177	  692.726	   -1.997
  341.629	  332.324	-1235.113	   -0.026	   18.851	    0.000	    0.000	    0.000	   -0.000	   -0.000	    0.000
  362.079	  321.539	-1242.665	   -0.001	   20.450	  -10.784	   -7.552	    0.026	  -13.166	 -643.821	    1.260
  383.160	  679.339	-1186.091	   -2.985	   21.081	  357.799	   56.574	   -2.985	  362.244	17183.479	 -141.591
  403.119	  335.163	-1235.102	   -0.027	   19.959	 -344.175	  -49.011	    2.959	 -347.647	-17418.107	  148.239
  424.148	  330.197	-1235.143	   -0.027	   21.029	   -4.966	   -0.042	   -0.000	   -4.966	 -236.173	   -0.008
  441.762	  330.197	-1235.143	   -0.027	   17.614	    0.000	    0.000	    0.000	   -0.000	   -0.000	    0.000
  462.603	  336.582	-1235.090	   -0.027	   20.841	    6.385	    0.054	   -0.001	    6.385	  306.375	   -0.026
  483.748	  332.324	-1235.113	   -0.027	   21.145	   -4.258	   -0.023	    0.000	   -4.258	 -201.382	    0.023
  503.845	  322.947	-1242.666	   -0.001	   20.097	   -9.377	   -7.553	    0.026	  -12.041	 -599.135	    1.313
  521.548	  322.947	-1242.666	   -0.001	   17.703	    0.000	    0.000	    0.000	   -0.000	   -0.000	    0.000
  541.616	  324.374	-1242.667	   -0.001	   20.068	    1.427	   -0.001	   -0.000	    1.427	   71.130	   -0.000
  561.663	  326.505	-1242.668	   -0.001	   20.047	    2.131	   -0.001	   -0.000	    2.131	  106.287	   -0.000
  581.972	  321.526	-1242.665	   -0.001	   20.309	   -4.979	    0.003	    0.000	   -4.979	 -245.157	    0.000
  603.029	  333.743	-1235.101	   -0.026	   21.057	   12.217	    7.564	   -0.026	   14.369	  682.373	   -1.225
  621.683	  333.743	-1235.101	   -0.026	   18.654	    0.000	    0.000	    0.000	   -0.000	   -0.000	    0.000
  642.934	  332.326	-1235.125	   -0.026	   21.251	   -1.417	   -0.024	    0.000	   -1.417	  -66.683	    0.010
  664.384	  324.361	-1242.667	   -0.001	   21.450	   -7.965	   -7.541	    0.026	  -10.969	 -511.356	    1.193
  684.031	  330.905	-1235.125	   -0.027	   19.647	    6.544	    7.542	   -0.026	    9.985	  508.235	   -1.335
  703.558	  330.905	-1235.125	   -0.027	   19.527	    0.000	    0.000	    0.000	   -0.000	   -0.000	    0.000
  721.703	  331.614	-1235.119	   -0.027	   18.145	    0.710	    0.006	   -0.000	    0.710	   39.103	   -0.019
  742.670	  335.163	-1235.102	   -0.027	   20.967	    3.549	    0.017	   -0.000	    3.549	  169.268	   -0.019
  762.499	  330.907	-1235.137	   -0.027	   19.829	   -4.257	   -0.036	    0.001	   -4.257	 -214.680	    0.040
  782.589	  328.778	-1235.155	   -0.026	   20.090	   -2.129	   -0.018	    0.000	   -2.129	 -105.969	    0.013
  801.718	  328.778	-1235.155	   -0.026	   19.129	    0.000	    0.000	    0.000	   -0.000	   -0.000	    0.000
  821.906	  330.905	-1235.125	   -0.027	   20.188	    2.127	    0.031	   -0.000	    2.127	  105.374	   -0.015
  843.030	  333.743	-1235.101	   -0.027	   21.124	    2.838	    0.024	   -0.000	    2.838	  134.339	   -0.004
  863.897	  326.498	-1242.668	   -0.001	   20.867	   -7.244	   -7.567	    0.026	  -10.476	 -502.019	    1.261
  883.778	  332.326	-1235.125	   -0.026	   19.881	    5.828	    7.542	   -0.026	    9.531	  479.422	   -1.300
  901.766	  332.326	-1235.125	   -0.026	   17.988	    0.000	    0.000	    0.000	   -0.000	   -0.000	    0.000
  922.024	  324.519	-1235.192	   -0.001	   20.258	   -7.807	   -0.067	    0.025	   -7.807	 -385.373	    1.234
  942.549	  333.745	-1235.113	   -0.027	   20.525	    9.225	    0.079	   -0.026	    9.226	  449.495	   -1.251
  962.958	  333.745	-1235.113	   -0.027	   20.409	    0.000	    0.000	    0.000	   -0.000	   -0.000	    0.000
  980.084	  333.745	-1235.113	   -0.027	   17.126	    0.000	    0.000	    0.000	   -0.000	   -0.000	    0.000
 1001.749	  330.907	-1235.137	   -0.027	   21.665	   -2.838	   -0.024	    0.000	   -2.838	 -130.996	    0.004
 1022.552	  574.299	-1228.808	   -3.087	   20.803	  243.392	    6.329	   -3.060	  243.474	11703.820	 -147.073
 1043.184	  331.616	-1235.131	   -0.026	   20.632	 -242.682	   -6.323	    3.060	 -242.765	-11766.447	  148.325
 1063.500	  333.745	-1235.113	   -0.027	   20.316	    2.128	    0.018	   -0.001	    2.128	  104.768	   -0.038
 1081.672	  333.745	-1235.113	   -0.027	   18.172	    0.000	    0.000	    0.000	   -0.000	   -0.000	    0.000
 1101.877	  324.367	-1242.667	   -0.001	   20.205	   -9.377	   -7.553	    0.027	  -12.041	 -595.934	    1.313
 1122.609	  330.195	-1235.130	   -0.026	   20.732	    5.828	    7.536	   -0.026	    9.527	  459.515	   -1.236
 1144.067	  333.035	-1235.119	   -0.027	   21.458	    2.840	    0.011	   -0.001	    2.840	  132.342	   -0.025
 1163.973	  325.788	-1242.667	   -0.001	   19.906	   -7.247	   -7.548	    0.026	  -10.464	 -525.670	    1.315
 1181.547	  325.788	-1242.667	   -0.001	   17.574	    0.000	    0.000	    0.000	   -0.000	   -0.000	    0.000
 1202.501	  333.745	-1235.113	   -0.027	   20.954	    7.957	    7.554	   -0.026	   10.971	  523.590	   -1.241
 1222.303	  333.743	-1235.101	   -0.027	   19.802	   -0.002	    0.012	   -0.000	   -0.013	   -0.637	   -0.002
 1242.607	  330.907	-1235.137	   -0.027	   20.304	   -2.836	   -0.036	    0.000	   -2.836	 -139.684	    0.000
 1263.589	  615.845	-1234.374	   -3.113	   20.982	  284.938	    0.763	   -3.087	  284.939	13580.145	 -147.113
 1282.006	  615.845	-1234.374	   -3.113	   18.417	    0.000	    0.000	    0.000	   -0.000	   -0.000	    0.000
 1302.648	  335.163	-1235.102	   -0.027	   20.642	 -280.682	   -0.728	    3.086	 -280.683	-13597.584	  149.510
 1323.838	  558.710	-1234.656	   -3.108	   21.190	  223.547	    0.446	   -3.081	  223.547	10549.678	 -145.397
 1344.616	  324.374	-1242.667	   -0.001	   20.778	 -234.336	   -8.010	    3.108	 -234.473	-11284.756	  149.560
 1361.658	  324.374	-1242.667	   -0.001	   17.042	    0.000	    0.000	    0.000	   -0.000	   -0.000	    0.000
 1382.395	  335.163	-1235.102	   -0.026	   20.737	   10.789	    7.565	   -0.026	   13.177	  635.435	   -1.250
 1403.864	  330.907	-1235.137	   -0.027	   21.469	   -4.257	   -0.036	   -0.000	   -4.257	 -198.281	   -0.012
 1424.185	  335.163	-1235.102	   -0.026	   20.321	    4.257	    0.036	    0.000	    4.257	  209.479	    0.012
 1443.742	  327.209	-1242.668	   -0.001	   19.557	   -7.955	   -7.566	    0.026	  -10.979	 -561.363	    1.326
 1461.937	  327.209	-1242.668	   -0.001	   18.195	    0.000	    0.000	    0.000	   -0.000	   -0.000	    0.000
 1481.798	  324.361	-1242.667	   -0.001	   19.861	   -2.848	    0.001	    0.000	   -2.848	 -143.387	    0.000
 1501.774	  321.526	-1242.665	   -0.001	   19.976	   -2.835	    0.001	    0.000	   -2.835	 -141.909	    0.000
 1523.407	  321.519	-1242.665	   -0.001	   21.633	   -0.007	    0.000	    0.000	   -0.007	   -0.310	    0.000
 1544.388	  333.745	-1235.113	   -0.027	   20.981	   12.225	    7.552	   -0.027	   14.370	  684.889	   -1.264
 1563.083	  333.745	-1235.113	   -0.027	   18.695	    0.000	    0.000	    0.000	   -0.000	   -0.000	    0.000
 1583.929	  335.163	-1235.102	   -0.027	   20.846	    1.419	    0.012	   -0.000	    1.419	   68.061	   -0.008
 1605.441	  587.654	-1233.769	   -3.108	   21.512	  252.491	    1.333	   -3.081	  252.494	11737.527	 -143.214
 1624.293	  321.519	-1242.665	   -0.001	   18.852	 -266.135	   -8.896	    3.107	 -266.284	-14124.918	  164.835
 1644.217	  321.519	-1242.665	   -0.001	   19.924	    0.000	    0.000	    0.000	   -0.000	   -0.000	    0.000
 1663.094	  336.582	-1235.090	   -0.027	   18.877	   15.063	    7.575	   -0.027	   16.860	  893.172	   -1.410
 1686.618	  332.326	-1235.125	   -0.027	   23.524	   -4.256	   -0.036	    0.000	   -4.256	 -180.942	    0.017
 1705.445	  332.326	-1235.125	   -0.027	   18.827	    0.000	    0.000	    0.000	   -0.000	   -0.000	    0.000
 1723.084	  332.326	-1235.125	   -0.027	   17.639	    0.000	    0.000	    0.000	   -0.000	   -0.000	    0.000
 1744.558	  324.374	-1242.667	   -0.001	   21.474	   -7.952	   -7.541	    0.026	  -10.959	 -510.339	    1.221
 1765.235	  609.599	-1221.427	   -3.068	   20.677	  285.225	   21.240	   -3.067	  286.015	13832.514	 -148.335
 1784.613	  332.324	-1235.113	   -0.027	   19.378	 -277.275	  -13.686	    3.041	 -277.613	-14326.157	  156.936
 1807.211	  332.326	-1235.125	   -0.027	   22.598	    0.002	   -0.013	   -0.001	    0.013	    0.568	   -0.027
 1827.537	  387.217	-1205.902	   -0.151	   20.326	   54.891	   29.223	   -0.124	   62.185	 3059.390	   -6.094
 1844.516	  387.217	-1205.902	   -0.151	   16.979	    0.000	    0.000	    0.000	   -0.000	   -0.000	    0.000
 1864.674	  321.526	-1242.665	   -0.001	   20.158	  -65.691	  -36.763	    0.150	  -75.278	-3734.431	    7.465
 1886.336	  332.326	-1235.125	   -0.027	   21.662	   10.800	    7.540	   -0.027	   13.171	  608.037	   -1.235
 1907.474	  627.868	-1227.130	   -3.091	   21.138	  295.543	    7.995	   -3.063	  295.651	13986.578	 -144.924
 1928.553	  332.324	-1235.113	   -0.028	   21.079	 -295.545	   -7.983	    3.063	 -295.652	-14026.017	  145.310
 1947.579	  332.324	-1235.113	   -0.028	   19.026	    0.000	    0.000	    0.000	   -0.000	   -0.000	    0.000
 1967.822	  325.788	-1242.667	   -0.001	   20.243	   -6.536	   -7.555	    0.027	   -9.990	 -493.483	    1.344
 1988.106	  330.905	-1235.125	   -0.026	   20.284	    5.117	    7.543	   -0.026	    9.115	  449.341	   -1.280
 2009.281	  325.939	-1235.180	   -0.003	   21.175	   -4.966	   -0.055	    0.024	   -4.966	 -234.540	    1.110
 2029.467	  324.519	-1235.192	   -0.011	   20.186	   -1.420	   -0.012	   -0.008	   -1.420	  -70.334	   -0.413
 2048.542	  324.519	-1235.192	   -0.011	   19.075	    0.000	    0.000	    0.000	   -0.000	   -0.000	    0.000
 2068.999	  333.745	-1235.113	   -0.027	   20.457	    9.225	    0.079	   -0.016	    9.226	  450.986	   -0.769
 2088.334	  335.163	-1235.102	   -0.027	   19.335	    1.419	    0.012	    0.000	    1.419	   73.381	    0.018
 2108.961	  332.324	-1235.113	   -0.026	   20.627	   -2.840	   -0.011	    0.001	   -2.840	 -137.664	    0.026
 2130.000	  332.324	-1235.113	   -0.026	   21.039	    0.000	    0.000	    0.000	   -0.000	   -0.000	    0.000
 2148.532	  321.526	-1242.665	   -0.001	   18.532	  -10.798	   -7.552	    0.026	  -13.177	 -711.042	    1.383
 2170.683	  581.320	-1232.348	   -3.102	   22.151	  259.794	   10.317	   -3.102	  259.999	11737.516	 -140.020
 2189.684	  329.486	-1235.136	   -0.027	   19.001	 -251.834	   -2.788	    3.075	 -251.850	-13254.577	  161.849
 2209.564	  333.745	-1235.113	   -0.027	   19.880	    4.259	    0.023	   -0.000	    4.259	  214.228	   -0.011
 2228.437	  333.745	-1235.113	   -0.027	   18.873	    0.000	    0.000	    0.000	   -0.000	   -0.000	    0.000
 2248.431	  330.907	-1235.137	   -0.027	   19.994	   -2.838	   -0.024	    0.000	   -2.838	 -141.944	    0.017
 2268.397	  333.743	-1235.101	   -0.027	   19.966	    2.836	    0.036	   -0.000	    2.836	  142.050	   -0.020
 2288.404	  321.526	-1242.665	   -0.001	   20.007	  -12.217	   -7.564	    0.027	  -14.369	 -718.187	    1.328
 2308.928	  332.326	-1235.125	   -0.027	   20.524	   10.800	    7.540	   -0.026	   13.171	  641.745	   -1.271
 2329.313	  332.326	-1235.125	   -0.027	   20.385	    0.000	    0.000	    0.000	   -0.000	   -0.000	    0.000
 2347.848	  332.326	-1235.125	   -0.027	   18.535	    0.000	    0.000	    0.000	   -0.000	   -0.000	    0.000
 2367.557	  332.326	-1235.125	   -0.027	   19.709	    0.000	    0.000	    0.000	   -0.000	   -0.000	    0.000
 2389.287	  328.067	-1235.149	   -0.026	   21.730	   -4.259	   -0.023	    0.000	   -4.259	 -196.002	    0.021
 2410.632	  330.905	-1235.125	   -0.026	   21.345	    2.838	    0.024	    0.000	    2.838	  132.974	    0.002
 2429.015	  330.905	-1235.125	   -0.026	   18.383	    0.000	    0.000	    0.000	   -0.000	   -0.000	    0.000
 2449.102	  333.743	-1235.101	   -0.027	   20.087	    2.838	    0.024	   -0.001	    2.838	  141.275	   -0.036
 2469.563	  335.163	-1235.102	   -0.028	   20.461	    1.421	   -0.001	   -0.001	    1.421	   69.440	   -0.046
 2490.294	  333.743	-1235.101	   -0.027	   20.731	   -1.421	    0.001	    0.001	   -1.421	  -68.535	    0.057
 2509.241	  333.743	-1235.101	   -0.027	   18.947	    0.000	    0.000	    0.000	   -0.000	   -0.000	    0.000
 2529.980	  321.539	-1242.665	   -0.001	   20.739	  -12.203	   -7.564	    0.026	  -14.357	 -692.292	    1.256
 2550.467	  329.486	-1235.136	   -0.026	   20.487	    7.947	    7.529	   -0.026	   10.947	  534.315	   -1.247
 2571.004	  335.163	-1235.102	   -0.027	   20.537	    5.678	    0.035	   -0.001	    5.678	  276.460	   -0.025
 2590.799	  333.745	-1235.113	   -0.027	   19.795	   -1.419	   -0.012	   -0.001	   -1.419	  -71.675	   -0.037
 2611.027	  333.745	-1235.113	   -0.027	   20.228	    0.000	    0.000	    0.000	   -0.000	   -0.000	    0.000
 2630.704	  335.163	-1235.102	   -0.026	   19.677	    1.419	    0.012	    0.001	    1.419	   72.105	    0.044
 2651.823	  332.326	-1235.125	   -0.026	   21.119	   -2.838	   -0.024	    0.000	   -2.838	 -134.370	    0.004
 2672.075	  590.013	-1206.427	   -3.007	   20.252	  257.688	   28.698	   -2.980	  259.281	12802.763	 -147.165
 2691.690	  324.367	-1242.667	   -0.001	   19.615	 -265.646	  -36.240	    3.006	 -268.107	-13668.626	  153.263
 2710.585	  324.367	-1242.667	   -0.001	   18.895	    0.000	    0.000	    0.000	   -0.000	   -0.000	    0.000
 2730.767	  333.745	-1235.113	   -0.026	   20.182	    9.377	    7.553	   -0.026	   12.041	  596.611	   -1.264
 2750.848	  333.745	-1235.113	   -0.027	   20.081	    0.000	    0.000	   -0.001	   -0.000	   -0.000	   -0.050
 2772.371	  330.905	-1235.125	   -0.026	   21.523	   -2.840	   -0.011	    0.001	   -2.840	 -131.942	    0.026
 2792.004	  330.905	-1235.125	   -0.026	   19.633	    0.000	    0.000	    0.000	   -0.000	   -0.000	    0.000
 2810.537	  334.454	-1235.107	   -0.026	   18.533	    3.549	    0.017	    0.000	    3.549	  191.506	    0.007
 2831.615	  333.743	-1235.101	   -0.027	   21.078	   -0.711	    0.007	   -0.001	   -0.711	  -33.753	   -0.047
 2852.645	  330.905	-1235.125	   -0.027	   21.030	   -2.838	   -0.024	    0.001	   -2.838	 -134.941	    0.029
 2872.934	  324.367	-1242.667	   -0.001	   20.289	   -6.537	   -7.542	    0.026	   -9.981	 -491.945	    1.292
 2891.923	  324.367	-1242.667	   -0.001	   18.989	    0.000	    0.000	    0.000	   -0.000	   -0.000	    0.000
 2911.799	  324.374	-1242.667	   -0.001	   19.876	    0.007	    0.000	   -0.000	    0.007	    0.336	   -0.000
 2932.092	  324.374	-1242.667	   -0.001	   20.293	    0.000	    0.000	    0.000	   -0.000	   -0.000	    0.000
 2952.008	  335.163	-1235.102	   -0.026	   19.916	   10.789	    7.565	   -0.026	   13.177	  661.635	   -1.290
 2971.890	  324.374	-1242.667	   -0.001	   19.882	  -10.789	   -7.565	    0.026	  -13.177	 -662.764	    1.292
 2991.840	  324.374	-1242.667	   -0.001	   19.950	    0.000	    0.000	    0.000	   -0.000	   -0.000	    0.000
 3012.105	  332.326	-1235.125	   -0.027	   20.265	    7.952	    7.541	   -0.026	   10.959	  540.785	   -1.300
 3033.180	  589.064	-1233.769	   -3.109	   21.075	  256.739	    1.356	   -3.082	  256.742	12182.202	 -146.222
 3053.653	  333.745	-1235.113	   -0.027	   20.473	 -255.320	   -1.344	    3.081	 -255.323	-12471.282	  150.515
 3073.773	  335.163	-1235.102	   -0.027	   20.120	    1.419	    0.012	    0.000	    1.419	   70.518	    0.004
 3092.041	  335.163	-1235.102	   -0.027	   18.268	    0.000	    0.000	    0.000	   -0.000	   -0.000	    0.000
 3113.366	  332.326	-1235.125	   -0.027	   21.325	   -2.838	   -0.024	    0.000	   -2.838	 -133.073	    0.010
 3134.597	  332.326	-1235.125	   -0.026	   21.231	    0.000	    0.000	    0.000	   -0.000	   -0.000	    0.018
 3154.453	  333.743	-1235.101	   -0.027	   19.856	    1.417	    0.024	   -0.000	    1.417	   71.368	   -0.017
 3172.033	  333.743	-1235.101	   -0.027	   17.580	    0.000	    0.000	    0.000	   -0.000	   -0.000	    0.000
 3191.930	  329.486	-1235.136	   -0.026	   19.897	   -4.257	   -0.036	    0.000	   -4.257	 -213.945	    0.019
 3212.444	  584.154	-1230.900	   -3.097	   20.514	  254.669	    4.237	   -3.070	  254.704	12416.148	 -149.667
 3233.597	  550.385	-1221.725	   -3.050	   21.153	  -33.770	    9.175	    0.047	  -34.994	-1654.315	    2.212
 3253.609	  330.905	-1235.125	   -0.026	   20.012	 -219.480	  -13.399	    3.023	 -219.888	-10987.850	  151.075
 3272.486	  330.905	-1235.125	   -0.026	   18.877	    0.000	    0.000	    0.000	   -0.000	   -0.000	    0.000
 3292.312	  333.745	-1235.113	   -0.027	   19.826	    2.840	    0.011	   -0.000	    2.840	  143.235	   -0.002
 3313.298	  329.486	-1235.136	   -0.026	   20.986	   -4.259	   -0.023	    0.000	   -4.259	 -202.936	    0.022
 3333.889	  331.616	-1235.131	   -0.027	   20.591	    2.130	    0.005	   -0.000	    2.130	  103.461	   -0.022
 3354.433	  330.905	-1235.125	   -0.026	   20.544	   -0.711	    0.007	    0.000	   -0.711	  -34.628	    0.002
 3372.238	  330.905	-1235.125	   -0.026	   17.805	    0.000	    0.000	    0.000	   -0.000	   -0.000	    0.000
 3392.893	  333.743	-1235.101	   -0.027	   20.655	    2.838	    0.024	   -0.001	    2.838	  137.392	   -0.036
 3413.055	  321.526	-1242.665	   -0.001	   20.162	  -12.217	   -7.564	    0.027	  -14.369	 -712.664	    1.324
 3433.936	  329.487	-1235.149	   -0.027	   20.881	    7.961	    7.516	   -0.026	   10.949	  524.330	   -1.258
 3452.085	  329.487	-1235.149	   -0.027	   18.149	    0.000	    0.000	    0.000	   -0.000	   -0.000	    0.000
 3472.269	  318.704	-1242.664	   -0.001	   20.184	  -10.783	   -7.514	    0.026	  -13.143	 -651.166	    1.301
 3492.496	  330.907	-1235.137	   -0.027	   20.227	   12.202	    7.526	   -0.027	   14.337	  708.791	   -1.313
 3513.596	  335.873	-1235.096	   -0.027	   21.100	    4.966	    0.042	    0.000	    4.966	  235.364	    0.002
 3534.749	  330.907	-1235.137	   -0.027	   21.153	   -4.966	   -0.042	    0.000	   -4.966	 -234.777	    0.004
 3552.472	  330.907	-1235.137	   -0.027	   17.723	    0.000	    0.000	    0.000	   -0.000	   -0.000	    0.000
 3573.473	  318.704	-1242.664	   -0.001	   21.001	  -12.202	   -7.526	    0.026	  -14.337	 -682.663	    1.259
 3593.793	  321.519	-1242.665	   -0.001	   20.320	    2.815	   -0.001	    0.000	    2.815	  138.529	    0.000
 3614.262	  570.787	-1227.373	   -3.080	   20.469	  249.268	   15.292	   -3.079	  249.737	12200.732	 -150.445
 3634.588	  332.326	-1235.125	   -0.027	   20.326	 -238.462	   -7.753	    3.053	 -238.588	-11737.950	  150.218
 3652.389	  332.326	-1235.125	   -0.027	   17.801	    0.000	    0.000	    0.000	   -0.000	   -0.000	    0.000
 3672.547	  325.788	-1242.667	   -0.001	   20.158	   -6.538	   -7.542	    0.026	   -9.981	 -495.154	    1.295
 3694.100	  325.939	-1235.180	   -0.011	   21.553	    0.151	    7.488	   -0.010	    7.489	  347.469	   -0.485
 3714.705	  335.163	-1235.102	   -0.027	   20.605	    9.225	    0.078	   -0.016	    9.225	  447.701	   -0.764
 3735.064	  335.163	-1235.102	   -0.027	   20.359	    0.000	    0.000	    0.000	   -0.000	   -0.000	    0.000
 3753.245	  332.324	-1235.113	   -0.027	   18.181	   -2.840	   -0.011	    0.000	   -2.840	 -156.187	    0.002
 3772.922	  324.519	-1235.192	   -0.003	   19.677	   -7.805	   -0.080	    0.024	   -7.805	 -396.656	    1.206
 3793.529	  335.163	-1235.102	   -0.027	   20.607	   10.644	    0.091	   -0.024	   10.645	  516.556	   -1.179
 3814.373	  325.795	-1242.667	   -0.001	   20.844	   -9.369	   -7.566	    0.027	  -12.042	 -577.726	    1.281
 3832.964	  325.795	-1242.667	   -0.001	   18.591	    0.000	    0.000	    0.000	   -0.000	   -0.000	    0.000
 3853.074	  335.163	-1235.102	   -0.027	   20.110	    9.369	    7.566	   -0.027	   12.042	  598.817	   -1.328
 3873.137	  321.526	-1242.665	   -0.001	   20.063	  -13.637	   -7.563	    0.027	  -15.594	 -777.263	    1.331
 3894.815	  588.352	-1234.501	   -3.111	   21.678	  266.826	    8.164	   -3.110	  266.951	12314.522	 -143.480
 3915.170	  335.163	-1235.102	   -0.026	   20.355	 -253.189	   -0.600	    3.085	 -253.189	-12438.546	  151.540
 3934.430	  335.163	-1235.102	   -0.026	   19.260	    0.000	    0.000	    0.000	   -0.000	   -0.000	    0.000
 3955.033	  321.526	-1242.665	   -0.001	   20.603	  -13.637	   -7.563	    0.026	  -15.594	 -756.890	    1.247
 3975.445	  325.938	-1235.167	   -0.010	   20.412	    4.412	    7.498	   -0.010	    8.700	  426.214	   -0.476
 3996.802	  333.743	-1235.101	   -0.027	   21.357	    7.805	    0.066	   -0.017	    7.805	  365.468	   -0.777
 4016.376	  684.183	-1223.413	   -3.088	   19.574	  350.440	   11.688	   -3.062	  350.635	17913.117	 -156.406
 4034.770	  684.183	-1223.413	   -3.088	   18.394	    0.000	    0.000	    0.000	   -0.000	   -0.000	    0.000
 4054.516	  331.616	-1235.131	   -0.027	   19.746	 -352.567	  -11.718	    3.062	 -352.761	-17864.873	  155.047
 4077.223	  335.163	-1235.102	   -0.027	   22.707	    3.547	    0.030	   -0.000	    3.547	  156.219	   -0.014
 4096.944	  321.526	-1242.665	   -0.001	   19.721	  -13.637	   -7.563	    0.027	  -15.594	 -790.763	    1.347
 4117.408	  333.745	-1235.113	   -0.027	   20.464	   12.219	    7.552	   -0.027	   14.364	  701.904	   -1.296
 4134.457	  333.745	-1235.113	   -0.027	   17.049	    0.000	    0.000	    0.000	   -0.000	   -0.000	    0.000
 4156.023	  333.035	-1235.119	   -0.026	   21.566	   -0.709	   -0.006	    0.001	   -0.709	  -32.898	    0.028
 4176.796	  333.743	-1235.101	   -0.026	   20.773	    0.707	    0.019	   -0.000	    0.708	   34.065	   -0.000
 4197.317	  335.163	-1235.102	   -0.027	   20.521	    1.421	   -0.001	   -0.001	    1.421	   69.237	   -0.031
 4214.745	  335.163	-1235.102	   -0.027	   17.428	    0.000	    0.000	    0.000	   -0.000	   -0.000	    0.000
 4237.353	  333.743	-1235.101	   -0.027	   22.608	   -1.421	    0.001	    0.000	   -1.421	  -62.846	    0.000
 4257.408	  335.163	-1235.102	   -0.027	   20.055	    1.421	   -0.001	    0.000	    1.421	   70.845	    0.019
 4277.634	  321.526	-1242.665	   -0.001	   20.226	  -13.637	   -7.563	    0.026	  -15.594	 -771.024	    1.295
 4296.498	  321.533	-1242.665	   -0.001	   18.864	    0.007	    0.000	   -0.000	    0.007	    0.356	   -0.000
 4314.454	  321.533	-1242.665	   -0.001	   17.956	    0.000	    0.000	    0.000	   -0.000	   -0.000	    0.000
 4335.930	  330.905	-1235.125	   -0.027	   21.476	    9.372	    7.541	   -0.026	   12.029	  560.113	   -1.221
 4355.663	  324.367	-1242.667	   -0.001	   19.733	   -6.537	   -7.542	    0.026	   -9.981	 -505.803	    1.329
 4375.801	  321.539	-1242.665	   -0.001	   20.138	   -2.828	    0.001	    0.000	   -2.828	 -140.438	    0.000
 4394.977	  321.539	-1242.665	   -0.001	   19.176	    0.000	    0.000	    0.000	   -0.000	   -0.000	    0.000
 4413.439	  321.539	-1242.665	   -0.001	   18.462	    0.000	    0.000	    0.000	   -0.000	   -0.000	    0.000
 4435.173	  332.324	-1235.113	   -0.026	   21.734	   10.784	    7.552	   -0.025	   13.166	  605.771	   -1.168
 4456.351	  329.487	-1235.149	   -0.026	   21.178	   -2.836	   -0.037	   -0.000	   -2.837	 -133.943	   -0.005
 4476.910	  333.743	-1235.101	   -0.026	   20.559	    4.255	    0.048	   -0.000	    4.255	  206.984	   -0.014
 4494.993	  333.743	-1235.101	   -0.026	   18.083	    0.000	    0.000	    0.000	   -0.000	   -0.000	    0.000
 4515.849	  332.326	-1235.125	   -0.027	   20.856	   -1.417	   -0.024	   -0.001	   -1.417	  -67.946	   -0.039
 4535.085	  335.163	-1235.102	   -0.027	   19.236	    2.838	    0.024	    0.001	    2.838	  147.525	    0.029
 4555.496	  332.326	-1235.125	   -0.026	   20.411	   -2.838	   -0.024	    0.000	   -2.838	 -139.031	    0.004
 4577.177	  332.324	-1235.113	   -0.026	   21.681	   -0.002	    0.013	    0.000	   -0.013	   -0.592	    0.004
 4595.727	  332.324	-1235.113	   -0.026	   18.550	    0.000	    0.000	    0.000	   -0.000	   -0.000	    0.000
 4616.080	  322.953	-1242.666	   -0.001	   20.353	   -9.370	   -7.553	    0.026	  -12.036	 -591.344	    1.272
 4636.555	  381.952	-1173.669	   -0.278	   20.475	   58.999	   68.997	   -0.278	   90.783	 4433.810	  -13.554
 4658.183	  333.743	-1235.101	   -0.026	   21.628	  -48.210	  -61.432	    0.252	  -78.090	-3610.626	   11.638
 4678.902	  333.745	-1235.113	   -0.027	   20.719	    0.002	   -0.012	   -0.001	    0.013	    0.609	   -0.035
 4698.536	  333.745	-1235.113	   -0.027	   19.634	    0.000	    0.000	    0.000	   -0.000	   -0.000	    0.000
 4717.388	  324.367	-1242.667	   -0.001	   18.852	   -9.377	   -7.553	    0.027	  -12.041	 -638.704	    1.407
 4737.349	  335.163	-1235.102	   -0.027	   19.961	   10.796	    7.565	   -0.026	   13.183	  660.420	   -1.325
 4759.211	  332.324	-1235.113	   -0.026	   21.862	   -2.840	   -0.011	    0.001	   -2.840	 -129.888	    0.037
 4777.286	  332.324	-1235.113	   -0.026	   18.075	    0.000	    0.000	    0.000	   -0.000	   -0.000	    0.000
 4797.805	  332.324	-1235.113	   -0.027	   20.519	    0.000	    0.000	   -0.001	   -0.000	   -0.000	   -0.037
 4819.712	  335.163	-1235.102	   -0.027	   21.907	    2.840	    0.011	   -0.001	    2.840	  129.622	   -0.026
 4839.294	  571.424	-1233.873	   -3.106	   19.582	  236.261	    1.229	   -3.079	  236.264	12065.352	 -157.222
 4859.309	  330.907	-1235.137	   -0.026	   20.015	 -240.518	   -1.265	    3.080	 -240.521	-12016.951	  153.897
 4877.276	  330.907	-1235.137	   -0.026	   17.967	    0.000	    0.000	    0.000	   -0.000	   -0.000	    0.000
 4897.412	  325.816	-1242.441	   -0.001	   20.136	   -5.090	   -7.304	    0.025	   -8.903	 -442.118	    1.224
 4917.460	  335.163	-1235.102	   -0.027	   20.048	    9.347	    7.339	   -0.025	   11.884	  592.791	   -1.267
 4938.958	  333.035	-1235.119	   -0.027	   21.498	   -2.128	   -0.018	   -0.000	   -2.128	  -98.999	   -0.006
 4959.660	  329.487	-1235.149	   -0.026	   20.702	   -3.548	   -0.030	    0.001	   -3.548	 -171.376	    0.033
 4977.376	  329.487	-1235.149	   -0.026	   17.716	    0.000	    0.000	    0.000	   -0.000	   -0.000	    0.000
 4998.519	  333.745	-1235.113	   -0.027	   21.143	    4.257	    0.036	   -0.001	    4.257	  201.358	   -0.042
 5019.253	  328.067	-1235.149	   -0.026	   20.734	   -5.678	   -0.035	    0.001	   -5.678	 -273.855	    0.055
 5039.850	  321.539	-1242.665	   -0.001	   20.597	   -6.527	   -7.516	    0.025	   -9.955	 -483.322	    1.232
 5057.830	  321.539	-1242.665	   -0.001	   17.980	    0.000	    0.000	    0.000	   -0.000	   -0.000	    0.000
 5077.895	  331.614	-1235.119	   -0.027	   20.065	   10.075	    7.546	   -0.026	   12.588	  627.356	   -1.311
 5097.815	  321.526	-1242.665	   -0.001	   19.920	  -10.088	   -7.546	    0.026	  -12.599	 -632.461	    1.321
 5119.802	  325.939	-1235.180	   -0.026	   21.987	    4.413	    7.485	   -0.025	    8.689	  395.196	   -1.152
 5140.567	  335.163	-1235.102	   -0.028	   20.765	    9.225	    0.078	   -0.002	    9.225	  444.248	   -0.105
 5158.246	  335.163	-1235.102	   -0.028	   17.679	    0.000	    0.000	    0.000	   -0.000	   -0.000	    0.000
 5178.876	  332.326	-1235.125	   -0.026	   20.630	   -2.838	   -0.024	    0.002	   -2.838	 -137.557	    0.082
 5199.283	  332.326	-1235.125	   -0.027	   20.407	    0.000	    0.000	   -0.000	   -0.000	   -0.000	   -0.012
 5220.520	  333.745	-1235.113	   -0.027	   21.237	    1.419	    0.012	   -0.000	    1.419	   66.816	   -0.008
 5239.402	  330.197	-1235.143	   -0.026	   18.882	   -3.548	   -0.030	    0.001	   -3.548	 -187.883	    0.036
 5258.096	  330.197	-1235.143	   -0.026	   18.694	    0.000	    0.000	    0.000	   -0.000	   -0.000	    0.000
 5278.167	  335.163	-1235.102	   -0.027	   20.071	    4.966	    0.042	   -0.001	    4.966	  247.448	   -0.042
 5298.668	  328.067	-1235.149	   -0.026	   20.501	   -7.097	   -0.047	    0.001	   -7.097	 -346.174	    0.040
 5320.090	  325.938	-1235.167	   -0.002	   21.422	   -2.129	   -0.018	    0.024	   -2.129	  -99.389	    1.125
 5339.239	  325.938	-1235.167	   -0.002	   19.148	    0.000	    0.000	    0.000	   -0.000	   -0.000	    0.000
 5358.372	  332.326	-1235.125	   -0.027	   19.133	    6.388	    0.042	   -0.025	    6.388	  333.882	   -1.284
 5378.596	  333.745	-1235.113	   -0.027	   20.224	    1.419	    0.012	    0.000	    1.419	   70.162	    0.004
 5399.053	  321.526	-1242.665	   -0.001	   20.457	  -12.219	   -7.552	    0.026	  -14.364	 -702.172	    1.272
 5419.224	  325.939	-1235.180	    0.023	   20.171	    4.413	    7.485	    0.024	    8.689	  430.774	    1.189
 5438.959	  325.939	-1235.180	    0.023	   19.735	    0.000	    0.000	    0.000	   -0.000	   -0.000	    0.000
 5459.492	  335.161	-1235.089	   -0.028	   20.533	    9.222	    0.091	   -0.051	    9.223	  449.165	   -2.484
 5479.782	  321.526	-1242.665	   -0.001	   20.290	  -13.635	   -7.576	    0.027	  -15.599	 -768.799	    1.332
 5501.683	  335.161	-1235.089	   -0.027	   21.901	   13.635	    7.576	   -0.026	   15.599	  712.220	   -1.197
 5521.933	  322.953	-1242.666	   -0.001	   20.250	  -12.208	   -7.577	    0.026	  -14.368	 -709.529	    1.295
 5539.036	  322.953	-1242.666	   -0.001	   17.103	    0.000	    0.000	    0.000	   -0.000	   -0.000	    0.000
 5559.700	  330.905	-1235.125	   -0.026	   20.664	    7.952	    7.541	   -0.025	   10.959	  530.335	   -1.233
 5579.876	  330.905	-1235.125	   -0.026	   20.176	    0.000	    0.000	   -0.000	   -0.000	   -0.000	   -0.025
 5600.766	  321.526	-1242.665	   -0.001	   20.890	   -9.379	   -7.541	    0.026	  -12.034	 -576.074	    1.243
 5621.170	  321.526	-1242.665	   -0.001	   20.404	    0.000	    0.000	    0.000	   -0.000	   -0.000	    0.000
 5639.168	  330.907	-1235.137	   -0.026	   17.998	    9.381	    7.528	   -0.026	   12.028	  668.279	   -1.427
 5659.766	  329.487	-1235.149	   -0.027	   20.598	   -1.419	   -0.012	   -0.000	   -1.419	  -68.903	   -0.016
 5680.899	  321.526	-1242.665	   -0.001	   21.133	   -7.961	   -7.516	    0.026	  -10.949	 -518.085	    1.231
 5700.504	  333.745	-1235.113	   -0.027	   19.605	   12.219	    7.552	   -0.027	   14.364	  732.653	   -1.353
 5719.231	  333.745	-1235.113	   -0.027	   18.727	    0.000	    0.000	    0.000	   -0.000	   -0.000	    0.000
 5738.996	  322.960	-1242.666	   -0.001	   19.765	  -10.785	   -7.552	    0.027	  -13.166	 -666.129	    1.342
 5759.070	  333.745	-1235.113	   -0.028	   20.074	   10.785	    7.552	   -0.027	   13.166	  655.889	   -1.348
 5779.076	  321.526	-1242.665	   -0.001	   20.006	  -12.219	   -7.552	    0.027	  -14.364	 -717.972	    1.353
 5801.238	  328.628	-1242.669	   -0.001	   22.162	    7.102	   -0.004	   -0.000	    7.102	  320.456	   -0.000
 5819.590	  328.628	-1242.669	   -0.001	   18.352	    0.000	    0.000	    0.000	   -0.000	   -0.000	    0.000
 5839.577	  548.996	-1219.582	   -3.040	   19.987	  220.368	   23.087	   -3.039	  221.574	11085.752	 -152.062
 5860.260	  325.939	-1235.180	   -0.024	   20.683	 -223.057	  -15.598	    3.016	 -223.602	-10810.854	  145.798
 5880.868	  333.745	-1235.113	   -0.027	   20.608	    7.806	    0.066	   -0.003	    7.806	  378.790	   -0.122
 5899.428	  333.745	-1235.113	   -0.027	   18.560	    0.000	    0.000	    0.000	   -0.000	   -0.000	    0.000
 5919.504	  332.326	-1235.125	   -0.027	   20.076	   -1.419	   -0.012	   -0.000	   -1.419	  -70.681	   -0.017
 5939.754	  324.367	-1242.667	   -0.001	   20.250	   -7.958	   -7.541	    0.027	  -10.964	 -541.422	    1.314
 5961.211	  333.745	-1235.113	   -0.027	   21.457	    9.377	    7.553	   -0.026	   12.041	  561.163	   -1.212
 5981.199	  322.947	-1242.666	   -0.001	   19.988	  -10.798	   -7.552	    0.026	  -13.177	 -659.241	    1.301
 5999.246	  322.947	-1242.666	   -0.001	   18.047	    0.000	    0.000	    0.000	   -0.000	   -0.000	    0.000
 6019.835	  336.582	-1235.090	   -0.028	   20.589	   13.635	    7.576	   -0.027	   15.599	  757.626	   -1.319
 6040.291	  333.745	-1235.113	   -0.027	   20.456	   -2.837	   -0.024	    0.001	   -2.837	 -138.711	    0.056
 6060.833	  330.907	-1235.137	   -0.027	   20.542	   -2.838	   -0.024	   -0.000	   -2.838	 -138.159	   -0.008
 6080.899	  332.326	-1235.125	   -0.028	   20.066	    1.419	    0.012	   -0.001	    1.419	   70.721	   -0.042
 6100.011	  332.326	-1235.125	   -0.028	   19.112	    0.000	    0.000	    0.000	   -0.000	   -0.000	    0.000
 6119.232	  333.743	-1235.101	   -0.027	   19.221	    1.417	    0.024	    0.001	    1.417	   73.725	    0.037
 6140.069	  321.519	-1242.665	   -0.001	   20.837	  -12.223	   -7.564	    0.026	  -14.375	 -689.843	    1.263
 6160.306	  335.163	-1235.102	   -0.027	   20.237	   13.644	    7.563	   -0.026	   15.600	  770.886	   -1.307
 6180.590	  321.519	-1242.665	   -0.001	   20.284	  -13.644	   -7.563	    0.026	  -15.600	 -769.104	    1.304
 6200.272	  321.519	-1242.665	   -0.001	   19.682	    0.000	    0.000	    0.000	   -0.000	   -0.000	    0.000
 6219.438	  333.745	-1235.113	   -0.026	   19.166	   12.225	    7.552	   -0.026	   14.370	  749.750	   -1.344
 6240.732	  335.163	-1235.102	   -0.027	   21.294	    1.419	    0.012	   -0.001	    1.419	   66.630	   -0.038
 6261.292	  335.163	-1235.102	   -0.028	   20.560	    0.000	    0.000	   -0.001	   -0.000	   -0.000	   -0.033
 6279.144	  335.163	-1235.102	   -0.028	   17.852	    0.000	    0.000	    0.000	   -0.000	   -0.000	    0.000
 6299.666	  324.367	-1242.667	   -0.001	   20.522	  -10.796	   -7.565	    0.027	  -13.183	 -642.365	    1.328
 6320.069	  325.939	-1235.180	   -0.001	   20.403	    1.571	    7.487	   -0.001	    7.650	  374.946	   -0.041
 6342.200	  335.163	-1235.102	   -0.026	   22.131	    9.225	    0.078	   -0.025	    9.225	  416.824	   -1.134
 6362.791	  333.743	-1235.101	   -0.028	   20.591	   -1.421	    0.001	   -0.001	   -1.421	  -69.002	   -0.064
 6379.234	  333.743	-1235.101	   -0.028	   16.443	    0.000	    0.000	    0.000	   -0.000	   -0.000	    0.000
 6399.695	  321.539	-1242.665	   -0.001	   20.461	  -12.203	   -7.564	    0.027	  -14.357	 -701.701	    1.332
 6421.354	  333.745	-1235.113	   -0.027	   21.659	   12.205	    7.552	   -0.026	   14.353	  662.658	   -1.213
 6441.249	  332.326	-1235.125	   -0.027	   19.895	   -1.419	   -0.012	    0.000	   -1.419	  -71.323	    0.009
 6459.182	  332.326	-1235.125	   -0.027	   17.933	    0.000	    0.000	    0.000	   -0.000	   -0.000	    0.000
 6479.471	  335.163	-1235.102	   -0.027	   20.289	    2.838	    0.024	   -0.000	    2.838	  139.867	   -0.004
 6499.325	  571.485	-1228.094	   -3.083	   19.854	  236.322	    7.008	   -3.056	  236.425	11908.202	 -153.940
 6519.890	  332.324	-1235.113	   -0.026	   20.565	 -239.161	   -7.019	    3.057	 -239.264	-11634.565	  148.633
 6540.726	  330.905	-1235.125	   -0.026	   20.836	   -1.419	   -0.012	   -0.000	   -1.419	  -68.103	   -0.004
 6559.411	  330.905	-1235.125	   -0.026	   18.685	    0.000	    0.000	    0.000	   -0.000	   -0.000	    0.000
 6579.334	  335.163	-1235.102	   -0.027	   19.923	    4.259	    0.023	   -0.000	    4.259	  213.753	   -0.011
 6599.644	  332.326	-1235.125	   -0.026	   20.310	   -2.838	   -0.024	    0.001	   -2.838	 -139.723	    0.029
 6619.683	  335.163	-1235.102	   -0.027	   20.039	    2.838	    0.024	   -0.001	    2.838	  141.612	   -0.029
 6640.395	  328.636	-1242.669	   -0.001	   20.712	   -6.528	   -7.567	    0.026	   -9.994	 -482.509	    1.264
 6659.321	  328.636	-1242.669	   -0.001	   18.926	    0.000	    0.000	    0.000	   -0.000	   -0.000	    0.000
 6679.428	  333.745	-1235.113	   -0.027	   20.106	    5.109	    7.555	   -0.026	    9.121	  453.619	   -1.294
 6700.403	  328.067	-1235.149	   -0.026	   20.975	   -5.678	   -0.035	    0.001	   -5.678	 -270.706	    0.030
 6720.951	  323.098	-1235.191	   -0.024	   20.548	   -4.968	   -0.043	    0.002	   -4.969	 -241.798	    0.082
 6739.364	  323.098	-1235.191	   -0.024	   18.413	    0.000	    0.000	    0.000	   -0.000	   -0.000	    0.000
 6759.261	  330.907	-1235.137	   -0.027	   19.897	    7.808	    0.054	   -0.003	    7.809	  392.450	   -0.137
 6779.601	  330.907	-1235.137	   -0.027	   20.340	    0.000	    0.000	    0.000	   -0.000	   -0.000	    0.013
 6799.940	  321.526	-1242.665	   -0.001	   20.339	   -9.381	   -7.528	    0.026	  -12.028	 -591.366	    1.287
 6820.455	  324.519	-1235.192	    0.029	   20.515	    2.993	    7.473	    0.030	    8.050	  392.396	    1.441
 6839.646	  324.519	-1235.192	    0.029	   19.191	    0.000	    0.000	    0.000	   -0.000	   -0.000	    0.000
 6859.493	  321.526	-1242.665	   -0.001	   19.847	   -2.993	   -7.473	   -0.030	   -8.050	 -405.602	   -1.489
 6879.412	  328.776	-1235.143	   -0.026	   19.919	    7.250	    7.522	   -0.026	   10.448	  524.510	   -1.303
 6899.166	  335.163	-1235.102	   -0.027	   19.754	    6.387	    0.041	   -0.000	    6.387	  323.341	   -0.011
 6920.646	  336.582	-1235.090	   -0.027	   21.480	    1.419	    0.012	   -0.001	    1.419	   66.046	   -0.033
 6939.532	  336.582	-1235.090	   -0.027	   18.886	    0.000	    0.000	    0.000	   -0.000	   -0.000	    0.000
 6959.960	  305.352	-1234.628	   -0.026	   20.428	  -31.230	    0.462	    0.002	  -31.233	-1528.961	    0.084
 6981.427	  333.743	-1235.101	   -0.026	   21.467	   28.390	   -0.473	   -0.000	   28.394	 1322.679	   -0.018
 7001.508	  330.907	-1235.137	   -0.026	   20.081	   -2.836	   -0.036	   -0.000	   -2.836	 -141.235	   -0.018
 7019.314	  330.907	-1235.137	   -0.026	   17.806	    0.000	    0.000	    0.000	   -0.000	   -0.000	    0.000
 7039.638	  333.743	-1235.101	   -0.027	   20.324	    2.836	    0.036	   -0.001	    2.836	  139.545	   -0.032
 7060.352	  332.326	-1235.125	   -0.026	   20.714	   -1.417	   -0.024	    0.001	   -1.417	  -68.412	    0.047
 7080.579	  602.520	-1226.514	   -3.084	   20.227	  270.195	    8.611	   -3.058	  270.332	13364.869	 -151.172
 7100.738	  335.163	-1235.102	   -0.027	   20.159	 -267.357	   -8.587	    3.057	 -267.495	-13269.137	  151.652
 7119.632	  335.163	-1235.102	   -0.027	   18.894	    0.000	    0.000	    0.000	   -0.000	   -0.000	    0.000
 7139.482	  322.953	-1242.666	   -0.001	   19.850	  -12.210	   -7.564	    0.026	  -14.363	 -723.602	    1.319
 7159.786	  332.326	-1235.125	   -0.026	   20.304	    9.372	    7.541	   -0.026	   12.029	  592.446	   -1.267
 7180.084	  325.939	-1235.180	   -0.014	   20.298	   -6.387	   -0.054	    0.012	   -6.387	 -314.669	    0.610
 7201.297	  330.907	-1235.137	   -0.026	   21.213	    4.968	    0.042	   -0.013	    4.968	  234.193	   -0.593
 7219.808	  330.907	-1235.137	   -0.026	   18.511	    0.000	    0.000	    0.000	   -0.000	   -0.000	    0.000
 7240.186	  330.907	-1235.137	   -0.026	   20.378	    0.000	    0.000	    0.000	   -0.000	   -0.000	    0.000
 7264.019	  332.326	-1235.125	   -0.027	   23.833	    1.419	    0.012	   -0.000	    1.419	   59.543	   -0.007
 7284.020	  335.873	-1235.096	   -0.027	   20.001	    3.547	    0.030	   -0.001	    3.547	  177.347	   -0.028
 7299.687	  335.873	-1235.096	   -0.027	   15.667	    0.000	    0.000	    0.000	   -0.000	   -0.000	    0.000
 7320.972	  332.326	-1235.125	   -0.027	   21.285	   -3.547	   -0.030	    0.000	   -3.547	 -166.648	    0.015
 7341.006	  333.745	-1235.113	   -0.027	   20.034	    1.419	    0.012	    0.000	    1.419	   70.827	    0.004
 7362.085	  333.743	-1235.101	   -0.027	   21.079	   -0.002	    0.012	    0.000	   -0.013	   -0.599	    0.004
 7382.928	  324.361	-1242.667	   -0.001	   20.843	   -9.382	   -7.566	    0.026	  -12.052	 -578.234	    1.256
 7401.841	  324.361	-1242.667	   -0.001	   18.913	    0.000	    0.000	    0.000	   -0.000	   -0.000	    0.000
 7422.145	  321.526	-1242.665	   -0.001	   20.304	   -2.835	    0.001	    0.000	   -2.835	 -139.617	    0.000
 7441.597	  332.326	-1235.125	   -0.027	   19.452	   10.800	    7.540	   -0.027	   13.171	  677.113	   -1.368
 7461.731	  333.743	-1235.101	   -0.027	   20.134	    1.417	    0.024	    0.000	    1.417	   70.383	    0.002
 7484.238	  327.208	-1242.668	   -0.001	   22.507	   -6.534	   -7.567	    0.027	   -9.998	 -444.216	    1.181
 7501.667	  327.208	-1242.668	   -0.001	   17.429	    0.000	    0.000	    0.000	   -0.000	   -0.000	    0.000
 7521.854	  333.745	-1235.113	   -0.027	   20.187	    6.536	    7.555	   -0.026	    9.990	  494.863	   -1.301
 7541.737	  330.905	-1235.125	   -0.026	   19.883	   -2.840	   -0.011	    0.000	   -2.840	 -142.826	    0.015
 7561.699	  685.682	-1185.377	   -2.985	   19.962	  354.777	   49.747	   -2.958	  358.248	17946.148	 -148.202
 7583.025	  333.743	-1235.101	   -0.026	   21.326	 -351.940	  -49.724	    2.959	 -355.435	-16666.988	  138.736
 7602.288	  333.743	-1235.101	   -0.026	   19.263	    0.000	    0.000	    0.000	   -0.000	   -0.000	    0.000
 7621.816	  336.582	-1235.090	   -0.027	   19.528	    2.839	    0.011	   -0.001	    2.839	  145.405	   -0.028
 7642.305	  332.324	-1235.113	   -0.027	   20.489	   -4.258	   -0.023	   -0.000	   -4.258	 -207.828	   -0.002
 7662.541	  333.745	-1235.113	   -0.027	   20.236	    1.421	   -0.001	   -0.000	    1.421	   70.212	   -0.007
 7682.519	  333.745	-1235.113	   -0.027	   19.978	    0.000	    0.000	    0.000	   -0.000	   -0.000	    0.000
 7702.782	  332.326	-1235.125	   -0.026	   20.263	   -1.419	   -0.012	    0.001	   -1.419	  -70.027	    0.046
 7722.969	  329.487	-1235.149	   -0.027	   20.187	   -2.838	   -0.024	   -0.001	   -2.838	 -140.603	   -0.046
 7744.327	  330.197	-1235.143	   -0.026	   21.358	    0.710	    0.006	    0.001	    0.710	   33.227	    0.044
 7764.456	  335.163	-1235.102	   -0.027	   20.129	    4.966	    0.042	   -0.001	    4.966	  246.734	   -0.055
 7782.749	  335.163	-1235.102	   -0.027	   18.293	    0.000	    0.000	    0.000	   -0.000	   -0.000	    0.000
 7802.630	  329.487	-1235.149	   -0.027	   19.881	   -5.676	   -0.048	    0.000	   -5.676	 -285.508	    0.009
 7823.371	  329.487	-1235.149	   -0.027	   20.741	    0.000	    0.000	    0.001	   -0.000	   -0.000	    0.025
 7843.587	  330.907	-1235.137	   -0.027	   20.216	    1.419	    0.012	   -0.000	    1.419	   70.206	   -0.009
 7863.927	  330.905	-1235.125	   -0.027	   20.340	   -0.002	    0.013	   -0.000	   -0.013	   -0.630	   -0.002
 7882.784	  330.905	-1235.125	   -0.027	   18.857	    0.000	    0.000	    0.000	   -0.000	   -0.000	    0.000
 7902.705	  324.408	-1241.716	    0.013	   19.921	   -6.497	   -6.592	    0.039	   -9.255	 -464.594	    1.980
 7922.887	  321.526	-1242.665	   -0.001	   20.182	   -2.882	   -0.949	   -0.013	   -3.034	 -150.357	   -0.655
 7942.907	  333.745	-1235.113	   -0.028	   20.020	   12.219	    7.552	   -0.027	   14.364	  717.482	   -1.352
 7962.728	  333.745	-1235.113	   -0.028	   19.821	    0.000	    0.000	    0.000	   -0.000	   -0.000	    0.000
 7982.865	  333.743	-1235.101	   -0.027	   20.137	   -0.002	    0.012	    0.001	   -0.013	   -0.627	    0.050
 8002.944	  332.326	-1235.125	   -0.027	   20.079	   -1.417	   -0.024	   -0.001	   -1.417	  -70.575	   -0.028
 8025.166	  330.905	-1235.125	   -0.026	   22.222	   -1.421	    0.001	    0.001	   -1.421	  -63.938	    0.062
 8043.796	  324.367	-1242.667	   -0.001	   18.630	   -6.537	   -7.542	    0.025	   -9.981	 -535.737	    1.354
 8063.720	  324.367	-1242.667	   -0.001	   19.924	    0.000	    0.000	    0.000	   -0.000	   -0.000	    0.000
 8083.519	  333.745	-1235.113	   -0.027	   19.799	    9.377	    7.553	   -0.027	   12.041	  608.162	   -1.340
 8103.736	  333.743	-1235.101	   -0.027	   20.217	   -0.002	    0.012	    0.000	   -0.013	   -0.624	    0.011
 8124.472	  332.326	-1235.125	   -0.026	   20.736	   -1.417	   -0.024	    0.001	   -1.417	  -68.338	    0.034
 8144.717	  321.526	-1242.665	   -0.001	   20.245	  -10.800	   -7.540	    0.026	  -13.171	 -650.591	    1.264
 8163.630	  321.526	-1242.665	   -0.001	   18.913	    0.000	    0.000	    0.000	   -0.000	   -0.000	    0.000
 8185.409	  329.486	-1235.136	   -0.027	   21.778	    7.960	    7.529	   -0.026	   10.956	  503.080	   -1.208
 8203.706	  330.195	-1235.130	   -0.026	   18.297	    0.710	    0.006	    0.001	    0.710	   38.779	    0.037
 8223.843	  330.907	-1235.137	   -0.027	   20.137	    0.711	   -0.007	   -0.001	    0.711	   35.324	   -0.027
 8245.629	  332.324	-1235.113	   -0.026	   21.786	    1.417	    0.025	    0.000	    1.417	   65.058	    0.013
 8263.795	  332.324	-1235.113	   -0.026	   18.166	    0.000	    0.000	    0.000	   -0.000	   -0.000	    0.000
 8283.947	  333.745	-1235.113	   -0.028	   20.152	    1.421	   -0.001	   -0.002	    1.421	   70.503	   -0.086
 8304.129	  335.163	-1235.102	   -0.027	   20.182	    1.419	    0.012	    0.001	    1.419	   70.302	    0.052
 8323.883	  335.163	-1235.102	   -0.027	   19.754	    0.000	    0.000	    0.000	   -0.000	   -0.000	    0.000
 8342.292	  335.163	-1235.102	   -0.027	   18.409	    0.000	    0.000	    0.000	   -0.000	   -0.000	    0.000
 8362.786	  335.163	-1235.102	   -0.027	   20.494	    0.000	    0.000	    0.000	   -0.000	   -0.000	    0.000
 8385.233	  336.582	-1235.090	   -0.027	   22.447	    1.419	    0.012	   -0.000	    1.419	   63.200	   -0.014
 8405.881	  325.795	-1242.667	   -0.001	   20.647	  -10.787	   -7.578	    0.027	  -13.183	 -638.470	    1.302
 8425.899	  321.539	-1242.665	   -0.001	   20.019	   -4.255	    0.002	    0.000	   -4.255	 -212.568	    0.000
 8443.987	  321.539	-1242.665	   -0.001	   18.088	    0.000	    0.000	    0.000	   -0.000	   -0.000	    0.000
 8466.012	  333.745	-1235.113	   -0.027	   22.024	   12.205	    7.552	   -0.026	   14.353	  651.669	   -1.193
 8486.491	  335.163	-1235.102	   -0.027	   20.479	    1.419	    0.012	    0.000	    1.419	   69.280	    0.004
 8505.858	  332.326	-1235.125	   -0.027	   19.367	   -2.838	   -0.024	   -0.000	   -2.838	 -146.525	   -0.022
 8524.080	  332.326	-1235.125	   -0.027	   18.222	    0.000	    0.000	    0.000	   -0.000	   -0.000	    0.000
 8544.457	  329.486	-1235.136	   -0.026	   20.377	   -2.840	   -0.011	    0.001	   -2.840	 -139.367	    0.052
 8564.349	  324.367	-1242.667	   -0.001	   19.892	   -5.118	   -7.530	    0.026	   -9.105	 -457.727	    1.284
 8584.749	  333.745	-1235.113	   -0.027	   20.400	    9.377	    7.553	   -0.027	   12.041	  590.228	   -1.313
 8604.750	  326.492	-1242.668	   -0.001	   20.001	   -7.253	   -7.554	    0.027	  -10.473	 -523.604	    1.340
 8624.516	  326.492	-1242.668	   -0.001	   19.766	    0.000	    0.000	    0.000	   -0.000	   -0.000	    0.000
 8644.725	  321.526	-1242.665	   -0.001	   20.209	   -4.966	    0.003	    0.000	   -4.966	 -245.711	    0.000
 8667.707	  324.367	-1242.667	   -0.001	   22.982	    2.841	   -0.001	   -0.000	    2.841	  123.636	   -0.000
 8687.346	  333.745	-1235.113	   -0.027	   19.639	    9.377	    7.553	   -0.026	   12.041	  613.121	   -1.325
 8707.162	  321.519	-1242.665	   -0.001	   19.816	  -12.225	   -7.552	    0.026	  -14.370	 -725.142	    1.313
 8725.842	  321.519	-1242.665	   -0.001	   18.680	    0.000	    0.000	    0.000	   -0.000	   -0.000	    0.000
 8745.161	  332.326	-1235.125	   -0.026	   19.319	   10.806	    7.540	   -0.026	   13.177	  682.052	   -1.338
 8764.828	  585.787	-1206.438	   -3.005	   19.667	  253.462	   28.687	   -2.978	  255.080	12969.943	 -151.435
 8785.601	  321.533	-1242.665	   -0.001	   20.772	 -264.255	  -36.227	    3.004	 -266.726	-12840.374	  144.620
 8806.244	  335.163	-1235.102	   -0.027	   20.644	   13.631	    7.563	   -0.027	   15.589	  755.128	   -1.307
 8824.378	  335.163	-1235.102	   -0.027	   18.134	    0.000	    0.000	    0.000	   -0.000	   -0.000	    0.000
 8844.455	  327.358	-1235.167	   -0.003	   20.077	   -7.805	   -0.066	    0.024	   -7.805	 -388.762	    1.218
 8864.854	  332.324	-1235.113	   -0.026	   20.398	    4.965	    0.055	   -0.023	    4.966	  243.435	   -1.133
 8885.733	  322.947	-1242.666	   -0.001	   20.880	   -9.377	   -7.553	    0.026	  -12.041	 -576.672	    1.228
 8904.894	  322.947	-1242.666	   -0.001	   19.160	    0.000	    0.000	    0.000	   -0.000	   -0.000	    0.000
 8924.695	  333.743	-1235.101	   -0.027	   19.802	   10.796	    7.565	   -0.026	   13.183	  665.727	   -1.329
 8944.857	  335.163	-1235.102	   -0.027	   20.162	    1.421	   -0.001	   -0.000	    1.421	   70.469	   -0.013
 8964.762	  330.197	-1235.143	   -0.026	   19.904	   -4.966	   -0.042	    0.001	   -4.966	 -249.518	    0.031
 8985.333	  333.743	-1235.101	   -0.027	   20.571	    3.546	    0.042	   -0.001	    3.546	  172.364	   -0.030
 9004.881	  333.743	-1235.101	   -0.027	   19.548	    0.000	    0.000	    0.000	   -0.000	   -0.000	    0.000
 9025.211	  328.778	-1235.155	   -0.027	   20.330	   -4.965	   -0.055	    0.000	   -4.965	 -244.222	    0.020
 9045.527	  587.908	-1205.718	   -3.003	   20.316	  259.130	   29.438	   -2.976	  260.797	12836.753	 -146.500
 9066.229	  327.358	-1235.167	   -0.011	   20.701	 -260.549	  -29.450	    2.992	 -262.208	-12666.357	  144.547
 9089.613	  325.939	-1235.180	    0.010	   23.385	   -1.420	   -0.012	    0.020	   -1.420	  -60.708	    0.868
 9104.972	  325.939	-1235.180	    0.010	   15.358	    0.000	    0.000	    0.000	   -0.000	   -0.000	    0.000
 9131.168	  324.518	-1235.179	   -0.012	   26.196	   -1.421	    0.001	   -0.022	   -1.421	  -54.237	   -0.823
 9152.412	  332.326	-1235.125	   -0.026	   21.244	    7.808	    0.054	   -0.014	    7.808	  367.530	   -0.681
 9170.850	  331.614	-1235.119	   -0.027	   18.438	   -0.711	    0.007	   -0.000	   -0.711	  -38.582	   -0.018
 9185.059	  331.614	-1235.119	   -0.027	   14.209	    0.000	    0.000	    0.000	   -0.000	   -0.000	    0.000
 9206.283	  324.367	-1242.667	   -0.001	   21.225	   -7.247	   -7.548	    0.026	  -10.464	 -492.997	    1.239
 9227.131	  336.582	-1235.090	   -0.027	   20.848	   12.215	    7.577	   -0.026	   14.374	  689.464	   -1.252
 9246.892	  330.905	-1235.125	   -0.027	   19.761	   -5.677	   -0.035	   -0.000	   -5.677	 -287.298	   -0.019
 9267.093	  330.905	-1235.125	   -0.027	   20.201	    0.000	    0.000	    0.000	   -0.000	   -0.000	    0.000
 9283.448	  330.905	-1235.125	   -0.027	   16.355	    0.000	    0.000	    0.000	   -0.000	   -0.000	    0.000
 9303.479	  330.905	-1235.125	   -0.027	   20.030	    0.000	    0.000	    0.000	   -0.000	   -0.000	    0.000
 9327.079	  330.907	-1235.137	   -0.027	   23.601	    0.002	   -0.013	    0.000	    0.013	    0.543	    0.018
 9347.307	  333.743	-1235.101	   -0.028	   20.228	    2.836	    0.036	   -0.001	    2.836	  140.212	   -0.052
 9367.415	  333.743	-1235.101	   -0.028	   20.108	    0.000	    0.000	    0.000	   -0.000	   -0.000	    0.000
 9385.975	  330.905	-1235.125	   -0.027	   18.560	   -2.838	   -0.024	    0.001	   -2.838	 -152.903	    0.055
 9405.142	  324.367	-1242.667	   -0.001	   19.167	   -6.537	   -7.542	    0.026	   -9.981	 -520.738	    1.361
 9426.486	  332.326	-1235.125	   -0.026	   21.345	    7.958	    7.541	   -0.026	   10.964	  513.654	   -1.217
 9447.222	  324.374	-1242.667	   -0.001	   20.735	   -7.952	   -7.541	    0.026	  -10.959	 -528.515	    1.252
 9465.705	  324.374	-1242.667	   -0.001	   18.483	    0.000	    0.000	    0.000	   -0.000	   -0.000	    0.000
 9485.792	  332.326	-1235.125	   -0.027	   20.087	    7.952	    7.541	   -0.026	   10.959	  545.576	   -1.318
 9506.770	  330.905	-1235.125	   -0.026	   20.978	   -1.421	    0.001	    0.001	   -1.421	  -67.731	    0.025
 9526.152	  324.381	-1242.667	   -0.001	   19.383	   -6.524	   -7.542	    0.026	   -9.972	 -514.491	    1.340
 9546.804	  321.519	-1242.665	   -0.001	   20.651	   -2.861	    0.001	    0.000	   -2.861	 -138.560	    0.000
 9565.631	  321.519	-1242.665	   -0.001	   18.827	    0.000	    0.000	    0.000	   -0.000	   -0.000	    0.000
 9586.062	  321.526	-1242.665	   -0.001	   20.432	    0.007	    0.000	    0.000	    0.007	    0.329	    0.000
 9607.105	  333.745	-1235.113	   -0.027	   21.043	   12.219	    7.552	   -0.027	   14.364	  682.604	   -1.280
 9627.455	  321.526	-1242.665	   -0.001	   20.350	  -12.219	   -7.552	    0.027	  -14.364	 -705.861	    1.323
 9648.386	  335.161	-1235.089	   -0.027	   20.931	   13.635	    7.576	   -0.027	   15.599	  745.250	   -1.272
 9666.790	  335.161	-1235.089	   -0.027	   18.404	    0.000	    0.000	    0.000	   -0.000	   -0.000	    0.000
 9686.659	  330.907	-1235.137	   -0.026	   19.869	   -4.255	   -0.048	    0.001	   -4.255	 -214.141	    0.047
 9706.852	  321.526	-1242.665	   -0.001	   20.192	   -9.381	   -7.528	    0.026	  -12.028	 -595.656	    1.271
 9726.876	  333.745	-1235.113	   -0.027	   20.024	   12.219	    7.552	   -0.026	   14.364	  717.325	   -1.299
 9746.783	  333.745	-1235.113	   -0.027	   19.907	    0.000	    0.000	    0.000	   -0.000	   -0.000	    0.000
 9766.821	  321.539	-1242.665	   -0.001	   20.038	  -12.205	   -7.552	    0.026	  -14.353	 -716.268	    1.298
 9787.588	  246.141	-1238.135	   -0.012	   20.767	  -75.399	    4.530	   -0.012	  -75.535	-3637.312	   -0.564
 9807.856	  335.163	-1235.102	   -0.027	   20.269	   89.023	    3.033	   -0.015	   89.074	 4394.708	   -0.721
 9828.919	  321.526	-1242.665	   -0.001	   21.062	  -13.637	   -7.563	    0.026	  -15.594	 -740.387	    1.249
 9847.700	  321.526	-1242.665	   -0.001	   18.781	    0.000	    0.000	    0.000	   -0.000	   -0.000	    0.000
 9867.618	  324.367	-1242.667	   -0.001	   19.918	    2.841	   -0.001	   -0.000	    2.841	  142.658	   -0.000
 9888.973	  304.837	-1223.809	   -0.061	   21.354	  -19.530	   18.857	   -0.060	  -27.148	-1271.314	   -2.810
 9909.191	  304.837	-1223.809	   -0.061	   20.219	    0.000	    0.000	    0.000	   -0.000	   -0.000	    0.000
 9926.602	  304.837	-1223.809	   -0.061	   17.410	    0.000	    0.000	    0.000	   -0.000	   -0.000	    0.000
 9947.940	  325.795	-1242.667	   -0.001	   21.339	   20.957	  -18.858	    0.060	   28.193	 1321.200	    2.812
    0.000	    0.000	    0.000	    0.000	 9947.940	   -9.369	   -7.566	    0.026	  -13.950	-4763.774	   51.456
