     Time	    Pos x	    Pos y	    Angle	Diff Time	Diff Posx	Diff Posy	Diff Angl	Diff Long	Rel Speed	Rel AnSpd	
0.000000000000000000e+00	-1.257140000000000100e+03	3.056700000000000159e+02	1.300000000000000044e-01	0.000000000000000000e+00	0.000000000000000000e+00	0.000000000000000000e+00	0.000000000000000000e+00	0.000000000000000000e+00	0.000000000000000000e+00	0.000000000000000000e+00
1.933999999999999986e+01	-1.257140000000000100e+03	3.056700000000000159e+02	1.300000000000000044e-01	1.933999999999999986e+01	0.000000000000000000e+00	0.000000000000000000e+00	0.000000000000000000e+00	-0.000000000000000000e+00	-0.000000000000000000e+00	0.000000000000000000e+00
3.972999999999999687e+01	-1.257160000000000082e+03	3.070600000000000023e+02	-0.000000000000000000e+00	2.039000000000000057e+01	-2.000000000000000042e-02	1.389999999999999902e+00	-1.300000000000000044e-01	-1.389999999999999902e+00	-6.795000000000000284e+01	-6.269999999999999574e+00
5.934000000000000341e+01	-1.257160000000000082e+03	3.070600000000000023e+02	-0.000000000000000000e+00	1.960999999999999943e+01	0.000000000000000000e+00	0.000000000000000000e+00	0.000000000000000000e+00	-0.000000000000000000e+00	-0.000000000000000000e+00	0.000000000000000000e+00
7.926999999999999602e+01	-1.257160000000000082e+03	3.070600000000000023e+02	-0.000000000000000000e+00	1.992999999999999972e+01	0.000000000000000000e+00	0.000000000000000000e+00	0.000000000000000000e+00	-0.000000000000000000e+00	-0.000000000000000000e+00	0.000000000000000000e+00
1.010000000000000000e+02	-1.257160000000000082e+03	3.070600000000000023e+02	-0.000000000000000000e+00	2.173000000000000043e+01	0.000000000000000000e+00	0.000000000000000000e+00	0.000000000000000000e+00	-0.000000000000000000e+00	-0.000000000000000000e+00	0.000000000000000000e+00
1.222699999999999960e+02	-1.257160000000000082e+03	3.070600000000000023e+02	-0.000000000000000000e+00	2.126999999999999957e+01	0.000000000000000000e+00	0.000000000000000000e+00	0.000000000000000000e+00	-0.000000000000000000e+00	-0.000000000000000000e+00	0.000000000000000000e+00
1.410399999999999920e+02	-1.257160000000000082e+03	3.070600000000000023e+02	-0.000000000000000000e+00	1.878000000000000114e+01	0.000000000000000000e+00	0.000000000000000000e+00	0.000000000000000000e+00	-0.000000000000000000e+00	-0.000000000000000000e+00	0.000000000000000000e+00
1.614499999999999886e+02	-1.257160000000000082e+03	3.070600000000000023e+02	-0.000000000000000000e+00	2.041000000000000014e+01	0.000000000000000000e+00	0.000000000000000000e+00	0.000000000000000000e+00	-0.000000000000000000e+00	-0.000000000000000000e+00	0.000000000000000000e+00
1.821800000000000068e+02	-1.257160000000000082e+03	3.070600000000000023e+02	4.000000000000000083e-02	2.073000000000000043e+01	0.000000000000000000e+00	0.000000000000000000e+00	5.000000000000000278e-02	-0.000000000000000000e+00	-0.000000000000000000e+00	2.169999999999999929e+00
2.038600000000000136e+02	-1.257160000000000082e+03	3.070600000000000023e+02	4.000000000000000083e-02	2.167999999999999972e+01	0.000000000000000000e+00	0.000000000000000000e+00	0.000000000000000000e+00	-0.000000000000000000e+00	-0.000000000000000000e+00	0.000000000000000000e+00
2.239900000000000091e+02	-1.257160000000000082e+03	3.070600000000000023e+02	4.000000000000000083e-02	2.014000000000000057e+01	0.000000000000000000e+00	0.000000000000000000e+00	0.000000000000000000e+00	-0.000000000000000000e+00	-0.000000000000000000e+00	0.000000000000000000e+00
2.410600000000000023e+02	-1.257160000000000082e+03	3.070600000000000023e+02	4.000000000000000083e-02	1.707000000000000028e+01	0.000000000000000000e+00	0.000000000000000000e+00	0.000000000000000000e+00	-0.000000000000000000e+00	-0.000000000000000000e+00	0.000000000000000000e+00
2.612900000000000205e+02	-1.257160000000000082e+03	3.070600000000000023e+02	4.000000000000000083e-02	2.023000000000000043e+01	0.000000000000000000e+00	0.000000000000000000e+00	0.000000000000000000e+00	-0.000000000000000000e+00	-0.000000000000000000e+00	0.000000000000000000e+00
2.830400000000000205e+02	-1.257140000000000100e+03	3.056700000000000159e+02	2.000000000000000042e-02	2.176000000000000156e+01	2.000000000000000042e-02	-1.389999999999999902e+00	-2.000000000000000042e-02	1.389999999999999902e+00	6.368999999999999773e+01	-1.040000000000000036e+00
3.032200000000000273e+02	-1.257140000000000100e+03	3.056700000000000159e+02	2.000000000000000042e-02	2.017000000000000171e+01	0.000000000000000000e+00	0.000000000000000000e+00	0.000000000000000000e+00	-0.000000000000000000e+00	-0.000000000000000000e+00	0.000000000000000000e+00
3.210699999999999932e+02	-1.257140000000000100e+03	3.056700000000000159e+02	2.000000000000000042e-02	1.785999999999999943e+01	0.000000000000000000e+00	0.000000000000000000e+00	0.000000000000000000e+00	-0.000000000000000000e+00	-0.000000000000000000e+00	0.000000000000000000e+00
3.410699999999999932e+02	-1.257140000000000100e+03	3.056700000000000159e+02	2.000000000000000042e-02	2.000000000000000000e+01	0.000000000000000000e+00	0.000000000000000000e+00	0.000000000000000000e+00	-0.000000000000000000e+00	-0.000000000000000000e+00	0.000000000000000000e+00
3.614900000000000091e+02	-1.257140000000000100e+03	3.056700000000000159e+02	7.000000000000000666e-02	2.041000000000000014e+01	0.000000000000000000e+00	0.000000000000000000e+00	5.000000000000000278e-02	-0.000000000000000000e+00	-0.000000000000000000e+00	2.209999999999999964e+00
3.816200000000000045e+02	-1.257160000000000082e+03	3.070600000000000023e+02	4.000000000000000083e-02	2.014000000000000057e+01	-2.000000000000000042e-02	1.389999999999999902e+00	-2.000000000000000042e-02	-1.389999999999999902e+00	-6.881000000000000227e+01	-1.120000000000000107e+00
4.031399999999999864e+02	-1.257160000000000082e+03	3.070600000000000023e+02	4.000000000000000083e-02	2.151999999999999957e+01	0.000000000000000000e+00	0.000000000000000000e+00	0.000000000000000000e+00	-0.000000000000000000e+00	-0.000000000000000000e+00	0.000000000000000000e+00
4.215299999999999727e+02	-1.257160000000000082e+03	3.070600000000000023e+02	4.000000000000000083e-02	1.839000000000000057e+01	0.000000000000000000e+00	0.000000000000000000e+00	0.000000000000000000e+00	-0.000000000000000000e+00	-0.000000000000000000e+00	0.000000000000000000e+00
4.411800000000000068e+02	-1.257160000000000082e+03	3.070600000000000023e+02	4.000000000000000083e-02	1.966000000000000014e+01	0.000000000000000000e+00	0.000000000000000000e+00	0.000000000000000000e+00	-0.000000000000000000e+00	-0.000000000000000000e+00	0.000000000000000000e+00
4.614300000000000068e+02	-1.257140000000000100e+03	3.056700000000000159e+02	7.000000000000000666e-02	2.023999999999999844e+01	2.000000000000000042e-02	-1.389999999999999902e+00	2.000000000000000042e-02	1.389999999999999902e+00	6.845999999999999375e+01	1.110000000000000098e+00
4.835500000000000114e+02	-1.257160000000000082e+03	3.070600000000000023e+02	4.000000000000000083e-02	2.212000000000000099e+01	-2.000000000000000042e-02	1.389999999999999902e+00	-2.000000000000000042e-02	-1.389999999999999902e+00	-6.264000000000000057e+01	-1.020000000000000018e+00
5.035799999999999841e+02	-1.257160000000000082e+03	3.070600000000000023e+02	-0.000000000000000000e+00	2.003000000000000114e+01	0.000000000000000000e+00	0.000000000000000000e+00	-5.000000000000000278e-02	-0.000000000000000000e+00	-0.000000000000000000e+00	-2.250000000000000000e+00
5.215700000000000500e+02	-1.257160000000000082e+03	3.070600000000000023e+02	-0.000000000000000000e+00	1.798999999999999844e+01	0.000000000000000000e+00	0.000000000000000000e+00	0.000000000000000000e+00	-0.000000000000000000e+00	-0.000000000000000000e+00	0.000000000000000000e+00
5.410199999999999818e+02	-1.257160000000000082e+03	3.070600000000000023e+02	-0.000000000000000000e+00	1.944999999999999929e+01	0.000000000000000000e+00	0.000000000000000000e+00	0.000000000000000000e+00	-0.000000000000000000e+00	-0.000000000000000000e+00	0.000000000000000000e+00
5.613500000000000227e+02	-1.257160000000000082e+03	3.070600000000000023e+02	-0.000000000000000000e+00	2.032000000000000028e+01	0.000000000000000000e+00	0.000000000000000000e+00	0.000000000000000000e+00	-0.000000000000000000e+00	-0.000000000000000000e+00	0.000000000000000000e+00
5.827100000000000364e+02	-1.257160000000000082e+03	3.070600000000000023e+02	4.000000000000000083e-02	2.135999999999999943e+01	0.000000000000000000e+00	0.000000000000000000e+00	5.000000000000000278e-02	-0.000000000000000000e+00	-0.000000000000000000e+00	2.109999999999999876e+00
6.026799999999999500e+02	-1.257160000000000082e+03	3.070600000000000023e+02	4.000000000000000083e-02	1.996999999999999886e+01	0.000000000000000000e+00	0.000000000000000000e+00	0.000000000000000000e+00	-0.000000000000000000e+00	-0.000000000000000000e+00	0.000000000000000000e+00
6.222699999999999818e+02	-1.257160000000000082e+03	3.070600000000000023e+02	4.000000000000000083e-02	1.958999999999999986e+01	0.000000000000000000e+00	0.000000000000000000e+00	0.000000000000000000e+00	-0.000000000000000000e+00	-0.000000000000000000e+00	0.000000000000000000e+00
6.421399999999999864e+02	-1.257160000000000082e+03	3.070600000000000023e+02	4.000000000000000083e-02	1.987000000000000099e+01	0.000000000000000000e+00	0.000000000000000000e+00	0.000000000000000000e+00	-0.000000000000000000e+00	-0.000000000000000000e+00	0.000000000000000000e+00
6.622799999999999727e+02	-1.257160000000000082e+03	3.070600000000000023e+02	4.000000000000000083e-02	2.014000000000000057e+01	0.000000000000000000e+00	0.000000000000000000e+00	0.000000000000000000e+00	-0.000000000000000000e+00	-0.000000000000000000e+00	0.000000000000000000e+00
6.830599999999999454e+02	-1.257160000000000082e+03	3.070600000000000023e+02	4.000000000000000083e-02	2.078000000000000114e+01	0.000000000000000000e+00	0.000000000000000000e+00	0.000000000000000000e+00	-0.000000000000000000e+00	-0.000000000000000000e+00	0.000000000000000000e+00
7.026799999999999500e+02	-1.257140000000000100e+03	3.056700000000000159e+02	7.000000000000000666e-02	1.962000000000000099e+01	2.000000000000000042e-02	-1.389999999999999902e+00	2.000000000000000042e-02	1.389999999999999902e+00	7.062999999999999545e+01	1.149999999999999911e+00
7.237300000000000182e+02	-1.257140000000000100e+03	3.056700000000000159e+02	7.000000000000000666e-02	2.105000000000000071e+01	0.000000000000000000e+00	0.000000000000000000e+00	0.000000000000000000e+00	-0.000000000000000000e+00	-0.000000000000000000e+00	0.000000000000000000e+00
7.426699999999999591e+02	-1.257140000000000100e+03	3.056700000000000159e+02	7.000000000000000666e-02	1.894000000000000128e+01	0.000000000000000000e+00	0.000000000000000000e+00	0.000000000000000000e+00	-0.000000000000000000e+00	-0.000000000000000000e+00	0.000000000000000000e+00
7.634900000000000091e+02	-1.257160000000000082e+03	3.070600000000000023e+02	4.000000000000000083e-02	2.082000000000000028e+01	-2.000000000000000042e-02	1.389999999999999902e+00	-2.000000000000000042e-02	-1.389999999999999902e+00	-6.656000000000000227e+01	-1.000000000000000000e+00
7.966200000000000045e+02	-1.257160000000000082e+03	3.070600000000000023e+02	4.000000000000000083e-02	3.313000000000000256e+01	0.000000000000000000e+00	0.000000000000000000e+00	-0.000000000000000000e+00	-0.000000000000000000e+00	-0.000000000000000000e+00	-5.000000000000000278e-02
8.028999999999999773e+02	-1.257160000000000082e+03	3.070600000000000023e+02	4.000000000000000083e-02	6.280000000000000249e+00	0.000000000000000000e+00	0.000000000000000000e+00	0.000000000000000000e+00	-0.000000000000000000e+00	-0.000000000000000000e+00	0.000000000000000000e+00
8.229900000000000091e+02	-1.257160000000000082e+03	3.070600000000000023e+02	4.000000000000000083e-02	2.008999999999999986e+01	0.000000000000000000e+00	0.000000000000000000e+00	0.000000000000000000e+00	-0.000000000000000000e+00	-0.000000000000000000e+00	0.000000000000000000e+00
8.434700000000000273e+02	-1.257160000000000082e+03	3.070600000000000023e+02	4.000000000000000083e-02	2.048000000000000043e+01	0.000000000000000000e+00	0.000000000000000000e+00	0.000000000000000000e+00	-0.000000000000000000e+00	-0.000000000000000000e+00	8.000000000000000167e-02
8.632100000000000364e+02	-1.257160000000000082e+03	3.070600000000000023e+02	4.000000000000000083e-02	1.973999999999999844e+01	0.000000000000000000e+00	0.000000000000000000e+00	0.000000000000000000e+00	-0.000000000000000000e+00	-0.000000000000000000e+00	0.000000000000000000e+00
8.827899999999999636e+02	-1.257160000000000082e+03	3.070600000000000023e+02	4.000000000000000083e-02	1.957999999999999829e+01	0.000000000000000000e+00	0.000000000000000000e+00	-0.000000000000000000e+00	-0.000000000000000000e+00	-0.000000000000000000e+00	-8.000000000000000167e-02
9.029800000000000182e+02	-1.257160000000000082e+03	3.070600000000000023e+02	4.000000000000000083e-02	2.017999999999999972e+01	0.000000000000000000e+00	0.000000000000000000e+00	0.000000000000000000e+00	-0.000000000000000000e+00	-0.000000000000000000e+00	0.000000000000000000e+00
9.225099999999999909e+02	-1.257160000000000082e+03	3.070600000000000023e+02	4.000000000000000083e-02	1.953999999999999915e+01	0.000000000000000000e+00	0.000000000000000000e+00	0.000000000000000000e+00	-0.000000000000000000e+00	-0.000000000000000000e+00	0.000000000000000000e+00
9.425900000000000318e+02	-1.257160000000000082e+03	3.070600000000000023e+02	4.000000000000000083e-02	2.007999999999999829e+01	0.000000000000000000e+00	0.000000000000000000e+00	0.000000000000000000e+00	-0.000000000000000000e+00	-0.000000000000000000e+00	0.000000000000000000e+00
9.645299999999999727e+02	-1.257160000000000082e+03	3.070600000000000023e+02	4.000000000000000083e-02	2.194000000000000128e+01	0.000000000000000000e+00	0.000000000000000000e+00	-0.000000000000000000e+00	-0.000000000000000000e+00	-0.000000000000000000e+00	-7.000000000000000666e-02
9.822699999999999818e+02	-1.257160000000000082e+03	3.070600000000000023e+02	4.000000000000000083e-02	1.773999999999999844e+01	0.000000000000000000e+00	0.000000000000000000e+00	0.000000000000000000e+00	-0.000000000000000000e+00	-0.000000000000000000e+00	0.000000000000000000e+00
1.003360000000000014e+03	-1.257160000000000082e+03	3.070600000000000023e+02	4.000000000000000083e-02	2.108999999999999986e+01	0.000000000000000000e+00	0.000000000000000000e+00	0.000000000000000000e+00	-0.000000000000000000e+00	-0.000000000000000000e+00	0.000000000000000000e+00
1.024579999999999927e+03	-1.257160000000000082e+03	3.070600000000000023e+02	4.000000000000000083e-02	2.121999999999999886e+01	0.000000000000000000e+00	0.000000000000000000e+00	0.000000000000000000e+00	-0.000000000000000000e+00	-0.000000000000000000e+00	0.000000000000000000e+00
1.044660000000000082e+03	-1.257160000000000082e+03	3.070600000000000023e+02	4.000000000000000083e-02	2.007999999999999829e+01	0.000000000000000000e+00	0.000000000000000000e+00	0.000000000000000000e+00	-0.000000000000000000e+00	-0.000000000000000000e+00	0.000000000000000000e+00
1.067390000000000100e+03	-1.257160000000000082e+03	3.070600000000000023e+02	4.000000000000000083e-02	2.273000000000000043e+01	0.000000000000000000e+00	0.000000000000000000e+00	0.000000000000000000e+00	-0.000000000000000000e+00	-0.000000000000000000e+00	5.999999999999999778e-02
1.084670000000000073e+03	-1.257160000000000082e+03	3.070600000000000023e+02	4.000000000000000083e-02	1.728000000000000114e+01	0.000000000000000000e+00	0.000000000000000000e+00	0.000000000000000000e+00	-0.000000000000000000e+00	-0.000000000000000000e+00	0.000000000000000000e+00
1.105009999999999991e+03	-1.257160000000000082e+03	3.070600000000000023e+02	4.000000000000000083e-02	2.033999999999999986e+01	0.000000000000000000e+00	0.000000000000000000e+00	0.000000000000000000e+00	-0.000000000000000000e+00	-0.000000000000000000e+00	0.000000000000000000e+00
1.126490000000000009e+03	-1.257160000000000082e+03	3.070600000000000023e+02	-0.000000000000000000e+00	2.148000000000000043e+01	0.000000000000000000e+00	0.000000000000000000e+00	-5.000000000000000278e-02	-0.000000000000000000e+00	-0.000000000000000000e+00	-2.100000000000000089e+00
1.147180000000000064e+03	-1.257160000000000082e+03	3.070600000000000023e+02	-0.000000000000000000e+00	2.069000000000000128e+01	0.000000000000000000e+00	0.000000000000000000e+00	0.000000000000000000e+00	-0.000000000000000000e+00	-0.000000000000000000e+00	0.000000000000000000e+00
1.167109999999999900e+03	-1.257160000000000082e+03	3.070600000000000023e+02	-0.000000000000000000e+00	1.992000000000000171e+01	0.000000000000000000e+00	0.000000000000000000e+00	0.000000000000000000e+00	-0.000000000000000000e+00	-0.000000000000000000e+00	0.000000000000000000e+00
1.184650000000000091e+03	-1.257160000000000082e+03	3.070600000000000023e+02	-0.000000000000000000e+00	1.753999999999999915e+01	0.000000000000000000e+00	0.000000000000000000e+00	0.000000000000000000e+00	-0.000000000000000000e+00	-0.000000000000000000e+00	0.000000000000000000e+00
1.205109999999999900e+03	-1.257160000000000082e+03	3.070600000000000023e+02	-0.000000000000000000e+00	2.046000000000000085e+01	0.000000000000000000e+00	0.000000000000000000e+00	0.000000000000000000e+00	-0.000000000000000000e+00	-0.000000000000000000e+00	0.000000000000000000e+00
1.226769999999999982e+03	-1.257160000000000082e+03	3.070600000000000023e+02	4.000000000000000083e-02	2.166000000000000014e+01	0.000000000000000000e+00	0.000000000000000000e+00	5.000000000000000278e-02	-0.000000000000000000e+00	-0.000000000000000000e+00	2.080000000000000071e+00
1.248450000000000045e+03	-1.257160000000000082e+03	3.070600000000000023e+02	4.000000000000000083e-02	2.167999999999999972e+01	0.000000000000000000e+00	0.000000000000000000e+00	0.000000000000000000e+00	-0.000000000000000000e+00	-0.000000000000000000e+00	0.000000000000000000e+00
1.266430000000000064e+03	-1.257160000000000082e+03	3.070600000000000023e+02	4.000000000000000083e-02	1.798000000000000043e+01	0.000000000000000000e+00	0.000000000000000000e+00	0.000000000000000000e+00	-0.000000000000000000e+00	-0.000000000000000000e+00	0.000000000000000000e+00
1.286910000000000082e+03	-1.257160000000000082e+03	3.070600000000000023e+02	4.000000000000000083e-02	2.048000000000000043e+01	0.000000000000000000e+00	0.000000000000000000e+00	0.000000000000000000e+00	-0.000000000000000000e+00	-0.000000000000000000e+00	0.000000000000000000e+00
1.307299999999999955e+03	-1.257140000000000100e+03	3.056700000000000159e+02	7.000000000000000666e-02	2.039000000000000057e+01	2.000000000000000042e-02	-1.389999999999999902e+00	2.000000000000000042e-02	1.389999999999999902e+00	6.795999999999999375e+01	1.100000000000000089e+00
1.330289999999999964e+03	-1.257160000000000082e+03	3.070600000000000023e+02	4.000000000000000083e-02	2.298999999999999844e+01	-2.000000000000000042e-02	1.389999999999999902e+00	-2.000000000000000042e-02	-1.389999999999999902e+00	-6.025999999999999801e+01	-9.799999999999999822e-01
1.348460000000000036e+03	-1.257160000000000082e+03	3.070600000000000023e+02	4.000000000000000083e-02	1.817000000000000171e+01	0.000000000000000000e+00	0.000000000000000000e+00	0.000000000000000000e+00	-0.000000000000000000e+00	-0.000000000000000000e+00	0.000000000000000000e+00
1.370000000000000000e+03	-1.257160000000000082e+03	3.070600000000000023e+02	4.000000000000000083e-02	2.153000000000000114e+01	0.000000000000000000e+00	0.000000000000000000e+00	0.000000000000000000e+00	-0.000000000000000000e+00	-0.000000000000000000e+00	0.000000000000000000e+00
1.388599999999999909e+03	-1.257160000000000082e+03	3.070600000000000023e+02	4.000000000000000083e-02	1.860999999999999943e+01	0.000000000000000000e+00	0.000000000000000000e+00	0.000000000000000000e+00	-0.000000000000000000e+00	-0.000000000000000000e+00	0.000000000000000000e+00
1.408710000000000036e+03	-1.257160000000000082e+03	3.070600000000000023e+02	-0.000000000000000000e+00	2.010999999999999943e+01	0.000000000000000000e+00	0.000000000000000000e+00	-5.000000000000000278e-02	-0.000000000000000000e+00	-0.000000000000000000e+00	-2.240000000000000213e+00
1.428619999999999891e+03	-1.257160000000000082e+03	3.070600000000000023e+02	-0.000000000000000000e+00	1.991000000000000014e+01	0.000000000000000000e+00	0.000000000000000000e+00	0.000000000000000000e+00	-0.000000000000000000e+00	-0.000000000000000000e+00	0.000000000000000000e+00
1.449369999999999891e+03	-1.257160000000000082e+03	3.070600000000000023e+02	-0.000000000000000000e+00	2.075000000000000000e+01	0.000000000000000000e+00	0.000000000000000000e+00	0.000000000000000000e+00	-0.000000000000000000e+00	-0.000000000000000000e+00	0.000000000000000000e+00
1.469339999999999918e+03	-1.257160000000000082e+03	3.070600000000000023e+02	4.000000000000000083e-02	1.996999999999999886e+01	0.000000000000000000e+00	0.000000000000000000e+00	5.000000000000000278e-02	-0.000000000000000000e+00	-0.000000000000000000e+00	2.259999999999999787e+00
1.488660000000000082e+03	-1.257160000000000082e+03	3.070600000000000023e+02	4.000000000000000083e-02	1.932000000000000028e+01	0.000000000000000000e+00	0.000000000000000000e+00	0.000000000000000000e+00	-0.000000000000000000e+00	-0.000000000000000000e+00	0.000000000000000000e+00
1.508190000000000055e+03	-1.257160000000000082e+03	3.070600000000000023e+02	4.000000000000000083e-02	1.953000000000000114e+01	0.000000000000000000e+00	0.000000000000000000e+00	0.000000000000000000e+00	-0.000000000000000000e+00	-0.000000000000000000e+00	0.000000000000000000e+00
1.528420000000000073e+03	-1.257160000000000082e+03	3.070600000000000023e+02	4.000000000000000083e-02	2.023000000000000043e+01	0.000000000000000000e+00	0.000000000000000000e+00	0.000000000000000000e+00	-0.000000000000000000e+00	-0.000000000000000000e+00	0.000000000000000000e+00
1.548589999999999918e+03	-1.257160000000000082e+03	3.070600000000000023e+02	4.000000000000000083e-02	2.016000000000000014e+01	0.000000000000000000e+00	0.000000000000000000e+00	0.000000000000000000e+00	-0.000000000000000000e+00	-0.000000000000000000e+00	0.000000000000000000e+00
1.569029999999999973e+03	-1.257160000000000082e+03	3.070600000000000023e+02	4.000000000000000083e-02	2.044000000000000128e+01	0.000000000000000000e+00	0.000000000000000000e+00	0.000000000000000000e+00	-0.000000000000000000e+00	-0.000000000000000000e+00	0.000000000000000000e+00
1.588589999999999918e+03	-1.257160000000000082e+03	3.070600000000000023e+02	4.000000000000000083e-02	1.955999999999999872e+01	0.000000000000000000e+00	0.000000000000000000e+00	0.000000000000000000e+00	-0.000000000000000000e+00	-0.000000000000000000e+00	0.000000000000000000e+00
1.608539999999999964e+03	-1.257160000000000082e+03	3.070600000000000023e+02	-0.000000000000000000e+00	1.994999999999999929e+01	0.000000000000000000e+00	0.000000000000000000e+00	-5.000000000000000278e-02	-0.000000000000000000e+00	-0.000000000000000000e+00	-2.259999999999999787e+00
1.629130000000000109e+03	-1.257160000000000082e+03	3.070600000000000023e+02	-0.000000000000000000e+00	2.058999999999999986e+01	0.000000000000000000e+00	0.000000000000000000e+00	0.000000000000000000e+00	-0.000000000000000000e+00	-0.000000000000000000e+00	0.000000000000000000e+00
1.648839999999999918e+03	-1.257140000000000100e+03	3.056700000000000159e+02	7.000000000000000666e-02	1.971000000000000085e+01	2.000000000000000042e-02	-1.389999999999999902e+00	7.000000000000000666e-02	1.389999999999999902e+00	7.029999999999999716e+01	3.430000000000000160e+00
1.669119999999999891e+03	-1.257160000000000082e+03	3.070600000000000023e+02	4.000000000000000083e-02	2.028000000000000114e+01	-2.000000000000000042e-02	1.389999999999999902e+00	-2.000000000000000042e-02	-1.389999999999999902e+00	-6.831000000000000227e+01	-1.110000000000000098e+00
1.688750000000000000e+03	-1.257160000000000082e+03	3.070600000000000023e+02	4.000000000000000083e-02	1.962999999999999901e+01	0.000000000000000000e+00	0.000000000000000000e+00	0.000000000000000000e+00	-0.000000000000000000e+00	-0.000000000000000000e+00	0.000000000000000000e+00
1.711599999999999909e+03	-1.257160000000000082e+03	3.070600000000000023e+02	4.000000000000000083e-02	2.283999999999999986e+01	0.000000000000000000e+00	0.000000000000000000e+00	0.000000000000000000e+00	-0.000000000000000000e+00	-0.000000000000000000e+00	0.000000000000000000e+00
1.731569999999999936e+03	-1.257160000000000082e+03	3.070600000000000023e+02	4.000000000000000083e-02	1.996999999999999886e+01	0.000000000000000000e+00	0.000000000000000000e+00	0.000000000000000000e+00	-0.000000000000000000e+00	-0.000000000000000000e+00	0.000000000000000000e+00
1.748609999999999900e+03	-1.257160000000000082e+03	3.070600000000000023e+02	4.000000000000000083e-02	1.703999999999999915e+01	0.000000000000000000e+00	0.000000000000000000e+00	0.000000000000000000e+00	-0.000000000000000000e+00	-0.000000000000000000e+00	0.000000000000000000e+00
1.768690000000000055e+03	-1.224900000000000091e+03	2.962599999999999909e+02	2.049999999999999822e+00	2.007999999999999829e+01	3.227000000000000313e+01	-1.080000000000000071e+01	2.009999999999999787e+00	3.402000000000000313e+01	1.694589999999999918e+03	9.995000000000000284e+01
1.789009999999999991e+03	-1.257160000000000082e+03	3.070600000000000023e+02	4.000000000000000083e-02	2.032000000000000028e+01	-3.227000000000000313e+01	1.080000000000000071e+01	-2.009999999999999787e+00	-3.402000000000000313e+01	-1.674329999999999927e+03	-9.875000000000000000e+01
1.808920000000000073e+03	-1.257160000000000082e+03	3.070600000000000023e+02	4.000000000000000083e-02	1.991000000000000014e+01	0.000000000000000000e+00	0.000000000000000000e+00	0.000000000000000000e+00	-0.000000000000000000e+00	-0.000000000000000000e+00	0.000000000000000000e+00
1.828710000000000036e+03	-1.257160000000000082e+03	3.070600000000000023e+02	4.000000000000000083e-02	1.978999999999999915e+01	0.000000000000000000e+00	0.000000000000000000e+00	0.000000000000000000e+00	-0.000000000000000000e+00	-0.000000000000000000e+00	0.000000000000000000e+00
1.848730000000000018e+03	-1.257160000000000082e+03	3.070600000000000023e+02	3.200000000000000067e-01	2.001999999999999957e+01	0.000000000000000000e+00	0.000000000000000000e+00	2.700000000000000178e-01	-0.000000000000000000e+00	-0.000000000000000000e+00	1.367999999999999972e+01
1.868150000000000091e+03	-1.257160000000000082e+03	3.070600000000000023e+02	3.200000000000000067e-01	1.942000000000000171e+01	0.000000000000000000e+00	0.000000000000000000e+00	0.000000000000000000e+00	-0.000000000000000000e+00	-0.000000000000000000e+00	0.000000000000000000e+00
1.888259999999999991e+03	-1.257160000000000082e+03	3.070600000000000023e+02	3.200000000000000067e-01	2.010999999999999943e+01	0.000000000000000000e+00	0.000000000000000000e+00	0.000000000000000000e+00	-0.000000000000000000e+00	-0.000000000000000000e+00	0.000000000000000000e+00
1.909640000000000100e+03	-1.257160000000000082e+03	3.070600000000000023e+02	4.000000000000000083e-02	2.137000000000000099e+01	0.000000000000000000e+00	0.000000000000000000e+00	-2.700000000000000178e-01	-0.000000000000000000e+00	-0.000000000000000000e+00	-1.282000000000000028e+01
1.930289999999999964e+03	-1.257160000000000082e+03	3.070600000000000023e+02	4.000000000000000083e-02	2.066000000000000014e+01	0.000000000000000000e+00	0.000000000000000000e+00	0.000000000000000000e+00	-0.000000000000000000e+00	-0.000000000000000000e+00	0.000000000000000000e+00
1.948710000000000036e+03	-1.257160000000000082e+03	3.070600000000000023e+02	4.000000000000000083e-02	1.842000000000000171e+01	0.000000000000000000e+00	0.000000000000000000e+00	0.000000000000000000e+00	-0.000000000000000000e+00	-0.000000000000000000e+00	0.000000000000000000e+00
1.968869999999999891e+03	-1.257160000000000082e+03	3.070600000000000023e+02	4.000000000000000083e-02	2.016000000000000014e+01	0.000000000000000000e+00	0.000000000000000000e+00	-0.000000000000000000e+00	0.000000000000000000e+00	7.000000000000000666e-02	-0.000000000000000000e+00
1.989609999999999900e+03	-1.257160000000000082e+03	3.070600000000000023e+02	4.000000000000000083e-02	2.073000000000000043e+01	0.000000000000000000e+00	0.000000000000000000e+00	0.000000000000000000e+00	-0.000000000000000000e+00	-0.000000000000000000e+00	0.000000000000000000e+00
2.008660000000000082e+03	-1.257160000000000082e+03	3.070600000000000023e+02	4.000000000000000083e-02	1.905000000000000071e+01	0.000000000000000000e+00	0.000000000000000000e+00	0.000000000000000000e+00	-0.000000000000000000e+00	-0.000000000000000000e+00	0.000000000000000000e+00
2.029230000000000018e+03	-1.257160000000000082e+03	3.070600000000000023e+02	4.000000000000000083e-02	2.057000000000000028e+01	-0.000000000000000000e+00	-0.000000000000000000e+00	0.000000000000000000e+00	-0.000000000000000000e+00	-7.000000000000000666e-02	0.000000000000000000e+00
2.048670000000000073e+03	-1.257140000000000100e+03	3.056700000000000159e+02	7.000000000000000666e-02	1.944000000000000128e+01	2.000000000000000042e-02	-1.389999999999999902e+00	2.999999999999999889e-02	1.389999999999999902e+00	7.129000000000000625e+01	1.290000000000000036e+00
2.068900000000000091e+03	-1.257160000000000082e+03	3.070600000000000023e+02	4.000000000000000083e-02	2.023999999999999844e+01	-2.000000000000000042e-02	1.389999999999999902e+00	-2.999999999999999889e-02	-1.389999999999999902e+00	-6.846999999999999886e+01	-1.239999999999999991e+00
2.090690000000000055e+03	-1.257160000000000082e+03	3.070600000000000023e+02	4.000000000000000083e-02	2.178999999999999915e+01	0.000000000000000000e+00	0.000000000000000000e+00	0.000000000000000000e+00	-0.000000000000000000e+00	-0.000000000000000000e+00	0.000000000000000000e+00
2.108460000000000036e+03	-1.257160000000000082e+03	3.070600000000000023e+02	4.000000000000000083e-02	1.776999999999999957e+01	0.000000000000000000e+00	0.000000000000000000e+00	0.000000000000000000e+00	-0.000000000000000000e+00	-0.000000000000000000e+00	0.000000000000000000e+00
2.128360000000000127e+03	-1.257160000000000082e+03	3.070600000000000023e+02	4.000000000000000083e-02	1.989999999999999858e+01	0.000000000000000000e+00	0.000000000000000000e+00	0.000000000000000000e+00	-0.000000000000000000e+00	-0.000000000000000000e+00	0.000000000000000000e+00
2.148269999999999982e+03	-1.257160000000000082e+03	3.070600000000000023e+02	4.000000000000000083e-02	1.991000000000000014e+01	0.000000000000000000e+00	0.000000000000000000e+00	0.000000000000000000e+00	-0.000000000000000000e+00	-0.000000000000000000e+00	0.000000000000000000e+00
2.169489999999999782e+03	-1.257160000000000082e+03	3.070600000000000023e+02	4.000000000000000083e-02	2.121999999999999886e+01	0.000000000000000000e+00	0.000000000000000000e+00	0.000000000000000000e+00	-0.000000000000000000e+00	-0.000000000000000000e+00	0.000000000000000000e+00
2.189690000000000055e+03	-1.257140000000000100e+03	3.056700000000000159e+02	7.000000000000000666e-02	2.019999999999999929e+01	2.000000000000000042e-02	-1.389999999999999902e+00	2.000000000000000042e-02	1.389999999999999902e+00	6.860999999999999943e+01	1.110000000000000098e+00
2.211190000000000055e+03	-1.257140000000000100e+03	3.056700000000000159e+02	7.000000000000000666e-02	2.151000000000000156e+01	0.000000000000000000e+00	0.000000000000000000e+00	0.000000000000000000e+00	-0.000000000000000000e+00	-0.000000000000000000e+00	0.000000000000000000e+00
2.229199999999999818e+03	-1.257160000000000082e+03	3.070600000000000023e+02	4.000000000000000083e-02	1.801000000000000156e+01	-2.000000000000000042e-02	1.389999999999999902e+00	-2.000000000000000042e-02	-1.389999999999999902e+00	-7.695999999999999375e+01	-1.250000000000000000e+00
2.248320000000000164e+03	-1.257160000000000082e+03	3.070600000000000023e+02	4.000000000000000083e-02	1.912000000000000099e+01	0.000000000000000000e+00	0.000000000000000000e+00	0.000000000000000000e+00	-0.000000000000000000e+00	-0.000000000000000000e+00	0.000000000000000000e+00
2.269369999999999891e+03	-1.257160000000000082e+03	3.070600000000000023e+02	4.000000000000000083e-02	2.105000000000000071e+01	0.000000000000000000e+00	0.000000000000000000e+00	0.000000000000000000e+00	-0.000000000000000000e+00	-0.000000000000000000e+00	0.000000000000000000e+00
2.288969999999999800e+03	-1.257160000000000082e+03	3.070600000000000023e+02	3.200000000000000067e-01	1.960000000000000142e+01	0.000000000000000000e+00	0.000000000000000000e+00	2.800000000000000266e-01	-0.000000000000000000e+00	-0.000000000000000000e+00	1.416999999999999993e+01
2.308889999999999873e+03	-1.257160000000000082e+03	3.070600000000000023e+02	3.200000000000000067e-01	1.992000000000000171e+01	0.000000000000000000e+00	0.000000000000000000e+00	0.000000000000000000e+00	-0.000000000000000000e+00	-0.000000000000000000e+00	0.000000000000000000e+00
2.328340000000000146e+03	-1.257160000000000082e+03	3.070600000000000023e+02	3.200000000000000067e-01	1.944999999999999929e+01	0.000000000000000000e+00	0.000000000000000000e+00	0.000000000000000000e+00	-0.000000000000000000e+00	-0.000000000000000000e+00	0.000000000000000000e+00
2.348849999999999909e+03	-1.257140000000000100e+03	3.056700000000000159e+02	5.999999999999999778e-02	2.051000000000000156e+01	2.000000000000000042e-02	-1.389999999999999902e+00	-2.600000000000000089e-01	1.389999999999999902e+00	6.756999999999999318e+01	-1.257000000000000028e+01
2.368909999999999854e+03	-1.257140000000000100e+03	3.056700000000000159e+02	2.000000000000000042e-02	2.005999999999999872e+01	0.000000000000000000e+00	0.000000000000000000e+00	-4.000000000000000083e-02	-0.000000000000000000e+00	-0.000000000000000000e+00	-2.120000000000000107e+00
2.390130000000000109e+03	-1.257160000000000082e+03	3.070600000000000023e+02	4.000000000000000083e-02	2.121999999999999886e+01	-2.000000000000000042e-02	1.389999999999999902e+00	2.000000000000000042e-02	-1.389999999999999902e+00	-6.529000000000000625e+01	1.139999999999999902e+00
2.408800000000000182e+03	-1.257160000000000082e+03	3.070600000000000023e+02	4.000000000000000083e-02	1.867000000000000171e+01	0.000000000000000000e+00	0.000000000000000000e+00	0.000000000000000000e+00	-0.000000000000000000e+00	-0.000000000000000000e+00	0.000000000000000000e+00
2.428400000000000091e+03	-1.257160000000000082e+03	3.070600000000000023e+02	4.000000000000000083e-02	1.960000000000000142e+01	0.000000000000000000e+00	0.000000000000000000e+00	0.000000000000000000e+00	-0.000000000000000000e+00	-0.000000000000000000e+00	0.000000000000000000e+00
2.448340000000000146e+03	-1.257160000000000082e+03	3.070600000000000023e+02	4.000000000000000083e-02	1.994000000000000128e+01	0.000000000000000000e+00	0.000000000000000000e+00	0.000000000000000000e+00	-0.000000000000000000e+00	-0.000000000000000000e+00	0.000000000000000000e+00
2.468309999999999945e+03	-1.257160000000000082e+03	3.070600000000000023e+02	4.000000000000000083e-02	1.996999999999999886e+01	0.000000000000000000e+00	0.000000000000000000e+00	0.000000000000000000e+00	-0.000000000000000000e+00	-0.000000000000000000e+00	0.000000000000000000e+00
2.490389999999999873e+03	-1.257160000000000082e+03	3.070600000000000023e+02	4.000000000000000083e-02	2.207999999999999829e+01	0.000000000000000000e+00	0.000000000000000000e+00	-0.000000000000000000e+00	-0.000000000000000000e+00	-0.000000000000000000e+00	-7.000000000000000666e-02
2.508510000000000218e+03	-1.257160000000000082e+03	3.070600000000000023e+02	4.000000000000000083e-02	1.812000000000000099e+01	0.000000000000000000e+00	0.000000000000000000e+00	0.000000000000000000e+00	-0.000000000000000000e+00	-0.000000000000000000e+00	0.000000000000000000e+00
2.528480000000000018e+03	-1.257160000000000082e+03	3.070600000000000023e+02	4.000000000000000083e-02	1.996999999999999886e+01	0.000000000000000000e+00	0.000000000000000000e+00	0.000000000000000000e+00	-0.000000000000000000e+00	-0.000000000000000000e+00	0.000000000000000000e+00
2.549530000000000200e+03	-1.257160000000000082e+03	3.070600000000000023e+02	4.000000000000000083e-02	2.105000000000000071e+01	0.000000000000000000e+00	0.000000000000000000e+00	0.000000000000000000e+00	-0.000000000000000000e+00	-0.000000000000000000e+00	0.000000000000000000e+00
2.570230000000000018e+03	-1.257160000000000082e+03	3.070600000000000023e+02	4.000000000000000083e-02	2.069999999999999929e+01	0.000000000000000000e+00	0.000000000000000000e+00	0.000000000000000000e+00	-0.000000000000000000e+00	-0.000000000000000000e+00	0.000000000000000000e+00
2.588989999999999782e+03	-1.257160000000000082e+03	3.070600000000000023e+02	-0.000000000000000000e+00	1.876000000000000156e+01	0.000000000000000000e+00	0.000000000000000000e+00	-5.000000000000000278e-02	-0.000000000000000000e+00	-0.000000000000000000e+00	-2.399999999999999911e+00
2.608550000000000182e+03	-1.257160000000000082e+03	3.070600000000000023e+02	-0.000000000000000000e+00	1.955000000000000071e+01	0.000000000000000000e+00	0.000000000000000000e+00	0.000000000000000000e+00	-0.000000000000000000e+00	-0.000000000000000000e+00	0.000000000000000000e+00
2.628960000000000036e+03	-1.257160000000000082e+03	3.070600000000000023e+02	-0.000000000000000000e+00	2.041000000000000014e+01	0.000000000000000000e+00	0.000000000000000000e+00	0.000000000000000000e+00	-0.000000000000000000e+00	-0.000000000000000000e+00	0.000000000000000000e+00
2.648730000000000018e+03	-1.257160000000000082e+03	3.070600000000000023e+02	-0.000000000000000000e+00	1.976999999999999957e+01	0.000000000000000000e+00	0.000000000000000000e+00	0.000000000000000000e+00	-0.000000000000000000e+00	-0.000000000000000000e+00	0.000000000000000000e+00
2.669340000000000146e+03	-1.254410000000000082e+03	3.056999999999999886e+02	7.000000000000000666e-02	2.060999999999999943e+01	2.750000000000000000e+00	-1.360000000000000098e+00	7.000000000000000666e-02	3.069999999999999840e+00	1.489699999999999989e+02	3.279999999999999805e+00
2.689000000000000000e+03	-1.254410000000000082e+03	3.056999999999999886e+02	7.000000000000000666e-02	1.966000000000000014e+01	0.000000000000000000e+00	0.000000000000000000e+00	0.000000000000000000e+00	-0.000000000000000000e+00	-0.000000000000000000e+00	0.000000000000000000e+00
2.708969999999999800e+03	-1.254430000000000064e+03	3.070799999999999841e+02	4.000000000000000083e-02	1.996999999999999886e+01	-2.000000000000000042e-02	1.389999999999999902e+00	-2.000000000000000042e-02	-1.389999999999999902e+00	-6.939000000000000057e+01	-1.129999999999999893e+00
2.729349999999999909e+03	-1.253009999999999991e+03	3.036299999999999955e+02	1.000000000000000056e-01	2.037999999999999901e+01	1.409999999999999920e+00	-3.450000000000000178e+00	5.999999999999999778e-02	3.729999999999999982e+00	1.829499999999999886e+02	2.850000000000000089e+00
2.748489999999999782e+03	-1.253009999999999991e+03	3.036299999999999955e+02	1.000000000000000056e-01	1.914000000000000057e+01	0.000000000000000000e+00	0.000000000000000000e+00	0.000000000000000000e+00	-0.000000000000000000e+00	-0.000000000000000000e+00	0.000000000000000000e+00
2.768809999999999945e+03	-1.253009999999999991e+03	3.036299999999999955e+02	1.000000000000000056e-01	2.030999999999999872e+01	0.000000000000000000e+00	0.000000000000000000e+00	0.000000000000000000e+00	-0.000000000000000000e+00	-0.000000000000000000e+00	0.000000000000000000e+00
2.788750000000000000e+03	-1.253009999999999991e+03	3.036299999999999955e+02	1.000000000000000056e-01	1.994999999999999929e+01	0.000000000000000000e+00	0.000000000000000000e+00	0.000000000000000000e+00	-0.000000000000000000e+00	-0.000000000000000000e+00	0.000000000000000000e+00
2.808789999999999964e+03	-1.253009999999999991e+03	3.036299999999999955e+02	1.000000000000000056e-01	2.003999999999999915e+01	0.000000000000000000e+00	0.000000000000000000e+00	0.000000000000000000e+00	-0.000000000000000000e+00	-0.000000000000000000e+00	0.000000000000000000e+00
2.829260000000000218e+03	-1.253009999999999991e+03	3.036299999999999955e+02	1.000000000000000056e-01	2.046999999999999886e+01	0.000000000000000000e+00	0.000000000000000000e+00	0.000000000000000000e+00	-0.000000000000000000e+00	-0.000000000000000000e+00	0.000000000000000000e+00
2.852329999999999927e+03	-1.244829999999999927e+03	3.050899999999999750e+02	8.000000000000000167e-02	2.307000000000000028e+01	8.189999999999999503e+00	1.459999999999999964e+00	-2.000000000000000042e-02	8.310000000000000497e+00	3.604100000000000250e+02	-1.000000000000000000e+00
2.869309999999999945e+03	-1.244829999999999927e+03	3.050899999999999750e+02	8.000000000000000167e-02	1.698000000000000043e+01	0.000000000000000000e+00	0.000000000000000000e+00	0.000000000000000000e+00	-0.000000000000000000e+00	-0.000000000000000000e+00	0.000000000000000000e+00
2.888909999999999854e+03	-1.244829999999999927e+03	3.050899999999999750e+02	8.000000000000000167e-02	1.960000000000000142e+01	0.000000000000000000e+00	0.000000000000000000e+00	0.000000000000000000e+00	-0.000000000000000000e+00	-0.000000000000000000e+00	0.000000000000000000e+00
2.909400000000000091e+03	-1.240750000000000000e+03	3.072099999999999795e+02	4.000000000000000083e-02	2.050000000000000000e+01	4.070000000000000284e+00	2.120000000000000107e+00	-4.000000000000000083e-02	4.589999999999999858e+00	2.239600000000000080e+02	-1.719999999999999973e+00
2.929739999999999782e+03	-1.238000000000000000e+03	3.058500000000000227e+02	7.000000000000000666e-02	2.032999999999999829e+01	2.750000000000000000e+00	-1.360000000000000098e+00	2.000000000000000042e-02	3.069999999999999840e+00	1.509900000000000091e+02	1.100000000000000089e+00
2.950539999999999964e+03	-1.238000000000000000e+03	3.058500000000000227e+02	7.000000000000000666e-02	2.080000000000000071e+01	0.000000000000000000e+00	0.000000000000000000e+00	0.000000000000000000e+00	-0.000000000000000000e+00	-0.000000000000000000e+00	0.000000000000000000e+00
2.968900000000000091e+03	-1.238000000000000000e+03	3.058500000000000227e+02	7.000000000000000666e-02	1.835999999999999943e+01	0.000000000000000000e+00	0.000000000000000000e+00	0.000000000000000000e+00	-0.000000000000000000e+00	-0.000000000000000000e+00	0.000000000000000000e+00
2.989199999999999818e+03	-1.238000000000000000e+03	3.058500000000000227e+02	7.000000000000000666e-02	2.030000000000000071e+01	0.000000000000000000e+00	0.000000000000000000e+00	0.000000000000000000e+00	-0.000000000000000000e+00	-0.000000000000000000e+00	0.000000000000000000e+00
3.011150000000000091e+03	-1.233849999999999909e+03	3.024200000000000159e+02	1.199999999999999956e-01	2.196000000000000085e+01	4.150000000000000355e+00	-3.430000000000000160e+00	5.000000000000000278e-02	5.379999999999999893e+00	2.449900000000000091e+02	2.439999999999999947e+00
3.028849999999999909e+03	-1.233849999999999909e+03	3.024200000000000159e+02	1.199999999999999956e-01	1.769999999999999929e+01	0.000000000000000000e+00	0.000000000000000000e+00	0.000000000000000000e+00	-0.000000000000000000e+00	-0.000000000000000000e+00	0.000000000000000000e+00
3.048949999999999818e+03	-1.233849999999999909e+03	3.024200000000000159e+02	1.199999999999999956e-01	2.010000000000000142e+01	0.000000000000000000e+00	0.000000000000000000e+00	0.000000000000000000e+00	-0.000000000000000000e+00	-0.000000000000000000e+00	0.000000000000000000e+00
3.068949999999999818e+03	-1.233849999999999909e+03	3.024200000000000159e+02	1.199999999999999956e-01	2.000000000000000000e+01	0.000000000000000000e+00	0.000000000000000000e+00	0.000000000000000000e+00	-0.000000000000000000e+00	-0.000000000000000000e+00	0.000000000000000000e+00
3.089389999999999873e+03	-1.224349999999999909e+03	3.073600000000000136e+02	4.000000000000000083e-02	2.044000000000000128e+01	9.500000000000000000e+00	4.940000000000000391e+00	-8.000000000000000167e-02	1.071000000000000085e+01	5.238500000000000227e+02	-3.729999999999999982e+00
3.110869999999999891e+03	-1.224349999999999909e+03	3.073600000000000136e+02	4.000000000000000083e-02	2.148000000000000043e+01	0.000000000000000000e+00	0.000000000000000000e+00	0.000000000000000000e+00	-0.000000000000000000e+00	-0.000000000000000000e+00	0.000000000000000000e+00
3.130840000000000146e+03	-1.218880000000000109e+03	3.074100000000000250e+02	4.000000000000000083e-02	1.996999999999999886e+01	5.469999999999999751e+00	5.000000000000000278e-02	-0.000000000000000000e+00	5.469999999999999751e+00	2.737300000000000182e+02	-0.000000000000000000e+00
3.149449999999999818e+03	-1.218880000000000109e+03	3.074100000000000250e+02	4.000000000000000083e-02	1.860999999999999943e+01	0.000000000000000000e+00	0.000000000000000000e+00	0.000000000000000000e+00	-0.000000000000000000e+00	-0.000000000000000000e+00	0.000000000000000000e+00
3.169599999999999909e+03	-1.216150000000000091e+03	3.074300000000000068e+02	4.000000000000000083e-02	2.014000000000000057e+01	2.729999999999999982e+00	2.000000000000000042e-02	-0.000000000000000000e+00	2.729999999999999982e+00	1.357100000000000080e+02	-0.000000000000000000e+00
3.189860000000000127e+03	-1.214759999999999991e+03	3.053700000000000045e+02	7.000000000000000666e-02	2.026000000000000156e+01	1.389999999999999902e+00	-2.069999999999999840e+00	2.999999999999999889e-02	2.490000000000000213e+00	1.230100000000000051e+02	1.449999999999999956e+00
3.209760000000000218e+03	-1.210670000000000073e+03	3.061000000000000227e+02	5.999999999999999778e-02	1.989999999999999858e+01	4.089999999999999858e+00	7.299999999999999822e-01	-1.000000000000000021e-02	4.150000000000000355e+00	2.087500000000000000e+02	-3.499999999999999778e-01
3.230349999999999909e+03	-1.210670000000000073e+03	3.061000000000000227e+02	5.999999999999999778e-02	2.058999999999999986e+01	0.000000000000000000e+00	0.000000000000000000e+00	0.000000000000000000e+00	-0.000000000000000000e+00	-0.000000000000000000e+00	0.000000000000000000e+00
3.249750000000000000e+03	-1.209250000000000000e+03	3.026399999999999864e+02	1.199999999999999956e-01	1.939999999999999858e+01	1.409999999999999920e+00	-3.450000000000000178e+00	5.000000000000000278e-02	3.729999999999999982e+00	1.922199999999999989e+02	2.759999999999999787e+00
3.271329999999999927e+03	-1.205200000000000045e+03	3.061399999999999864e+02	5.999999999999999778e-02	2.157000000000000028e+01	4.049999999999999822e+00	3.500000000000000000e+00	-5.000000000000000278e-02	5.360000000000000320e+00	2.482599999999999909e+02	-2.479999999999999982e+00
3.291460000000000036e+03	-1.203809999999999945e+03	3.040799999999999841e+02	1.000000000000000056e-01	2.012999999999999901e+01	1.389999999999999902e+00	-2.069999999999999840e+00	2.999999999999999889e-02	2.490000000000000213e+00	1.237999999999999972e+02	1.570000000000000062e+00
3.312280000000000200e+03	-1.199730000000000018e+03	3.061899999999999977e+02	5.999999999999999778e-02	2.082000000000000028e+01	4.070000000000000284e+00	2.109999999999999876e+00	-2.999999999999999889e-02	4.589999999999999858e+00	2.203300000000000125e+02	-1.520000000000000018e+00
3.332440000000000055e+03	-1.198369999999999891e+03	3.061999999999999886e+02	5.999999999999999778e-02	2.016000000000000014e+01	1.370000000000000107e+00	1.000000000000000021e-02	-0.000000000000000000e+00	1.370000000000000107e+00	6.779000000000000625e+01	-5.999999999999999778e-02
3.351559999999999945e+03	-1.198369999999999891e+03	3.061999999999999886e+02	5.999999999999999778e-02	1.912000000000000099e+01	0.000000000000000000e+00	0.000000000000000000e+00	0.000000000000000000e+00	-0.000000000000000000e+00	-0.000000000000000000e+00	0.000000000000000000e+00
3.372150000000000091e+03	-1.194289999999999964e+03	3.076200000000000045e+02	4.000000000000000083e-02	2.058999999999999986e+01	4.080000000000000071e+00	1.419999999999999929e+00	-2.000000000000000042e-02	4.320000000000000284e+00	2.098199999999999932e+02	-1.040000000000000036e+00
3.392329999999999927e+03	-1.191549999999999955e+03	3.076499999999999773e+02	4.000000000000000083e-02	2.017999999999999972e+01	2.729999999999999982e+00	2.000000000000000042e-02	-0.000000000000000000e+00	2.729999999999999982e+00	1.354300000000000068e+02	-8.000000000000000167e-02
3.412250000000000000e+03	-1.190170000000000073e+03	3.062699999999999818e+02	5.999999999999999778e-02	1.992000000000000171e+01	1.379999999999999893e+00	-1.379999999999999893e+00	2.000000000000000042e-02	1.949999999999999956e+00	9.796999999999999886e+01	1.030000000000000027e+00
3.432719999999999800e+03	-1.190170000000000073e+03	3.062699999999999818e+02	5.999999999999999778e-02	2.046999999999999886e+01	0.000000000000000000e+00	0.000000000000000000e+00	0.000000000000000000e+00	-0.000000000000000000e+00	-0.000000000000000000e+00	0.000000000000000000e+00
3.451099999999999909e+03	-1.190170000000000073e+03	3.062699999999999818e+02	5.999999999999999778e-02	1.839000000000000057e+01	0.000000000000000000e+00	0.000000000000000000e+00	0.000000000000000000e+00	-0.000000000000000000e+00	-0.000000000000000000e+00	0.000000000000000000e+00
3.472300000000000182e+03	-1.190170000000000073e+03	3.062699999999999818e+02	5.999999999999999778e-02	2.119999999999999929e+01	0.000000000000000000e+00	0.000000000000000000e+00	0.000000000000000000e+00	-0.000000000000000000e+00	-0.000000000000000000e+00	0.000000000000000000e+00
3.493309999999999945e+03	-1.183359999999999900e+03	3.077200000000000273e+02	4.000000000000000083e-02	2.101000000000000156e+01	6.809999999999999609e+00	1.439999999999999947e+00	-2.000000000000000042e-02	6.959999999999999964e+00	3.313899999999999864e+02	-9.100000000000000311e-01
3.512989999999999782e+03	-1.183359999999999900e+03	3.077200000000000273e+02	4.000000000000000083e-02	1.967999999999999972e+01	0.000000000000000000e+00	0.000000000000000000e+00	0.000000000000000000e+00	-0.000000000000000000e+00	-0.000000000000000000e+00	0.000000000000000000e+00
3.531780000000000200e+03	-1.177890000000000100e+03	3.077599999999999909e+02	4.000000000000000083e-02	1.878999999999999915e+01	5.459999999999999964e+00	5.000000000000000278e-02	-0.000000000000000000e+00	5.459999999999999964e+00	2.908100000000000023e+02	-8.000000000000000167e-02
3.551070000000000164e+03	-1.177890000000000100e+03	3.077599999999999909e+02	4.000000000000000083e-02	1.928999999999999915e+01	0.000000000000000000e+00	0.000000000000000000e+00	0.000000000000000000e+00	-0.000000000000000000e+00	-0.000000000000000000e+00	0.000000000000000000e+00
3.571570000000000164e+03	-1.177890000000000100e+03	3.077599999999999909e+02	4.000000000000000083e-02	2.048999999999999844e+01	0.000000000000000000e+00	0.000000000000000000e+00	0.000000000000000000e+00	-0.000000000000000000e+00	-0.000000000000000000e+00	0.000000000000000000e+00
3.593000000000000000e+03	-1.177890000000000100e+03	3.077599999999999909e+02	4.000000000000000083e-02	2.142999999999999972e+01	0.000000000000000000e+00	0.000000000000000000e+00	0.000000000000000000e+00	-0.000000000000000000e+00	-0.000000000000000000e+00	0.000000000000000000e+00
3.613110000000000127e+03	-1.177890000000000100e+03	3.077599999999999909e+02	4.000000000000000083e-02	2.010999999999999943e+01	0.000000000000000000e+00	0.000000000000000000e+00	0.000000000000000000e+00	-0.000000000000000000e+00	-0.000000000000000000e+00	0.000000000000000000e+00
3.633150000000000091e+03	-1.177890000000000100e+03	3.077599999999999909e+02	4.000000000000000083e-02	2.003999999999999915e+01	0.000000000000000000e+00	0.000000000000000000e+00	0.000000000000000000e+00	-0.000000000000000000e+00	-0.000000000000000000e+00	0.000000000000000000e+00
3.653449999999999818e+03	-1.177890000000000100e+03	3.077599999999999909e+02	4.000000000000000083e-02	2.030000000000000071e+01	0.000000000000000000e+00	0.000000000000000000e+00	0.000000000000000000e+00	-0.000000000000000000e+00	-0.000000000000000000e+00	0.000000000000000000e+00
3.674139999999999873e+03	-1.160079999999999927e+03	3.037500000000000000e+02	1.100000000000000006e-01	2.067999999999999972e+01	1.780999999999999872e+01	-4.009999999999999787e+00	7.000000000000000666e-02	1.826000000000000156e+01	8.827999999999999545e+02	3.209999999999999964e+00
3.695340000000000146e+03	-1.157400000000000091e+03	3.079300000000000068e+02	4.000000000000000083e-02	2.119999999999999929e+01	2.680000000000000160e+00	4.179999999999999716e+00	-7.000000000000000666e-02	4.959999999999999964e+00	2.339300000000000068e+02	-3.109999999999999876e+00
3.716000000000000000e+03	-1.153319999999999936e+03	3.093500000000000227e+02	2.000000000000000042e-02	2.066000000000000014e+01	4.080000000000000071e+00	1.419999999999999929e+00	-2.000000000000000042e-02	4.320000000000000284e+00	2.090300000000000011e+02	-1.060000000000000053e+00
3.733650000000000091e+03	-1.153319999999999936e+03	3.093500000000000227e+02	2.000000000000000042e-02	1.764000000000000057e+01	0.000000000000000000e+00	0.000000000000000000e+00	0.000000000000000000e+00	-0.000000000000000000e+00	-0.000000000000000000e+00	0.000000000000000000e+00
3.754320000000000164e+03	-1.150569999999999936e+03	3.079900000000000091e+02	4.000000000000000083e-02	2.067999999999999972e+01	2.750000000000000000e+00	-1.360000000000000098e+00	2.000000000000000042e-02	3.069999999999999840e+00	1.484900000000000091e+02	1.020000000000000018e+00
3.775280000000000200e+03	-1.147859999999999900e+03	3.093999999999999773e+02	2.000000000000000042e-02	2.096000000000000085e+01	2.709999999999999964e+00	1.409999999999999920e+00	-2.000000000000000042e-02	3.060000000000000053e+00	1.458499999999999943e+02	-1.030000000000000027e+00
3.795579999999999927e+03	-1.145109999999999900e+03	3.080299999999999727e+02	4.000000000000000083e-02	2.030000000000000071e+01	2.750000000000000000e+00	-1.360000000000000098e+00	2.000000000000000042e-02	3.069999999999999840e+00	1.512199999999999989e+02	1.000000000000000000e+00
3.815239999999999782e+03	-1.145109999999999900e+03	3.080299999999999727e+02	4.000000000000000083e-02	1.966000000000000014e+01	0.000000000000000000e+00	0.000000000000000000e+00	0.000000000000000000e+00	-0.000000000000000000e+00	-0.000000000000000000e+00	0.000000000000000000e+00
3.833900000000000091e+03	-1.140990000000000009e+03	3.059900000000000091e+02	7.000000000000000666e-02	1.866000000000000014e+01	4.129999999999999893e+00	-2.040000000000000036e+00	4.000000000000000083e-02	4.599999999999999645e+00	2.467899999999999920e+02	1.879999999999999893e+00
3.854369999999999891e+03	-1.140990000000000009e+03	3.059900000000000091e+02	7.000000000000000666e-02	2.046000000000000085e+01	0.000000000000000000e+00	0.000000000000000000e+00	0.000000000000000000e+00	-0.000000000000000000e+00	-0.000000000000000000e+00	0.000000000000000000e+00
3.873639999999999873e+03	-1.140990000000000009e+03	3.059900000000000091e+02	7.000000000000000666e-02	1.926999999999999957e+01	0.000000000000000000e+00	0.000000000000000000e+00	0.000000000000000000e+00	-0.000000000000000000e+00	-0.000000000000000000e+00	0.000000000000000000e+00
3.901329999999999927e+03	-1.131450000000000045e+03	3.081399999999999864e+02	4.000000000000000083e-02	2.769999999999999929e+01	9.529999999999999361e+00	2.149999999999999911e+00	-2.999999999999999889e-02	9.769999999999999574e+00	3.528100000000000023e+02	-1.219999999999999973e+00
3.913710000000000036e+03	-1.131450000000000045e+03	3.081399999999999864e+02	4.000000000000000083e-02	1.238000000000000078e+01	0.000000000000000000e+00	0.000000000000000000e+00	0.000000000000000000e+00	-0.000000000000000000e+00	-0.000000000000000000e+00	0.000000000000000000e+00
3.933699999999999818e+03	-1.128720000000000027e+03	3.081600000000000250e+02	4.000000000000000083e-02	1.998999999999999844e+01	2.729999999999999982e+00	2.000000000000000042e-02	-0.000000000000000000e+00	2.729999999999999982e+00	1.366200000000000045e+02	-0.000000000000000000e+00
3.953650000000000091e+03	-1.124529999999999973e+03	3.012599999999999909e+02	1.499999999999999944e-01	1.994000000000000128e+01	4.190000000000000391e+00	-6.889999999999999680e+00	1.100000000000000006e-01	8.070000000000000284e+00	4.045699999999999932e+02	5.519999999999999574e+00
3.974179999999999836e+03	-1.124529999999999973e+03	3.012599999999999909e+02	1.499999999999999944e-01	2.053000000000000114e+01	0.000000000000000000e+00	0.000000000000000000e+00	0.000000000000000000e+00	-0.000000000000000000e+00	-0.000000000000000000e+00	0.000000000000000000e+00
3.994269999999999982e+03	-1.124529999999999973e+03	3.012599999999999909e+02	1.499999999999999944e-01	2.008999999999999986e+01	0.000000000000000000e+00	0.000000000000000000e+00	0.000000000000000000e+00	-0.000000000000000000e+00	-0.000000000000000000e+00	0.000000000000000000e+00
4.014710000000000036e+03	-1.117819999999999936e+03	3.096299999999999955e+02	2.000000000000000042e-02	2.044000000000000128e+01	6.709999999999999964e+00	8.369999999999999218e+00	-1.300000000000000044e-01	1.073000000000000043e+01	5.247799999999999727e+02	-6.429999999999999716e+00
4.034639999999999873e+03	-1.116450000000000045e+03	3.096399999999999864e+02	2.000000000000000042e-02	1.992999999999999972e+01	1.370000000000000107e+00	1.000000000000000021e-02	-0.000000000000000000e+00	1.370000000000000107e+00	6.853000000000000114e+01	-4.000000000000000083e-02
4.055690000000000055e+03	-1.116450000000000045e+03	3.096399999999999864e+02	2.000000000000000042e-02	2.105000000000000071e+01	0.000000000000000000e+00	0.000000000000000000e+00	0.000000000000000000e+00	-0.000000000000000000e+00	-0.000000000000000000e+00	0.000000000000000000e+00
4.075420000000000073e+03	-1.112329999999999927e+03	3.082799999999999727e+02	4.000000000000000083e-02	1.973000000000000043e+01	4.120000000000000107e+00	-1.360000000000000098e+00	2.000000000000000042e-02	4.330000000000000071e+00	2.196399999999999864e+02	1.100000000000000089e+00
4.094969999999999800e+03	-1.109599999999999909e+03	3.083000000000000114e+02	4.000000000000000083e-02	1.955000000000000071e+01	2.729999999999999982e+00	2.000000000000000042e-02	-0.000000000000000000e+00	2.729999999999999982e+00	1.396999999999999886e+02	-0.000000000000000000e+00
4.114789999999999964e+03	-1.106869999999999891e+03	3.083199999999999932e+02	4.000000000000000083e-02	1.982000000000000028e+01	2.729999999999999982e+00	2.000000000000000042e-02	-0.000000000000000000e+00	2.729999999999999982e+00	1.378199999999999932e+02	-0.000000000000000000e+00
4.134829999999999927e+03	-1.102650000000000091e+03	2.993500000000000227e+02	1.799999999999999933e-01	2.003999999999999915e+01	4.219999999999999751e+00	-8.970000000000000639e+00	1.400000000000000133e-01	9.919999999999999929e+00	4.948100000000000023e+02	7.110000000000000320e+00
4.155699999999999818e+03	-1.099970000000000027e+03	3.028299999999999841e+02	1.199999999999999956e-01	2.087000000000000099e+01	2.680000000000000160e+00	3.479999999999999982e+00	-5.999999999999999778e-02	4.400000000000000355e+00	2.107299999999999898e+02	-2.830000000000000071e+00
4.175710000000000036e+03	-1.095950000000000045e+03	3.084100000000000250e+02	4.000000000000000083e-02	2.001000000000000156e+01	4.019999999999999574e+00	5.570000000000000284e+00	-8.000000000000000167e-02	6.870000000000000107e+00	3.432500000000000000e+02	-4.169999999999999929e+00
4.194699999999999818e+03	-1.095950000000000045e+03	3.084100000000000250e+02	4.000000000000000083e-02	1.898999999999999844e+01	0.000000000000000000e+00	0.000000000000000000e+00	0.000000000000000000e+00	-0.000000000000000000e+00	-0.000000000000000000e+00	0.000000000000000000e+00
4.214960000000000036e+03	-1.093240000000000009e+03	3.098100000000000023e+02	2.000000000000000042e-02	2.026000000000000156e+01	2.709999999999999964e+00	1.409999999999999920e+00	-2.000000000000000042e-02	3.060000000000000053e+00	1.508199999999999932e+02	-1.070000000000000062e+00
4.234359999999999673e+03	-1.093240000000000009e+03	3.098100000000000023e+02	2.000000000000000042e-02	1.939999999999999858e+01	0.000000000000000000e+00	0.000000000000000000e+00	0.000000000000000000e+00	-0.000000000000000000e+00	-0.000000000000000000e+00	0.000000000000000000e+00
4.254359999999999673e+03	-1.093240000000000009e+03	3.098100000000000023e+02	2.000000000000000042e-02	2.000000000000000000e+01	0.000000000000000000e+00	0.000000000000000000e+00	0.000000000000000000e+00	-0.000000000000000000e+00	-0.000000000000000000e+00	0.000000000000000000e+00
4.274930000000000291e+03	-1.083569999999999936e+03	3.022599999999999909e+02	1.400000000000000133e-01	2.057000000000000028e+01	9.660000000000000142e+00	-7.549999999999999822e+00	1.199999999999999956e-01	1.225999999999999979e+01	5.963200000000000500e+02	5.870000000000000107e+00
4.295109999999999673e+03	-1.083569999999999936e+03	3.022599999999999909e+02	1.400000000000000133e-01	2.017000000000000171e+01	0.000000000000000000e+00	0.000000000000000000e+00	0.000000000000000000e+00	-0.000000000000000000e+00	-0.000000000000000000e+00	0.000000000000000000e+00
4.315100000000000364e+03	-1.079579999999999927e+03	3.099100000000000250e+02	2.000000000000000042e-02	1.998999999999999844e+01	3.990000000000000213e+00	7.650000000000000355e+00	-1.199999999999999956e-01	8.630000000000000782e+00	4.315099999999999909e+02	-6.049999999999999822e+00
4.334470000000000255e+03	-1.079579999999999927e+03	3.099100000000000250e+02	2.000000000000000042e-02	1.937000000000000099e+01	0.000000000000000000e+00	0.000000000000000000e+00	0.000000000000000000e+00	-0.000000000000000000e+00	-0.000000000000000000e+00	0.000000000000000000e+00
4.354720000000000255e+03	-1.079579999999999927e+03	3.099100000000000250e+02	2.000000000000000042e-02	2.025000000000000000e+01	0.000000000000000000e+00	0.000000000000000000e+00	0.000000000000000000e+00	-0.000000000000000000e+00	-0.000000000000000000e+00	0.000000000000000000e+00
4.375180000000000291e+03	-1.079579999999999927e+03	3.099100000000000250e+02	2.000000000000000042e-02	2.046000000000000085e+01	0.000000000000000000e+00	0.000000000000000000e+00	0.000000000000000000e+00	-0.000000000000000000e+00	-0.000000000000000000e+00	0.000000000000000000e+00
4.395050000000000182e+03	-1.079579999999999927e+03	3.099100000000000250e+02	2.000000000000000042e-02	1.985999999999999943e+01	0.000000000000000000e+00	0.000000000000000000e+00	0.000000000000000000e+00	-0.000000000000000000e+00	-0.000000000000000000e+00	0.000000000000000000e+00
4.416189999999999600e+03	-1.067289999999999964e+03	3.100000000000000000e+02	5.999999999999999778e-02	2.114000000000000057e+01	1.228999999999999915e+01	8.999999999999999667e-02	4.000000000000000083e-02	1.228999999999999915e+01	5.812500000000000000e+02	2.089999999999999858e+00
4.435979999999999563e+03	-1.063190000000000055e+03	3.100199999999999818e+02	5.999999999999999778e-02	1.978999999999999915e+01	4.099999999999999645e+00	2.999999999999999889e-02	0.000000000000000000e+00	4.099999999999999645e+00	2.070300000000000011e+02	5.999999999999999778e-02
4.457369999999999891e+03	-1.063190000000000055e+03	3.100199999999999818e+02	5.999999999999999778e-02	2.139999999999999858e+01	0.000000000000000000e+00	0.000000000000000000e+00	0.000000000000000000e+00	-0.000000000000000000e+00	-0.000000000000000000e+00	0.000000000000000000e+00
4.475520000000000437e+03	-1.063190000000000055e+03	3.100199999999999818e+02	5.999999999999999778e-02	1.814999999999999858e+01	0.000000000000000000e+00	0.000000000000000000e+00	0.000000000000000000e+00	-0.000000000000000000e+00	-0.000000000000000000e+00	0.000000000000000000e+00
4.495380000000000109e+03	-1.063190000000000055e+03	3.100199999999999818e+02	5.999999999999999778e-02	1.985999999999999943e+01	0.000000000000000000e+00	0.000000000000000000e+00	0.000000000000000000e+00	-0.000000000000000000e+00	-0.000000000000000000e+00	0.000000000000000000e+00
4.516010000000000218e+03	-1.052269999999999982e+03	3.101000000000000227e+02	5.999999999999999778e-02	2.062999999999999901e+01	1.091999999999999993e+01	7.000000000000000666e-02	-0.000000000000000000e+00	1.091999999999999993e+01	5.294700000000000273e+02	-1.000000000000000021e-02
4.536300000000000182e+03	-1.050859999999999900e+03	3.066399999999999864e+02	1.199999999999999956e-01	2.028999999999999915e+01	1.409999999999999920e+00	-3.450000000000000178e+00	5.000000000000000278e-02	3.729999999999999982e+00	1.840099999999999909e+02	2.640000000000000124e+00
4.557119999999999891e+03	-1.046809999999999945e+03	3.101299999999999955e+02	5.999999999999999778e-02	2.082000000000000028e+01	4.049999999999999822e+00	3.490000000000000213e+00	-5.000000000000000278e-02	5.349999999999999645e+00	2.567200000000000273e+02	-2.580000000000000071e+00
4.575939999999999600e+03	-1.046809999999999945e+03	3.101299999999999955e+02	5.999999999999999778e-02	1.882000000000000028e+01	0.000000000000000000e+00	0.000000000000000000e+00	0.000000000000000000e+00	-0.000000000000000000e+00	-0.000000000000000000e+00	0.000000000000000000e+00
4.595920000000000073e+03	-1.045400000000000091e+03	3.073700000000000045e+02	1.100000000000000006e-01	1.996999999999999886e+01	1.399999999999999911e+00	-2.759999999999999787e+00	4.000000000000000083e-02	3.100000000000000089e+00	1.551299999999999955e+02	2.129999999999999893e+00
4.616100000000000364e+03	-1.042680000000000064e+03	3.080799999999999841e+02	8.999999999999999667e-02	2.017999999999999972e+01	2.720000000000000195e+00	7.099999999999999645e-01	-1.000000000000000021e-02	2.810000000000000053e+00	1.394099999999999966e+02	-5.400000000000000355e-01
4.637220000000000255e+03	-1.042680000000000064e+03	3.080799999999999841e+02	8.999999999999999667e-02	2.112000000000000099e+01	0.000000000000000000e+00	0.000000000000000000e+00	0.000000000000000000e+00	-0.000000000000000000e+00	-0.000000000000000000e+00	0.000000000000000000e+00
4.656680000000000291e+03	-1.042680000000000064e+03	3.080799999999999841e+02	8.999999999999999667e-02	1.946000000000000085e+01	0.000000000000000000e+00	0.000000000000000000e+00	0.000000000000000000e+00	-0.000000000000000000e+00	-0.000000000000000000e+00	0.000000000000000000e+00
4.676699999999999818e+03	-1.038609999999999900e+03	3.101899999999999977e+02	5.999999999999999778e-02	2.001999999999999957e+01	4.070000000000000284e+00	2.109999999999999876e+00	-2.999999999999999889e-02	4.580000000000000071e+00	2.287599999999999909e+02	-1.709999999999999964e+00
4.696609999999999673e+03	-1.037140000000000100e+03	3.025799999999999841e+02	1.799999999999999933e-01	1.992000000000000171e+01	1.469999999999999973e+00	-7.610000000000000320e+00	1.199999999999999956e-01	7.750000000000000000e+00	3.893100000000000023e+02	6.070000000000000284e+00
4.718449999999999818e+03	-1.035880000000000109e+03	3.102099999999999795e+02	5.999999999999999778e-02	2.183999999999999986e+01	1.260000000000000009e+00	7.629999999999999893e+00	-1.199999999999999956e-01	7.730000000000000426e+00	3.541299999999999955e+02	-5.540000000000000036e+00
4.738720000000000255e+03	-1.035880000000000109e+03	3.102099999999999795e+02	5.999999999999999778e-02	2.026999999999999957e+01	0.000000000000000000e+00	0.000000000000000000e+00	0.000000000000000000e+00	-0.000000000000000000e+00	-0.000000000000000000e+00	0.000000000000000000e+00
4.758439999999999600e+03	-1.035880000000000109e+03	3.102099999999999795e+02	5.999999999999999778e-02	1.971999999999999886e+01	0.000000000000000000e+00	0.000000000000000000e+00	0.000000000000000000e+00	-0.000000000000000000e+00	-0.000000000000000000e+00	0.000000000000000000e+00
4.776180000000000291e+03	-1.035880000000000109e+03	3.102099999999999795e+02	5.999999999999999778e-02	1.773999999999999844e+01	0.000000000000000000e+00	0.000000000000000000e+00	0.000000000000000000e+00	-0.000000000000000000e+00	-0.000000000000000000e+00	0.000000000000000000e+00
4.797340000000000146e+03	-1.035880000000000109e+03	3.102099999999999795e+02	5.999999999999999778e-02	2.116000000000000014e+01	0.000000000000000000e+00	0.000000000000000000e+00	0.000000000000000000e+00	-0.000000000000000000e+00	-0.000000000000000000e+00	0.000000000000000000e+00
4.817390000000000327e+03	-1.035880000000000109e+03	3.102099999999999795e+02	5.999999999999999778e-02	2.005000000000000071e+01	0.000000000000000000e+00	0.000000000000000000e+00	0.000000000000000000e+00	-0.000000000000000000e+00	-0.000000000000000000e+00	0.000000000000000000e+00
4.837430000000000291e+03	-1.035880000000000109e+03	3.102099999999999795e+02	5.999999999999999778e-02	2.003999999999999915e+01	0.000000000000000000e+00	0.000000000000000000e+00	0.000000000000000000e+00	-0.000000000000000000e+00	-0.000000000000000000e+00	0.000000000000000000e+00
4.857399999999999636e+03	-1.035880000000000109e+03	3.102099999999999795e+02	5.999999999999999778e-02	1.996999999999999886e+01	0.000000000000000000e+00	0.000000000000000000e+00	0.000000000000000000e+00	-0.000000000000000000e+00	-0.000000000000000000e+00	0.000000000000000000e+00
4.877439999999999600e+03	-1.035880000000000109e+03	3.102099999999999795e+02	5.999999999999999778e-02	2.003999999999999915e+01	0.000000000000000000e+00	0.000000000000000000e+00	0.000000000000000000e+00	-0.000000000000000000e+00	-0.000000000000000000e+00	0.000000000000000000e+00
4.897729999999999563e+03	-1.035880000000000109e+03	3.102099999999999795e+02	5.999999999999999778e-02	2.028999999999999915e+01	0.000000000000000000e+00	0.000000000000000000e+00	0.000000000000000000e+00	-0.000000000000000000e+00	-0.000000000000000000e+00	0.000000000000000000e+00
4.919270000000000437e+03	-1.035880000000000109e+03	3.102099999999999795e+02	5.999999999999999778e-02	2.153999999999999915e+01	0.000000000000000000e+00	0.000000000000000000e+00	0.000000000000000000e+00	-0.000000000000000000e+00	-0.000000000000000000e+00	0.000000000000000000e+00
4.939319999999999709e+03	-1.035880000000000109e+03	3.102099999999999795e+02	5.999999999999999778e-02	2.005000000000000071e+01	0.000000000000000000e+00	0.000000000000000000e+00	0.000000000000000000e+00	-0.000000000000000000e+00	-0.000000000000000000e+00	0.000000000000000000e+00
4.957979999999999563e+03	-1.035880000000000109e+03	3.102099999999999795e+02	5.999999999999999778e-02	1.866000000000000014e+01	0.000000000000000000e+00	0.000000000000000000e+00	0.000000000000000000e+00	-0.000000000000000000e+00	-0.000000000000000000e+00	0.000000000000000000e+00
4.977960000000000036e+03	-1.035880000000000109e+03	3.102099999999999795e+02	5.999999999999999778e-02	1.998000000000000043e+01	0.000000000000000000e+00	0.000000000000000000e+00	0.000000000000000000e+00	-0.000000000000000000e+00	-0.000000000000000000e+00	0.000000000000000000e+00
4.998079999999999927e+03	-1.035880000000000109e+03	3.102099999999999795e+02	5.999999999999999778e-02	2.012999999999999901e+01	0.000000000000000000e+00	0.000000000000000000e+00	0.000000000000000000e+00	-0.000000000000000000e+00	-0.000000000000000000e+00	0.000000000000000000e+00
5.018239999999999782e+03	-1.035880000000000109e+03	3.102099999999999795e+02	5.999999999999999778e-02	2.014999999999999858e+01	0.000000000000000000e+00	0.000000000000000000e+00	0.000000000000000000e+00	-0.000000000000000000e+00	-0.000000000000000000e+00	0.000000000000000000e+00
5.038720000000000255e+03	-1.035880000000000109e+03	3.102099999999999795e+02	5.999999999999999778e-02	2.048999999999999844e+01	0.000000000000000000e+00	0.000000000000000000e+00	0.000000000000000000e+00	-0.000000000000000000e+00	-0.000000000000000000e+00	0.000000000000000000e+00
5.058390000000000327e+03	-1.035880000000000109e+03	3.102099999999999795e+02	5.999999999999999778e-02	1.966000000000000014e+01	0.000000000000000000e+00	0.000000000000000000e+00	0.000000000000000000e+00	-0.000000000000000000e+00	-0.000000000000000000e+00	0.000000000000000000e+00
5.079369999999999891e+03	-1.035880000000000109e+03	3.102099999999999795e+02	5.999999999999999778e-02	2.098000000000000043e+01	0.000000000000000000e+00	0.000000000000000000e+00	0.000000000000000000e+00	-0.000000000000000000e+00	-0.000000000000000000e+00	0.000000000000000000e+00
5.099810000000000400e+03	-1.035880000000000109e+03	3.102099999999999795e+02	5.999999999999999778e-02	2.044000000000000128e+01	0.000000000000000000e+00	0.000000000000000000e+00	0.000000000000000000e+00	-0.000000000000000000e+00	-0.000000000000000000e+00	0.000000000000000000e+00
5.119979999999999563e+03	-1.035880000000000109e+03	3.102099999999999795e+02	5.999999999999999778e-02	2.017000000000000171e+01	0.000000000000000000e+00	0.000000000000000000e+00	0.000000000000000000e+00	-0.000000000000000000e+00	-0.000000000000000000e+00	0.000000000000000000e+00
5.140409999999999854e+03	-1.035880000000000109e+03	3.102099999999999795e+02	5.999999999999999778e-02	2.042999999999999972e+01	0.000000000000000000e+00	0.000000000000000000e+00	0.000000000000000000e+00	-0.000000000000000000e+00	-0.000000000000000000e+00	0.000000000000000000e+00
5.159989999999999782e+03	-1.035880000000000109e+03	3.102099999999999795e+02	5.999999999999999778e-02	1.957000000000000028e+01	0.000000000000000000e+00	0.000000000000000000e+00	0.000000000000000000e+00	-0.000000000000000000e+00	-0.000000000000000000e+00	0.000000000000000000e+00
5.180210000000000036e+03	-1.035880000000000109e+03	3.102099999999999795e+02	5.999999999999999778e-02	2.023000000000000043e+01	0.000000000000000000e+00	0.000000000000000000e+00	0.000000000000000000e+00	-0.000000000000000000e+00	-0.000000000000000000e+00	0.000000000000000000e+00
5.200369999999999891e+03	-1.035880000000000109e+03	3.102099999999999795e+02	5.999999999999999778e-02	2.014999999999999858e+01	0.000000000000000000e+00	0.000000000000000000e+00	0.000000000000000000e+00	-0.000000000000000000e+00	-0.000000000000000000e+00	0.000000000000000000e+00
5.221920000000000073e+03	-1.035880000000000109e+03	3.102099999999999795e+02	5.999999999999999778e-02	2.155000000000000071e+01	0.000000000000000000e+00	0.000000000000000000e+00	0.000000000000000000e+00	-0.000000000000000000e+00	-0.000000000000000000e+00	0.000000000000000000e+00
5.241960000000000036e+03	-1.035880000000000109e+03	3.102099999999999795e+02	5.999999999999999778e-02	2.003000000000000114e+01	0.000000000000000000e+00	0.000000000000000000e+00	0.000000000000000000e+00	-0.000000000000000000e+00	-0.000000000000000000e+00	0.000000000000000000e+00
5.260359999999999673e+03	-1.035880000000000109e+03	3.102099999999999795e+02	5.999999999999999778e-02	1.839999999999999858e+01	0.000000000000000000e+00	0.000000000000000000e+00	0.000000000000000000e+00	-0.000000000000000000e+00	-0.000000000000000000e+00	0.000000000000000000e+00
5.280340000000000146e+03	-1.035880000000000109e+03	3.102099999999999795e+02	5.999999999999999778e-02	1.998000000000000043e+01	0.000000000000000000e+00	0.000000000000000000e+00	0.000000000000000000e+00	-0.000000000000000000e+00	-0.000000000000000000e+00	0.000000000000000000e+00
5.300329999999999927e+03	-1.035880000000000109e+03	3.102099999999999795e+02	5.999999999999999778e-02	1.998999999999999844e+01	0.000000000000000000e+00	0.000000000000000000e+00	0.000000000000000000e+00	-0.000000000000000000e+00	-0.000000000000000000e+00	0.000000000000000000e+00
5.320470000000000255e+03	-1.035880000000000109e+03	3.102099999999999795e+02	5.999999999999999778e-02	2.014999999999999858e+01	0.000000000000000000e+00	0.000000000000000000e+00	0.000000000000000000e+00	-0.000000000000000000e+00	-0.000000000000000000e+00	0.000000000000000000e+00
5.340369999999999891e+03	-1.035880000000000109e+03	3.102099999999999795e+02	5.999999999999999778e-02	1.989999999999999858e+01	0.000000000000000000e+00	0.000000000000000000e+00	0.000000000000000000e+00	-0.000000000000000000e+00	-0.000000000000000000e+00	0.000000000000000000e+00
5.360720000000000255e+03	-1.035880000000000109e+03	3.102099999999999795e+02	5.999999999999999778e-02	2.035000000000000142e+01	0.000000000000000000e+00	0.000000000000000000e+00	0.000000000000000000e+00	-0.000000000000000000e+00	-0.000000000000000000e+00	0.000000000000000000e+00
5.381130000000000109e+03	-1.035880000000000109e+03	3.102099999999999795e+02	5.999999999999999778e-02	2.041000000000000014e+01	0.000000000000000000e+00	0.000000000000000000e+00	0.000000000000000000e+00	-0.000000000000000000e+00	-0.000000000000000000e+00	0.000000000000000000e+00
5.401420000000000073e+03	-1.035880000000000109e+03	3.102099999999999795e+02	5.999999999999999778e-02	2.028999999999999915e+01	0.000000000000000000e+00	0.000000000000000000e+00	0.000000000000000000e+00	-0.000000000000000000e+00	-0.000000000000000000e+00	0.000000000000000000e+00
5.421060000000000400e+03	-1.035880000000000109e+03	3.102099999999999795e+02	5.999999999999999778e-02	1.964000000000000057e+01	0.000000000000000000e+00	0.000000000000000000e+00	0.000000000000000000e+00	-0.000000000000000000e+00	-0.000000000000000000e+00	0.000000000000000000e+00
5.440430000000000291e+03	-1.035880000000000109e+03	3.102099999999999795e+02	5.999999999999999778e-02	1.937999999999999901e+01	0.000000000000000000e+00	0.000000000000000000e+00	0.000000000000000000e+00	-0.000000000000000000e+00	-0.000000000000000000e+00	0.000000000000000000e+00
5.460659999999999854e+03	-1.035880000000000109e+03	3.102099999999999795e+02	5.999999999999999778e-02	2.021999999999999886e+01	0.000000000000000000e+00	0.000000000000000000e+00	0.000000000000000000e+00	-0.000000000000000000e+00	-0.000000000000000000e+00	0.000000000000000000e+00
5.481100000000000364e+03	-1.035880000000000109e+03	3.102099999999999795e+02	5.999999999999999778e-02	2.044999999999999929e+01	0.000000000000000000e+00	0.000000000000000000e+00	0.000000000000000000e+00	-0.000000000000000000e+00	-0.000000000000000000e+00	0.000000000000000000e+00
5.502680000000000291e+03	-1.035880000000000109e+03	3.102099999999999795e+02	5.999999999999999778e-02	2.157000000000000028e+01	0.000000000000000000e+00	0.000000000000000000e+00	0.000000000000000000e+00	-0.000000000000000000e+00	-0.000000000000000000e+00	0.000000000000000000e+00
5.521310000000000400e+03	-1.035880000000000109e+03	3.102099999999999795e+02	5.999999999999999778e-02	1.862999999999999901e+01	0.000000000000000000e+00	0.000000000000000000e+00	0.000000000000000000e+00	-0.000000000000000000e+00	-0.000000000000000000e+00	0.000000000000000000e+00
5.541180000000000291e+03	-1.035880000000000109e+03	3.102099999999999795e+02	5.999999999999999778e-02	1.987000000000000099e+01	0.000000000000000000e+00	0.000000000000000000e+00	0.000000000000000000e+00	-0.000000000000000000e+00	-0.000000000000000000e+00	0.000000000000000000e+00
5.561109999999999673e+03	-1.035880000000000109e+03	3.102099999999999795e+02	5.999999999999999778e-02	1.992999999999999972e+01	0.000000000000000000e+00	0.000000000000000000e+00	0.000000000000000000e+00	-0.000000000000000000e+00	-0.000000000000000000e+00	0.000000000000000000e+00
5.581279999999999745e+03	-1.035880000000000109e+03	3.102099999999999795e+02	5.999999999999999778e-02	2.017000000000000171e+01	0.000000000000000000e+00	0.000000000000000000e+00	0.000000000000000000e+00	-0.000000000000000000e+00	-0.000000000000000000e+00	0.000000000000000000e+00
5.603289999999999964e+03	-1.034430000000000064e+03	3.039800000000000182e+02	1.600000000000000033e-01	2.201000000000000156e+01	1.449999999999999956e+00	-6.230000000000000426e+00	1.000000000000000056e-01	6.389999999999999680e+00	2.905299999999999727e+02	4.519999999999999574e+00
5.621250000000000000e+03	-1.034430000000000064e+03	3.039800000000000182e+02	1.600000000000000033e-01	1.794999999999999929e+01	0.000000000000000000e+00	0.000000000000000000e+00	0.000000000000000000e+00	-0.000000000000000000e+00	-0.000000000000000000e+00	0.000000000000000000e+00
5.641260000000000218e+03	-1.034430000000000064e+03	3.039800000000000182e+02	1.600000000000000033e-01	2.001000000000000156e+01	0.000000000000000000e+00	0.000000000000000000e+00	0.000000000000000000e+00	-0.000000000000000000e+00	-0.000000000000000000e+00	0.000000000000000000e+00
5.661189999999999600e+03	-1.034430000000000064e+03	3.039800000000000182e+02	1.600000000000000033e-01	1.992999999999999972e+01	0.000000000000000000e+00	0.000000000000000000e+00	0.000000000000000000e+00	-0.000000000000000000e+00	-0.000000000000000000e+00	0.000000000000000000e+00
5.681600000000000364e+03	-1.034430000000000064e+03	3.039800000000000182e+02	1.600000000000000033e-01	2.042000000000000171e+01	0.000000000000000000e+00	0.000000000000000000e+00	0.000000000000000000e+00	-0.000000000000000000e+00	-0.000000000000000000e+00	0.000000000000000000e+00
5.701479999999999563e+03	-1.034430000000000064e+03	3.039800000000000182e+02	1.600000000000000033e-01	1.987999999999999901e+01	0.000000000000000000e+00	0.000000000000000000e+00	0.000000000000000000e+00	-0.000000000000000000e+00	-0.000000000000000000e+00	0.000000000000000000e+00
5.721260000000000218e+03	-1.034430000000000064e+03	3.039800000000000182e+02	1.600000000000000033e-01	1.978000000000000114e+01	0.000000000000000000e+00	0.000000000000000000e+00	0.000000000000000000e+00	-0.000000000000000000e+00	-0.000000000000000000e+00	0.000000000000000000e+00
5.741300000000000182e+03	-1.034430000000000064e+03	3.039800000000000182e+02	1.600000000000000033e-01	2.003999999999999915e+01	0.000000000000000000e+00	0.000000000000000000e+00	0.000000000000000000e+00	-0.000000000000000000e+00	-0.000000000000000000e+00	0.000000000000000000e+00
5.762750000000000000e+03	-1.034430000000000064e+03	3.039800000000000182e+02	1.600000000000000033e-01	2.144999999999999929e+01	0.000000000000000000e+00	0.000000000000000000e+00	0.000000000000000000e+00	-0.000000000000000000e+00	-0.000000000000000000e+00	0.000000000000000000e+00
5.782800000000000182e+03	-1.034430000000000064e+03	3.039800000000000182e+02	1.600000000000000033e-01	2.005999999999999872e+01	0.000000000000000000e+00	0.000000000000000000e+00	0.000000000000000000e+00	-0.000000000000000000e+00	-0.000000000000000000e+00	0.000000000000000000e+00
5.803020000000000437e+03	-1.034430000000000064e+03	3.039800000000000182e+02	1.600000000000000033e-01	2.021999999999999886e+01	0.000000000000000000e+00	0.000000000000000000e+00	0.000000000000000000e+00	-0.000000000000000000e+00	-0.000000000000000000e+00	0.000000000000000000e+00
5.821750000000000000e+03	-1.034410000000000082e+03	3.025899999999999750e+02	1.799999999999999933e-01	1.873000000000000043e+01	2.000000000000000042e-02	-1.389999999999999902e+00	2.000000000000000042e-02	1.389999999999999902e+00	7.398000000000000398e+01	1.149999999999999911e+00
5.842859999999999673e+03	-1.034410000000000082e+03	3.025899999999999750e+02	1.799999999999999933e-01	2.110999999999999943e+01	0.000000000000000000e+00	0.000000000000000000e+00	0.000000000000000000e+00	-0.000000000000000000e+00	-0.000000000000000000e+00	0.000000000000000000e+00
5.861310000000000400e+03	-1.034410000000000082e+03	3.025899999999999750e+02	1.799999999999999933e-01	1.844999999999999929e+01	0.000000000000000000e+00	0.000000000000000000e+00	0.000000000000000000e+00	-0.000000000000000000e+00	-0.000000000000000000e+00	0.000000000000000000e+00
5.882779999999999745e+03	-1.034410000000000082e+03	3.025899999999999750e+02	1.799999999999999933e-01	2.146999999999999886e+01	0.000000000000000000e+00	0.000000000000000000e+00	0.000000000000000000e+00	-0.000000000000000000e+00	-0.000000000000000000e+00	0.000000000000000000e+00
5.901260000000000218e+03	-1.034410000000000082e+03	3.025899999999999750e+02	1.799999999999999933e-01	1.846999999999999886e+01	0.000000000000000000e+00	0.000000000000000000e+00	0.000000000000000000e+00	-0.000000000000000000e+00	-0.000000000000000000e+00	0.000000000000000000e+00
5.921300000000000182e+03	-1.034410000000000082e+03	3.025899999999999750e+02	1.799999999999999933e-01	2.005000000000000071e+01	0.000000000000000000e+00	0.000000000000000000e+00	0.000000000000000000e+00	-0.000000000000000000e+00	-0.000000000000000000e+00	0.000000000000000000e+00
5.941229999999999563e+03	-1.034410000000000082e+03	3.025899999999999750e+02	1.799999999999999933e-01	1.992000000000000171e+01	0.000000000000000000e+00	0.000000000000000000e+00	0.000000000000000000e+00	-0.000000000000000000e+00	-0.000000000000000000e+00	0.000000000000000000e+00
5.961329999999999927e+03	-1.034410000000000082e+03	3.025899999999999750e+02	1.799999999999999933e-01	2.010999999999999943e+01	0.000000000000000000e+00	0.000000000000000000e+00	0.000000000000000000e+00	-0.000000000000000000e+00	-0.000000000000000000e+00	0.000000000000000000e+00
5.981329999999999927e+03	-1.034410000000000082e+03	3.025899999999999750e+02	1.799999999999999933e-01	2.000000000000000000e+01	0.000000000000000000e+00	0.000000000000000000e+00	0.000000000000000000e+00	-0.000000000000000000e+00	-0.000000000000000000e+00	0.000000000000000000e+00
6.001760000000000218e+03	-1.034410000000000082e+03	3.025899999999999750e+02	1.799999999999999933e-01	2.042999999999999972e+01	0.000000000000000000e+00	0.000000000000000000e+00	0.000000000000000000e+00	-0.000000000000000000e+00	-0.000000000000000000e+00	0.000000000000000000e+00
6.021310000000000400e+03	-1.034410000000000082e+03	3.025899999999999750e+02	1.799999999999999933e-01	1.955000000000000071e+01	0.000000000000000000e+00	0.000000000000000000e+00	0.000000000000000000e+00	-0.000000000000000000e+00	-0.000000000000000000e+00	0.000000000000000000e+00
6.041289999999999964e+03	-1.034410000000000082e+03	3.025899999999999750e+02	1.799999999999999933e-01	1.998999999999999844e+01	0.000000000000000000e+00	0.000000000000000000e+00	0.000000000000000000e+00	-0.000000000000000000e+00	-0.000000000000000000e+00	0.000000000000000000e+00
6.061250000000000000e+03	-1.034410000000000082e+03	3.025899999999999750e+02	1.799999999999999933e-01	1.996000000000000085e+01	0.000000000000000000e+00	0.000000000000000000e+00	0.000000000000000000e+00	-0.000000000000000000e+00	-0.000000000000000000e+00	0.000000000000000000e+00
6.081350000000000364e+03	-1.034410000000000082e+03	3.025899999999999750e+02	1.799999999999999933e-01	2.008999999999999986e+01	0.000000000000000000e+00	0.000000000000000000e+00	0.000000000000000000e+00	-0.000000000000000000e+00	-0.000000000000000000e+00	0.000000000000000000e+00
6.101779999999999745e+03	-1.034390000000000100e+03	3.012099999999999795e+02	2.000000000000000111e-01	2.042999999999999972e+01	2.000000000000000042e-02	-1.389999999999999902e+00	2.000000000000000042e-02	1.389999999999999902e+00	6.782999999999999829e+01	1.050000000000000044e+00
6.121289999999999964e+03	-1.034390000000000100e+03	3.012099999999999795e+02	2.000000000000000111e-01	1.951000000000000156e+01	0.000000000000000000e+00	0.000000000000000000e+00	0.000000000000000000e+00	-0.000000000000000000e+00	-0.000000000000000000e+00	0.000000000000000000e+00
6.141369999999999891e+03	-1.034390000000000100e+03	3.012099999999999795e+02	2.000000000000000111e-01	2.007000000000000028e+01	0.000000000000000000e+00	0.000000000000000000e+00	0.000000000000000000e+00	-0.000000000000000000e+00	-0.000000000000000000e+00	0.000000000000000000e+00
6.161289999999999964e+03	-1.034390000000000100e+03	3.012099999999999795e+02	2.000000000000000111e-01	1.992999999999999972e+01	0.000000000000000000e+00	0.000000000000000000e+00	0.000000000000000000e+00	-0.000000000000000000e+00	-0.000000000000000000e+00	0.000000000000000000e+00
6.181380000000000109e+03	-1.034390000000000100e+03	3.012099999999999795e+02	2.000000000000000111e-01	2.007999999999999829e+01	0.000000000000000000e+00	0.000000000000000000e+00	0.000000000000000000e+00	-0.000000000000000000e+00	-0.000000000000000000e+00	0.000000000000000000e+00
6.201500000000000000e+03	-1.034390000000000100e+03	3.012099999999999795e+02	2.000000000000000111e-01	2.012000000000000099e+01	0.000000000000000000e+00	0.000000000000000000e+00	0.000000000000000000e+00	-0.000000000000000000e+00	-0.000000000000000000e+00	0.000000000000000000e+00
6.221340000000000146e+03	-1.034390000000000100e+03	3.012099999999999795e+02	2.000000000000000111e-01	1.983999999999999986e+01	0.000000000000000000e+00	0.000000000000000000e+00	0.000000000000000000e+00	-0.000000000000000000e+00	-0.000000000000000000e+00	0.000000000000000000e+00
6.241300000000000182e+03	-1.034390000000000100e+03	3.012099999999999795e+02	2.000000000000000111e-01	1.996000000000000085e+01	0.000000000000000000e+00	0.000000000000000000e+00	0.000000000000000000e+00	-0.000000000000000000e+00	-0.000000000000000000e+00	0.000000000000000000e+00
6.264130000000000109e+03	-1.034390000000000100e+03	3.012099999999999795e+02	2.000000000000000111e-01	2.282999999999999829e+01	0.000000000000000000e+00	0.000000000000000000e+00	0.000000000000000000e+00	-0.000000000000000000e+00	-0.000000000000000000e+00	0.000000000000000000e+00
6.281420000000000073e+03	-1.034390000000000100e+03	3.012099999999999795e+02	2.000000000000000111e-01	1.728999999999999915e+01	0.000000000000000000e+00	0.000000000000000000e+00	0.000000000000000000e+00	-0.000000000000000000e+00	-0.000000000000000000e+00	0.000000000000000000e+00
6.301329999999999927e+03	-1.034390000000000100e+03	3.012099999999999795e+02	2.000000000000000111e-01	1.991000000000000014e+01	0.000000000000000000e+00	0.000000000000000000e+00	0.000000000000000000e+00	-0.000000000000000000e+00	-0.000000000000000000e+00	0.000000000000000000e+00
6.321539999999999964e+03	-1.034390000000000100e+03	3.012099999999999795e+02	2.000000000000000111e-01	2.021000000000000085e+01	0.000000000000000000e+00	0.000000000000000000e+00	0.000000000000000000e+00	-0.000000000000000000e+00	-0.000000000000000000e+00	0.000000000000000000e+00
6.342100000000000364e+03	-1.034390000000000100e+03	3.012099999999999795e+02	2.000000000000000111e-01	2.057000000000000028e+01	0.000000000000000000e+00	0.000000000000000000e+00	0.000000000000000000e+00	-0.000000000000000000e+00	-0.000000000000000000e+00	0.000000000000000000e+00
6.361409999999999854e+03	-1.034390000000000100e+03	3.012099999999999795e+02	2.000000000000000111e-01	1.930999999999999872e+01	0.000000000000000000e+00	0.000000000000000000e+00	0.000000000000000000e+00	-0.000000000000000000e+00	-0.000000000000000000e+00	0.000000000000000000e+00
6.382100000000000364e+03	-1.034390000000000100e+03	3.012099999999999795e+02	2.000000000000000111e-01	2.069000000000000128e+01	0.000000000000000000e+00	0.000000000000000000e+00	0.000000000000000000e+00	-0.000000000000000000e+00	-0.000000000000000000e+00	0.000000000000000000e+00
6.403020000000000437e+03	-1.034430000000000064e+03	3.039800000000000182e+02	1.600000000000000033e-01	2.092000000000000171e+01	-4.000000000000000083e-02	2.770000000000000018e+00	-4.000000000000000083e-02	-2.770000000000000018e+00	-1.325099999999999909e+02	-2.049999999999999822e+00
6.422869999999999891e+03	-1.034430000000000064e+03	3.039800000000000182e+02	1.600000000000000033e-01	1.985999999999999943e+01	0.000000000000000000e+00	0.000000000000000000e+00	0.000000000000000000e+00	-0.000000000000000000e+00	-0.000000000000000000e+00	0.000000000000000000e+00
6.442979999999999563e+03	-1.034430000000000064e+03	3.039800000000000182e+02	1.600000000000000033e-01	2.010000000000000142e+01	0.000000000000000000e+00	0.000000000000000000e+00	0.000000000000000000e+00	-0.000000000000000000e+00	-0.000000000000000000e+00	0.000000000000000000e+00
6.462869999999999891e+03	-1.034430000000000064e+03	3.039800000000000182e+02	1.600000000000000033e-01	1.989000000000000057e+01	0.000000000000000000e+00	0.000000000000000000e+00	0.000000000000000000e+00	-0.000000000000000000e+00	-0.000000000000000000e+00	0.000000000000000000e+00
6.483060000000000400e+03	-1.034430000000000064e+03	3.039800000000000182e+02	1.600000000000000033e-01	2.019999999999999929e+01	0.000000000000000000e+00	0.000000000000000000e+00	0.000000000000000000e+00	-0.000000000000000000e+00	-0.000000000000000000e+00	0.000000000000000000e+00
6.503899999999999636e+03	-1.034430000000000064e+03	3.039800000000000182e+02	1.600000000000000033e-01	2.083999999999999986e+01	0.000000000000000000e+00	0.000000000000000000e+00	0.000000000000000000e+00	-0.000000000000000000e+00	-0.000000000000000000e+00	0.000000000000000000e+00
6.523739999999999782e+03	-1.034430000000000064e+03	3.039800000000000182e+02	1.600000000000000033e-01	1.982999999999999829e+01	0.000000000000000000e+00	0.000000000000000000e+00	0.000000000000000000e+00	-0.000000000000000000e+00	-0.000000000000000000e+00	0.000000000000000000e+00
6.544229999999999563e+03	-1.034430000000000064e+03	3.039800000000000182e+02	1.600000000000000033e-01	2.048999999999999844e+01	0.000000000000000000e+00	0.000000000000000000e+00	0.000000000000000000e+00	-0.000000000000000000e+00	-0.000000000000000000e+00	0.000000000000000000e+00
6.563779999999999745e+03	-1.034430000000000064e+03	3.039800000000000182e+02	1.600000000000000033e-01	1.955000000000000071e+01	0.000000000000000000e+00	0.000000000000000000e+00	0.000000000000000000e+00	-0.000000000000000000e+00	-0.000000000000000000e+00	0.000000000000000000e+00
6.585199999999999818e+03	-1.034410000000000082e+03	3.025899999999999750e+02	1.799999999999999933e-01	2.142000000000000171e+01	2.000000000000000042e-02	-1.389999999999999902e+00	2.000000000000000042e-02	1.389999999999999902e+00	6.470999999999999375e+01	1.010000000000000009e+00
6.605060000000000400e+03	-1.034410000000000082e+03	3.025899999999999750e+02	1.799999999999999933e-01	1.985999999999999943e+01	0.000000000000000000e+00	0.000000000000000000e+00	0.000000000000000000e+00	-0.000000000000000000e+00	-0.000000000000000000e+00	0.000000000000000000e+00
6.623859999999999673e+03	-1.034410000000000082e+03	3.025899999999999750e+02	1.799999999999999933e-01	1.880000000000000071e+01	0.000000000000000000e+00	0.000000000000000000e+00	0.000000000000000000e+00	-0.000000000000000000e+00	-0.000000000000000000e+00	0.000000000000000000e+00
6.645880000000000109e+03	-1.034410000000000082e+03	3.025899999999999750e+02	1.799999999999999933e-01	2.201999999999999957e+01	0.000000000000000000e+00	0.000000000000000000e+00	0.000000000000000000e+00	-0.000000000000000000e+00	-0.000000000000000000e+00	0.000000000000000000e+00
6.665810000000000400e+03	-1.034410000000000082e+03	3.025899999999999750e+02	1.799999999999999933e-01	1.992000000000000171e+01	0.000000000000000000e+00	0.000000000000000000e+00	0.000000000000000000e+00	-0.000000000000000000e+00	-0.000000000000000000e+00	0.000000000000000000e+00
6.685909999999999854e+03	-1.034410000000000082e+03	3.025899999999999750e+02	1.799999999999999933e-01	2.010999999999999943e+01	0.000000000000000000e+00	0.000000000000000000e+00	0.000000000000000000e+00	-0.000000000000000000e+00	-0.000000000000000000e+00	0.000000000000000000e+00
6.706250000000000000e+03	-1.034369999999999891e+03	2.998199999999999932e+02	2.200000000000000011e-01	2.033999999999999986e+01	4.000000000000000083e-02	-2.770000000000000018e+00	4.000000000000000083e-02	2.770000000000000018e+00	1.363000000000000114e+02	2.089999999999999858e+00
6.725789999999999964e+03	-1.034369999999999891e+03	2.998199999999999932e+02	2.200000000000000011e-01	1.953999999999999915e+01	0.000000000000000000e+00	0.000000000000000000e+00	0.000000000000000000e+00	-0.000000000000000000e+00	-0.000000000000000000e+00	0.000000000000000000e+00
6.747420000000000073e+03	-1.034369999999999891e+03	2.998199999999999932e+02	2.200000000000000011e-01	2.162999999999999901e+01	0.000000000000000000e+00	0.000000000000000000e+00	0.000000000000000000e+00	-0.000000000000000000e+00	-0.000000000000000000e+00	0.000000000000000000e+00
6.765789999999999964e+03	-1.034369999999999891e+03	2.998199999999999932e+02	2.200000000000000011e-01	1.835999999999999943e+01	0.000000000000000000e+00	0.000000000000000000e+00	0.000000000000000000e+00	-0.000000000000000000e+00	-0.000000000000000000e+00	0.000000000000000000e+00
6.785880000000000109e+03	-1.034369999999999891e+03	2.998199999999999932e+02	2.200000000000000011e-01	2.010000000000000142e+01	0.000000000000000000e+00	0.000000000000000000e+00	0.000000000000000000e+00	-0.000000000000000000e+00	-0.000000000000000000e+00	0.000000000000000000e+00
6.805789999999999964e+03	-1.034369999999999891e+03	2.998199999999999932e+02	2.200000000000000011e-01	1.991000000000000014e+01	0.000000000000000000e+00	0.000000000000000000e+00	0.000000000000000000e+00	-0.000000000000000000e+00	-0.000000000000000000e+00	0.000000000000000000e+00
6.827300000000000182e+03	-1.034369999999999891e+03	2.998199999999999932e+02	2.200000000000000011e-01	2.151000000000000156e+01	0.000000000000000000e+00	0.000000000000000000e+00	0.000000000000000000e+00	-0.000000000000000000e+00	-0.000000000000000000e+00	0.000000000000000000e+00
6.847920000000000073e+03	-1.034420000000000073e+03	3.032900000000000205e+02	1.700000000000000122e-01	2.060999999999999943e+01	-5.000000000000000278e-02	3.459999999999999964e+00	-5.000000000000000278e-02	-3.470000000000000195e+00	-1.680999999999999943e+02	-2.589999999999999858e+00
6.865819999999999709e+03	-1.034420000000000073e+03	3.032900000000000205e+02	1.700000000000000122e-01	1.789999999999999858e+01	0.000000000000000000e+00	0.000000000000000000e+00	0.000000000000000000e+00	-0.000000000000000000e+00	-0.000000000000000000e+00	0.000000000000000000e+00
6.885819999999999709e+03	-1.034420000000000073e+03	3.032900000000000205e+02	1.700000000000000122e-01	2.000000000000000000e+01	0.000000000000000000e+00	0.000000000000000000e+00	0.000000000000000000e+00	-0.000000000000000000e+00	-0.000000000000000000e+00	0.000000000000000000e+00
6.907819999999999709e+03	-1.034390000000000100e+03	3.012099999999999795e+02	2.000000000000000111e-01	2.200000000000000000e+01	2.999999999999999889e-02	-2.080000000000000071e+00	2.999999999999999889e-02	2.080000000000000071e+00	9.450000000000000000e+01	1.459999999999999964e+00
6.926399999999999636e+03	-1.034390000000000100e+03	3.012099999999999795e+02	2.000000000000000111e-01	1.857999999999999829e+01	0.000000000000000000e+00	0.000000000000000000e+00	0.000000000000000000e+00	-0.000000000000000000e+00	-0.000000000000000000e+00	0.000000000000000000e+00
6.945850000000000364e+03	-1.034390000000000100e+03	3.012099999999999795e+02	2.000000000000000111e-01	1.944999999999999929e+01	0.000000000000000000e+00	0.000000000000000000e+00	0.000000000000000000e+00	-0.000000000000000000e+00	-0.000000000000000000e+00	0.000000000000000000e+00
6.966500000000000000e+03	-1.034390000000000100e+03	3.012099999999999795e+02	2.000000000000000111e-01	2.064000000000000057e+01	0.000000000000000000e+00	0.000000000000000000e+00	0.000000000000000000e+00	-0.000000000000000000e+00	-0.000000000000000000e+00	0.000000000000000000e+00
0.000000000000000000e+00	0.000000000000000000e+00	0.000000000000000000e+00	0.000000000000000000e+00	6.966500000000000000e+03	2.227500000000000000e+02	-4.459999999999999964e+00	8.000000000000000167e-02	2.903700000000000045e+02	1.407175000000000000e+04	7.629999999999999893e+00
