     Time	    Pos x	    Pos y	    Angle	Diff Time	Diff Posx	Diff Posy	Diff Angl	Diff Long	Rel Speed	Rel AnSpd	
    0.000	-1744.707	  313.462	   -0.018	    0.000	    0.000	    0.000	    0.000	    0.000	    0.000	    0.000
   19.021	  371.236	-1239.159	    1.869	   19.021	 2115.943	-1552.620	    1.887	 2624.470	137977.266	   99.222
   38.305	  371.236	-1239.159	    1.869	   19.284	    0.000	    0.000	    0.000	   -0.000	   -0.000	    0.000
   60.594	-1743.316	  313.483	   -0.019	   22.289	-2114.552	 1552.641	   -1.888	-2623.362	-117698.680	  -84.709
   81.498	-1744.707	  313.462	   -0.018	   20.904	   -1.390	   -0.021	    0.001	   -1.391	  -66.520	    0.036
  102.906	-1743.316	  313.483	   -0.019	   21.408	    1.390	    0.021	   -0.001	    1.391	   64.954	   -0.035
  119.068	-1743.316	  313.483	   -0.019	   16.162	    0.000	    0.000	    0.000	   -0.000	   -0.000	    0.000
  138.767	-1743.316	  313.483	   -0.019	   19.699	    0.000	    0.000	    0.000	   -0.000	   -0.000	    0.000
  158.983	-1743.316	  313.483	   -0.021	   20.216	    0.000	    0.000	   -0.002	   -0.000	   -0.000	   -0.079
  178.774	-1742.628	  314.190	   -0.427	   19.791	    0.688	    0.707	   -0.406	    0.986	   49.843	  -20.529
  197.966	-1742.628	  314.190	   -0.427	   19.192	    0.000	    0.000	    0.000	   -0.000	   -0.000	    0.000
  218.214	-1744.707	  313.462	   -0.018	   20.248	   -2.078	   -0.728	    0.409	   -2.202	 -108.750	   20.182
  238.449	-1744.707	  313.462	   -0.018	   20.235	    0.000	    0.000	    0.000	   -0.000	   -0.000	    0.000
  258.693	-1743.316	  313.483	   -0.019	   20.244	    1.390	    0.021	   -0.001	    1.391	   68.689	   -0.037
  279.843	-1744.707	  313.462	   -0.018	   21.150	   -1.390	   -0.021	    0.001	   -1.391	  -65.747	    0.036
  297.805	-1744.707	  313.462	   -0.018	   17.962	    0.000	    0.000	    0.000	   -0.000	   -0.000	    0.000
  318.413	-1744.707	  313.462	   -0.018	   20.608	    0.000	    0.000	    0.000	   -0.000	   -0.000	    0.000
  338.690	-1744.682	  311.373	    0.493	   20.277	    0.024	   -2.088	    0.512	    2.089	  102.999	   25.235
  358.724	-1743.316	  313.483	   -0.019	   20.034	    1.366	    2.109	   -0.512	    2.513	  125.445	  -25.579
  378.267	-1743.316	  313.483	   -0.019	   19.543	    0.000	    0.000	    0.000	   -0.000	   -0.000	    0.000
  398.573	-1744.707	  313.462	   -0.018	   20.306	   -1.390	   -0.021	    0.001	   -1.391	  -68.479	    0.037
  418.488	-1744.707	  313.462	   -0.018	   19.915	    0.000	    0.000	    0.000	   -0.000	   -0.000	    0.000
  438.589	-1744.707	  313.462	   -0.018	   20.101	    0.000	    0.000	    0.000	   -0.000	   -0.000	    0.000
  458.571	-1744.707	  313.462	   -0.018	   19.982	    0.000	    0.000	    0.000	   -0.000	   -0.000	    0.000
  478.663	-1744.707	  313.462	   -0.018	   20.092	    0.000	    0.000	    0.000	   -0.000	   -0.000	    0.000
  497.349	-1744.707	  313.462	   -0.018	   18.686	    0.000	    0.000	    0.000	   -0.000	   -0.000	    0.000
  517.682	-1744.707	  313.462	   -0.018	   20.333	    0.000	    0.000	    0.000	   -0.000	   -0.000	    0.000
  539.249	-1744.707	  313.462	   -0.020	   21.567	    0.000	    0.000	   -0.002	   -0.000	   -0.000	   -0.071
  560.352	-1744.707	  313.462	   -0.018	   21.103	    0.000	    0.000	    0.002	   -0.000	   -0.000	    0.073
  578.907	-1744.707	  313.462	   -0.018	   18.555	    0.000	    0.000	    0.000	   -0.000	   -0.000	    0.000
  599.625	-1743.316	  313.483	   -0.021	   20.718	    1.390	    0.021	   -0.002	    1.391	   67.118	   -0.114
  619.881	-1744.707	  313.462	   -0.018	   20.256	   -1.390	   -0.021	    0.002	   -1.391	  -68.648	    0.117
  640.049	-1744.707	  313.462	   -0.018	   20.168	    0.000	    0.000	    0.000	   -0.000	   -0.000	    0.000
  660.251	-1743.316	  313.483	   -0.019	   20.202	    1.390	    0.021	   -0.001	    1.391	   68.832	   -0.038
  678.578	-1743.316	  313.483	   -0.019	   18.327	    0.000	    0.000	    0.000	   -0.000	   -0.000	    0.000
  698.701	-1744.707	  313.462	   -0.018	   20.123	   -1.390	   -0.021	    0.001	   -1.391	  -69.102	    0.038
  720.039	-1714.710	  301.380	    2.243	   21.338	   29.997	  -12.081	    2.261	   32.338	 1515.531	  105.956
  739.790	-1744.707	  313.462	   -0.018	   19.751	  -29.997	   12.081	   -2.261	  -32.338	-1637.292	 -114.469
  758.711	-1744.707	  313.462	   -0.018	   18.921	    0.000	    0.000	    0.000	   -0.000	   -0.000	    0.000
  779.084	-1743.316	  313.483	   -0.021	   20.373	    1.390	    0.021	   -0.002	    1.391	   68.254	   -0.116
  799.582	-1744.707	  313.462	   -0.018	   20.498	   -1.390	   -0.021	    0.002	   -1.391	  -67.838	    0.115
  820.358	-1744.707	  313.462	   -0.018	   20.776	    0.000	    0.000	    0.000	   -0.000	   -0.000	    0.000
  840.444	-1743.316	  313.483	   -0.019	   20.086	    1.390	    0.021	   -0.001	    1.391	   69.230	   -0.038
  858.844	-1743.316	  313.483	   -0.019	   18.400	    0.000	    0.000	    0.000	   -0.000	   -0.000	    0.000
  879.427	-1743.316	  313.483	   -0.019	   20.583	    0.000	    0.000	    0.000	   -0.000	   -0.000	    0.000
  899.490	-1744.707	  313.462	   -0.018	   20.063	   -1.390	   -0.021	    0.001	   -1.391	  -69.309	    0.038
  920.475	-1744.707	  313.462	   -0.020	   20.985	    0.000	    0.000	   -0.002	   -0.000	   -0.000	   -0.073
  940.495	-1744.707	  313.462	   -0.018	   20.020	    0.000	    0.000	    0.002	   -0.000	   -0.000	    0.076
  959.134	-1744.707	  313.462	   -0.018	   18.639	    0.000	    0.000	    0.000	   -0.000	   -0.000	    0.000
  981.241	-1744.707	  313.462	   -0.018	   22.107	    0.000	    0.000	    0.000	   -0.000	   -0.000	    0.000
 1000.842	-1743.316	  313.483	   -0.019	   19.601	    1.390	    0.021	   -0.001	    1.391	   70.943	   -0.039
 1020.893	-1744.690	  312.069	    0.004	   20.051	   -1.374	   -1.413	    0.023	   -1.971	  -98.311	    1.149
 1039.002	-1744.690	  312.069	    0.004	   18.109	    0.000	    0.000	    0.000	   -0.000	   -0.000	    0.000
 1059.926	-1743.316	  313.483	   -0.019	   20.924	    1.374	    1.413	   -0.023	    1.971	   94.209	   -1.101
 1080.524	-1744.707	  313.462	   -0.018	   20.598	   -1.390	   -0.021	    0.001	   -1.391	  -67.509	    0.037
 1101.948	-1743.316	  313.483	   -0.021	   21.424	    1.390	    0.021	   -0.002	    1.391	   64.905	   -0.110
 1121.388	-1743.316	  313.483	   -0.019	   19.440	    0.000	    0.000	    0.002	   -0.000	   -0.000	    0.082
 1140.161	-1743.316	  313.483	   -0.019	   18.773	    0.000	    0.000	    0.000	   -0.000	   -0.000	    0.000
 1160.714	-1743.316	  313.483	   -0.019	   20.553	    0.000	    0.000	    0.000	   -0.000	   -0.000	    0.000
 1180.759	-1743.316	  313.483	   -0.021	   20.045	    0.000	    0.000	   -0.002	   -0.000	   -0.000	   -0.080
 1201.693	-1743.316	  313.483	   -0.021	   20.934	    0.000	    0.000	    0.000	   -0.000	   -0.000	    0.000
 1221.979	-1741.925	  313.505	   -0.020	   20.286	    1.391	    0.022	    0.001	    1.391	   68.571	    0.039
 1240.153	-1741.925	  313.505	   -0.020	   18.174	    0.000	    0.000	    0.000	   -0.000	   -0.000	    0.000
 1260.573	-1741.925	  313.505	   -0.020	   20.420	    0.000	    0.000	    0.000	   -0.000	   -0.000	    0.000
 1281.483	-1711.933	  301.423	    2.226	   20.910	   29.993	  -12.082	    2.246	   32.335	 1546.370	  107.391
 1301.584	-1707.770	  301.486	    2.251	   20.101	    4.163	    0.063	    0.025	    4.163	  207.107	    1.244
 1323.250	-1739.145	  313.547	   -0.018	   21.666	  -31.375	   12.062	   -2.269	  -33.613	-1551.444	 -104.730
 1341.905	-1739.145	  313.547	   -0.018	   18.655	    0.000	    0.000	    0.000	   -0.000	   -0.000	    0.000
 1361.981	-1736.364	  313.590	   -0.018	   20.076	    2.781	    0.043	   -0.000	    2.781	  138.516	   -0.002
 1382.596	-1734.974	  313.611	   -0.021	   20.615	    1.390	    0.021	   -0.002	    1.390	   67.429	   -0.114
 1403.396	-1733.584	  313.633	   -0.020	   20.800	    1.390	    0.022	    0.001	    1.390	   66.842	    0.038
 1422.687	-1733.584	  313.633	   -0.020	   19.291	    0.000	    0.000	    0.000	   -0.000	   -0.000	    0.000
 1442.590	-1732.194	  313.654	   -0.019	   19.903	    1.390	    0.021	    0.001	    1.390	   69.828	    0.039
 1461.357	-1732.194	  313.654	   -0.019	   18.767	    0.000	    0.000	    0.000	   -0.000	   -0.000	    0.000
 1482.383	-1732.194	  313.654	   -0.019	   21.026	    0.000	    0.000	    0.000	   -0.000	   -0.000	    0.000
 1504.305	-1726.621	  312.345	    0.003	   21.922	    5.573	   -1.308	    0.022	    5.725	  261.149	    1.014
 1523.285	-1726.621	  312.345	    0.003	   18.980	    0.000	    0.000	    0.000	   -0.000	   -0.000	    0.000
 1543.777	-1723.841	  312.389	    0.003	   20.492	    2.780	    0.044	   -0.000	    2.780	  135.669	   -0.003
 1563.291	-1692.504	  301.717	    2.181	   19.514	   31.337	  -10.672	    2.178	   33.105	 1696.470	  111.632
 1583.800	-1719.659	  311.060	    0.027	   20.509	  -27.155	    9.343	   -2.155	  -28.717	-1400.214	 -105.066
 1604.801	-1719.659	  311.060	    0.027	   21.001	    0.000	    0.000	    0.000	   -0.000	   -0.000	    0.000
 1622.114	-1719.659	  311.060	    0.027	   17.313	    0.000	    0.000	    0.000	   -0.000	   -0.000	    0.000
 1642.864	-1719.659	  311.060	    0.027	   20.750	    0.000	    0.000	    0.000	   -0.000	   -0.000	    0.000
 1663.809	-1719.659	  311.060	    0.027	   20.945	    0.000	    0.000	    0.000	   -0.000	   -0.000	    0.000
 1685.634	-1711.342	  312.579	    0.003	   21.825	    8.317	    1.519	   -0.023	    8.454	  387.357	   -1.075
 1706.580	-1708.551	  311.228	    0.027	   20.946	    2.791	   -1.351	    0.024	    3.101	  148.053	    1.142
 1724.872	-1708.551	  311.228	    0.027	   18.292	    0.000	    0.000	    0.000	   -0.000	   -0.000	    0.000
 1745.050	-1705.775	  311.270	    0.027	   20.178	    2.776	    0.042	   -0.000	    2.776	  137.597	   -0.002
 1765.272	-1705.775	  311.270	    0.026	   20.222	    0.000	    0.000	   -0.001	   -0.000	   -0.000	   -0.029
 1785.229	-1703.030	  314.095	   -0.020	   19.957	    2.744	    2.826	   -0.047	    3.939	  197.367	   -2.342
 1805.624	-1703.030	  314.095	   -0.020	   20.395	    0.000	    0.000	    0.000	   -0.000	   -0.000	    0.000
 1825.371	-1700.240	  312.744	    0.003	   19.747	    2.790	   -1.351	    0.023	    3.100	  157.001	    1.181
 1845.470	-1697.449	  311.394	    0.027	   20.099	    2.791	   -1.350	    0.024	    3.100	  154.262	    1.189
 1865.758	-1694.674	  311.436	    0.026	   20.288	    2.774	    0.041	   -0.001	    2.775	  136.766	   -0.031
 1886.806	-1691.900	  311.477	    0.027	   21.048	    2.774	    0.041	    0.001	    2.774	  131.811	    0.027
 1905.457	-1691.900	  311.477	    0.027	   18.651	    0.000	    0.000	    0.000	   -0.000	   -0.000	    0.000
 1927.504	-1689.126	  311.518	    0.027	   22.047	    2.774	    0.041	   -0.000	    2.774	  125.829	   -0.002
 1943.719	-1689.126	  311.518	    0.027	   16.215	    0.000	    0.000	    0.000	   -0.000	   -0.000	    0.000
 1964.878	-1689.126	  311.518	    0.027	   21.159	    0.000	    0.000	    0.000	   -0.000	   -0.000	    0.000
 1983.751	-1689.126	  311.518	    0.027	   18.873	    0.000	    0.000	    0.000	   -0.000	   -0.000	    0.000
 2003.742	-1689.126	  311.518	    0.027	   19.991	    0.000	    0.000	    0.000	   -0.000	   -0.000	    0.000
 2023.755	-1689.126	  311.518	    0.027	   20.013	    0.000	    0.000	    0.000	   -0.000	   -0.000	    0.000
 2044.045	-1689.126	  311.518	    0.027	   20.290	    0.000	    0.000	    0.000	   -0.000	   -0.000	    0.000
 2064.167	-1689.126	  311.518	    0.027	   20.122	    0.000	    0.000	    0.000	   -0.000	   -0.000	    0.000
 2084.288	-1689.126	  311.518	    0.027	   20.121	    0.000	    0.000	    0.000	   -0.000	   -0.000	    0.000
 2105.884	-1672.492	  311.763	   -0.019	   21.596	   16.634	    0.245	   -0.046	   16.636	  770.325	   -2.128
 2126.895	-1672.492	  311.763	   -0.019	   21.011	    0.000	    0.000	    0.000	   -0.000	   -0.000	    0.000
 2144.449	-1672.492	  311.763	   -0.019	   17.554	    0.000	    0.000	    0.000	   -0.000	   -0.000	    0.000
 2182.756	-1664.180	  311.884	   -0.021	   38.307	    8.312	    0.121	   -0.002	    8.313	  217.010	   -0.043
 2186.469	-1664.180	  311.884	   -0.021	    3.713	    0.000	    0.000	    0.000	   -0.000	   -0.000	    0.000
 2206.050	-1661.395	  310.532	    0.003	   19.581	    2.785	   -1.352	    0.024	    3.096	  158.109	    1.218
 2225.674	-1658.625	  310.573	    0.003	   19.624	    2.770	    0.040	   -0.000	    2.770	  141.144	   -0.002
 2247.527	-1658.625	  310.573	    0.003	   21.853	    0.000	    0.000	    0.000	   -0.000	   -0.000	    0.000
 2280.230	-1653.087	  310.653	    0.003	   32.703	    5.538	    0.080	   -0.000	    5.539	  169.368	   -0.002
 2286.292	-1653.087	  310.653	    0.003	    6.062	    0.000	    0.000	    0.000	   -0.000	   -0.000	    0.000
 2306.753	-1650.318	  310.692	    0.231	   20.461	    2.768	    0.040	    0.228	    2.769	  135.317	   11.166
 2326.946	-1647.550	  310.732	    0.003	   20.193	    2.768	    0.040	   -0.229	    2.768	  137.100	  -11.317
 2348.982	-1647.550	  310.732	    0.003	   22.036	    0.000	    0.000	    0.000	   -0.000	   -0.000	    0.000
 2365.857	-1647.550	  310.732	    0.003	   16.875	    0.000	    0.000	    0.000	   -0.000	   -0.000	    0.000
 2386.953	-1642.015	  310.811	    0.003	   21.096	    5.535	    0.079	   -0.000	    5.536	  262.413	   -0.003
 2407.494	-1639.263	  312.242	   -0.021	   20.541	    2.752	    1.431	   -0.024	    3.102	  150.996	   -1.165
 2426.022	-1639.263	  312.242	   -0.021	   18.528	    0.000	    0.000	    0.000	   -0.000	   -0.000	    0.000
 2447.009	-1639.263	  312.242	   -0.021	   20.987	    0.000	    0.000	    0.000	   -0.000	   -0.000	    0.000
 2469.862	-1633.715	  310.929	    0.002	   22.853	    5.549	   -1.313	    0.023	    5.702	  249.498	    1.021
 2486.190	-1633.715	  310.929	    0.002	   16.328	    0.000	    0.000	    0.000	   -0.000	   -0.000	    0.000
 2506.329	-1633.715	  310.929	    0.002	   20.139	    0.000	    0.000	    0.000	   -0.000	   -0.000	    0.000
 2527.885	-1628.166	  309.618	    0.026	   21.556	    5.548	   -1.312	    0.023	    5.701	  264.485	    1.082
 2546.497	-1628.166	  309.618	    0.026	   18.612	    0.000	    0.000	    0.000	   -0.000	   -0.000	    0.000
 2571.161	-1622.636	  309.696	    0.025	   24.664	    5.531	    0.078	   -0.000	    5.531	  224.254	   -0.003
 2586.387	-1622.636	  309.696	    0.025	   15.226	    0.000	    0.000	    0.000	   -0.000	   -0.000	    0.000
 2607.691	-1617.107	  309.773	    0.025	   21.304	    5.529	    0.078	   -0.000	    5.530	  259.557	   -0.003
 2627.709	-1612.838	  299.407	    0.203	   20.018	    4.269	  -10.366	    0.178	   11.211	  560.020	    8.876
 2648.913	-1611.579	  309.850	    0.025	   21.204	    1.259	   10.443	   -0.178	   10.519	  496.075	   -8.383
 2668.908	-1611.579	  309.850	    0.025	   19.995	    0.000	    0.000	    0.000	   -0.000	   -0.000	    0.000
 2687.468	-1611.579	  309.850	    0.025	   18.560	    0.000	    0.000	    0.000	   -0.000	   -0.000	    0.000
 2707.605	-1611.579	  309.850	    0.025	   20.137	    0.000	    0.000	    0.000	   -0.000	   -0.000	    0.000
 2729.770	-1606.053	  309.927	    0.025	   22.165	    5.526	    0.077	   -0.000	    5.527	  249.358	   -0.003
 2747.360	-1606.053	  309.927	    0.025	   17.590	    0.000	    0.000	    0.000	   -0.000	   -0.000	    0.000
 2768.846	-1603.290	  309.965	    0.025	   21.486	    2.763	    0.038	   -0.000	    2.763	  128.599	   -0.001
 2787.334	-1603.290	  309.965	    0.025	   18.488	    0.000	    0.000	    0.000	   -0.000	   -0.000	    0.000
 2807.453	-1603.290	  309.965	    0.025	   20.119	    0.000	    0.000	    0.000	   -0.000	   -0.000	    0.000
 2831.289	-1600.527	  310.003	    0.025	   23.836	    2.762	    0.038	   -0.000	    2.763	  115.900	   -0.001
 2852.854	-1600.527	  310.003	    0.025	   21.565	    0.000	    0.000	    0.000	   -0.000	   -0.000	    0.000
 2871.425	-1600.527	  310.003	    0.025	   18.571	    0.000	    0.000	    0.000	   -0.000	   -0.000	    0.000
 2892.025	-1600.527	  310.003	    0.025	   20.600	    0.000	    0.000	    0.000	   -0.000	   -0.000	    0.000
 2913.931	-1600.527	  310.003	   -0.020	   21.906	    0.000	    0.000	   -0.045	   -0.000	   -0.000	   -2.067
 2934.894	-1600.527	  310.003	    0.025	   20.963	    0.000	    0.000	    0.045	   -0.000	   -0.000	    2.160
 2951.804	-1600.527	  310.003	    0.025	   16.910	    0.000	    0.000	    0.000	   -0.000	   -0.000	    0.000
 2969.814	-1600.527	  310.003	    0.025	   18.010	    0.000	    0.000	    0.000	   -0.000	   -0.000	    0.000
 2989.887	-1600.527	  310.003	    0.025	   20.073	    0.000	    0.000	    0.000	   -0.000	   -0.000	    0.000
 3012.976	-1600.527	  310.003	    0.025	   23.089	    0.000	    0.000	    0.000	   -0.000	   -0.000	    0.000
 3033.201	-1600.527	  310.003	    0.025	   20.225	    0.000	    0.000	    0.000	   -0.000	   -0.000	    0.000
 3051.249	-1600.527	  310.003	    0.025	   18.048	    0.000	    0.000	    0.000	   -0.000	   -0.000	    0.000
 3071.812	-1600.527	  310.003	    0.025	   20.563	    0.000	    0.000	    0.000	   -0.000	   -0.000	    0.000
 3092.270	-1600.527	  310.003	    0.025	   20.458	    0.000	    0.000	    0.000	   -0.000	   -0.000	    0.000
 3112.838	-1600.527	  310.003	    0.025	   20.568	    0.000	    0.000	    0.000	   -0.000	   -0.000	    0.000
 3133.852	-1599.837	  310.013	    0.025	   21.014	    0.691	    0.009	    0.000	    0.691	   32.865	    0.007
 3151.595	-1599.837	  310.013	    0.025	   17.743	    0.000	    0.000	    0.000	   -0.000	   -0.000	    0.000
 3172.011	-1600.527	  310.003	    0.025	   20.416	   -0.691	   -0.009	   -0.000	   -0.691	  -33.827	   -0.007
 3192.140	-1600.527	  310.003	    0.025	   20.129	    0.000	    0.000	    0.000	   -0.000	   -0.000	    0.000
 3212.578	-1600.527	  310.003	   -0.020	   20.438	    0.000	    0.000	   -0.045	   -0.000	   -0.000	   -2.216
 3231.423	-1600.527	  310.003	   -0.020	   18.845	    0.000	    0.000	    0.000	   -0.000	   -0.000	    0.000
 3250.029	-1600.527	  310.003	   -0.020	   18.606	    0.000	    0.000	    0.000	   -0.000	   -0.000	    0.000
 3271.552	-1600.527	  310.003	    0.025	   21.523	    0.000	    0.000	    0.045	   -0.000	   -0.000	    2.079
 3292.040	-1600.527	  310.003	    0.025	   20.488	    0.000	    0.000	    0.001	   -0.000	   -0.000	    0.026
 3313.794	-1600.527	  310.003	   -0.020	   21.754	    0.000	    0.000	   -0.045	   -0.000	   -0.000	   -2.082
 3331.529	-1600.527	  310.003	   -0.020	   17.735	    0.000	    0.000	    0.000	   -0.000	   -0.000	    0.000
 3352.399	-1600.527	  310.003	   -0.020	   20.870	    0.000	    0.000	    0.000	   -0.000	   -0.000	    0.000
 3372.527	-1600.527	  310.003	    0.025	   20.128	    0.000	    0.000	    0.045	   -0.000	   -0.000	    2.250
 3392.945	-1600.512	  308.613	    0.049	   20.418	    0.016	   -1.391	    0.023	    1.391	   68.118	    1.147
 3412.896	-1600.527	  310.003	    0.025	   19.951	   -0.016	    1.391	   -0.023	   -1.391	  -69.712	   -1.174
 3431.630	-1600.527	  310.003	    0.025	   18.734	    0.000	    0.000	    0.000	   -0.000	   -0.000	    0.000
 3452.928	-1600.527	  310.003	   -0.020	   21.298	    0.000	    0.000	   -0.045	   -0.000	   -0.000	   -2.126
 3472.925	-1600.527	  310.003	    0.025	   19.997	    0.000	    0.000	    0.045	   -0.000	   -0.000	    2.264
 3493.082	-1600.527	  310.003	    0.025	   20.157	    0.000	    0.000	    0.000	   -0.000	   -0.000	    0.000
 3513.878	-1600.527	  310.003	    0.025	   20.796	    0.000	    0.000	    0.000	   -0.000	   -0.000	    0.000
 3531.826	-1600.527	  310.003	    0.025	   17.948	    0.000	    0.000	    0.000	   -0.000	   -0.000	    0.000
 3552.160	-1600.527	  310.003	    0.025	   20.334	    0.000	    0.000	    0.000	   -0.000	   -0.000	    0.000
 3571.004	-1600.527	  310.003	    0.025	   18.844	    0.000	    0.000	    0.000	   -0.000	   -0.000	    0.000
 3594.584	-1600.527	  310.003	    0.025	   23.580	    0.000	    0.000	    0.000	   -0.000	   -0.000	    0.000
 3610.448	-1600.527	  310.003	    0.025	   15.864	    0.000	    0.000	    0.000	   -0.000	   -0.000	    0.000
 3630.552	-1600.527	  310.003	    0.025	   20.104	    0.000	    0.000	    0.000	   -0.000	   -0.000	    0.000
 3652.251	-1600.527	  310.003	   -0.020	   21.699	    0.000	    0.000	   -0.045	   -0.000	   -0.000	   -2.087
 3672.257	-1600.527	  310.003	    0.025	   20.006	    0.000	    0.000	    0.045	   -0.000	   -0.000	    2.263
 3694.710	-1600.527	  310.003	    0.025	   22.453	    0.000	    0.000	    0.000	   -0.000	   -0.000	    0.000
 3711.880	-1600.527	  310.003	    0.025	   17.170	    0.000	    0.000	    0.000	   -0.000	   -0.000	    0.000
 3733.033	-1600.527	  310.003	    0.025	   21.153	    0.000	    0.000	    0.000	   -0.000	   -0.000	    0.000
 3753.340	-1600.527	  310.003	    0.025	   20.307	    0.000	    0.000	    0.000	   -0.000	   -0.000	    0.000
 3773.998	-1600.527	  310.003	    0.025	   20.658	    0.000	    0.000	    0.000	   -0.000	   -0.000	    0.000
 3796.157	-1600.527	  310.003	    0.025	   22.159	    0.000	    0.000	    0.000	   -0.000	   -0.000	    0.000
 3813.375	-1600.527	  310.003	    0.025	   17.218	    0.000	    0.000	    0.000	   -0.000	   -0.000	    0.000
 3833.575	-1600.527	  310.003	    0.025	   20.200	    0.000	    0.000	    0.000	   -0.000	   -0.000	    0.000
 3856.630	-1600.527	  310.003	    0.025	   23.055	    0.000	    0.000	    0.000	   -0.000	   -0.000	    0.000
 3880.055	-1600.527	  310.003	   -0.020	   23.425	    0.000	    0.000	   -0.045	   -0.000	   -0.000	   -1.933
 3893.613	-1600.527	  310.003	   -0.020	   13.558	    0.000	    0.000	    0.000	   -0.000	   -0.000	    0.000
 3913.494	-1600.527	  310.003	    0.025	   19.881	    0.000	    0.000	    0.045	   -0.000	   -0.000	    2.278
 3934.063	-1600.527	  310.003	    0.025	   20.569	    0.000	    0.000	    0.000	   -0.000	   -0.000	    0.000
 3952.009	-1600.527	  310.003	    0.025	   17.946	    0.000	    0.000	    0.000	   -0.000	   -0.000	    0.000
 3977.715	-1600.527	  310.003	    0.025	   25.706	    0.000	    0.000	    0.000	   -0.000	   -0.000	    0.000
 3993.235	-1600.527	  310.003	    0.025	   15.520	    0.000	    0.000	    0.000	   -0.000	   -0.000	    0.000
 4011.841	-1600.527	  310.003	    0.025	   18.606	    0.000	    0.000	    0.000	   -0.000	   -0.000	    0.000
 4034.752	-1600.527	  310.003	    0.025	   22.911	    0.000	    0.000	    0.000	   -0.000	   -0.000	    0.000
 4054.393	-1600.527	  310.003	    0.025	   19.641	    0.000	    0.000	    0.000	   -0.000	   -0.000	    0.000
 4075.082	-1600.527	  310.003	    0.025	   20.689	    0.000	    0.000	    0.000	   -0.000	   -0.000	    0.000
 4092.012	-1600.527	  310.003	    0.025	   16.930	    0.000	    0.000	    0.000	   -0.000	   -0.000	    0.000
 4113.375	-1600.527	  310.003	    0.025	   21.363	    0.000	    0.000	    0.000	   -0.000	   -0.000	    0.000
 4134.041	-1600.527	  310.003	    0.025	   20.666	    0.000	    0.000	    0.000	   -0.000	   -0.000	    0.000
 4154.050	-1600.527	  310.003	   -0.020	   20.009	    0.000	    0.000	   -0.045	   -0.000	   -0.000	   -2.263
 4173.775	-1600.527	  310.003	   -0.020	   19.725	    0.000	    0.000	    0.000	   -0.000	   -0.000	    0.000
 4193.788	-1600.527	  310.003	   -0.020	   20.013	    0.000	    0.000	    0.000	   -0.000	   -0.000	    0.000
 4214.300	-1600.527	  310.003	   -0.020	   20.512	    0.000	    0.000	    0.000	   -0.000	   -0.000	    0.000
 4235.422	-1600.527	  310.003	    0.025	   21.122	    0.000	    0.000	    0.045	   -0.000	   -0.000	    2.118
 4257.004	-1600.527	  310.003	    0.025	   21.582	    0.000	    0.000	    0.001	   -0.000	   -0.000	    0.025
 4273.833	-1600.527	  310.003	    0.025	   16.829	    0.000	    0.000	    0.000	   -0.000	   -0.000	    0.000
 4293.939	-1600.527	  310.003	   -0.020	   20.106	    0.000	    0.000	   -0.045	   -0.000	   -0.000	   -2.252
 4315.073	-1600.527	  310.003	    0.025	   21.133	    0.000	    0.000	    0.045	   -0.000	   -0.000	    2.143
 4335.762	-1600.527	  310.003	    0.025	   20.689	    0.000	    0.000	    0.000	   -0.000	   -0.000	    0.000
 4355.325	-1600.527	  310.003	    0.025	   19.563	    0.000	    0.000	    0.000	   -0.000	   -0.000	    0.000
 4373.713	-1600.527	  310.003	    0.025	   18.388	    0.000	    0.000	    0.000	   -0.000	   -0.000	    0.000
 4393.965	-1600.527	  310.003	    0.025	   20.252	    0.000	    0.000	    0.000	   -0.000	   -0.000	    0.000
 4413.871	-1600.527	  310.003	    0.025	   19.906	    0.000	    0.000	    0.000	   -0.000	   -0.000	    0.000
 4446.958	-1600.527	  310.003	   -0.020	   33.087	    0.000	    0.000	   -0.045	   -0.000	   -0.000	   -1.369
 4452.307	-1600.527	  310.003	   -0.020	    5.349	    0.000	    0.000	    0.000	   -0.000	   -0.000	    0.000
 4473.065	-1600.527	  310.003	   -0.020	   20.758	    0.000	    0.000	    0.000	   -0.000	   -0.000	    0.000
 4495.919	-1600.527	  310.003	    0.025	   22.854	    0.000	    0.000	    0.045	   -0.000	   -0.000	    1.981
 4514.844	-1569.345	  297.912	    2.309	   18.925	   31.183	  -12.091	    2.283	   33.445	 1767.243	  120.657
 4535.420	-1600.527	  310.003	    0.025	   20.576	  -31.183	   12.091	   -2.283	  -33.445	-1625.410	 -110.974
 4553.872	-1600.527	  310.003	    0.025	   18.452	    0.000	    0.000	    0.000	   -0.000	   -0.000	    0.000
 4574.293	-1600.527	  310.003	    0.025	   20.422	    0.000	    0.000	    0.000	   -0.000	   -0.000	    0.000
 4595.219	-1600.527	  310.003	    0.025	   20.925	    0.000	    0.000	    0.000	   -0.000	   -0.000	    0.000
 4612.465	-1600.527	  310.003	    0.025	   17.246	    0.000	    0.000	    0.000	   -0.000	   -0.000	    0.000
 4635.679	-1600.527	  310.003	    0.025	   23.214	    0.000	    0.000	    0.000	   -0.000	   -0.000	    0.000
 4653.766	-1600.527	  310.003	    0.025	   18.087	    0.000	    0.000	    0.000	   -0.000	   -0.000	    0.000
 4672.360	-1600.527	  310.003	    0.025	   18.594	    0.000	    0.000	    0.000	   -0.000	   -0.000	    0.000
 4692.332	-1600.527	  310.003	    0.025	   19.972	    0.000	    0.000	    0.000	   -0.000	   -0.000	    0.000
 4715.197	-1600.527	  310.003	    0.025	   22.865	    0.000	    0.000	    0.000	   -0.000	   -0.000	    0.000
 4734.534	-1600.527	  310.003	    0.025	   19.337	    0.000	    0.000	    0.000	   -0.000	   -0.000	    0.000
 4753.957	-1600.527	  310.003	   -0.020	   19.423	    0.000	    0.000	   -0.045	   -0.000	   -0.000	   -2.331
 4774.102	-1600.527	  310.003	    0.025	   20.145	    0.000	    0.000	    0.045	   -0.000	   -0.000	    2.248
 4794.765	-1600.527	  310.003	    0.025	   20.663	    0.000	    0.000	    0.000	   -0.000	   -0.000	    0.000
 4815.574	-1600.527	  310.003	    0.025	   20.809	    0.000	    0.000	    0.000	   -0.000	   -0.000	    0.000
 4833.812	-1600.527	  310.003	    0.025	   18.238	    0.000	    0.000	    0.000	   -0.000	   -0.000	    0.000
 4853.850	-1600.527	  310.003	   -0.020	   20.038	    0.000	    0.000	   -0.045	   -0.000	   -0.000	   -2.260
 4874.434	-1598.472	  311.422	   -0.367	   20.584	    2.056	    1.419	   -0.347	    2.498	  121.333	  -16.855
 4895.481	-1600.527	  310.003	    0.025	   21.048	   -2.056	   -1.419	    0.392	   -2.498	 -118.659	   18.635
 4913.772	-1600.527	  310.003	    0.025	   18.291	    0.000	    0.000	    0.000	   -0.000	   -0.000	    0.000
 4933.786	-1600.527	  310.003	    0.025	   20.013	    0.000	    0.000	    0.000	   -0.000	   -0.000	    0.000
 4954.158	-1600.527	  310.003	   -0.020	   20.372	    0.000	    0.000	   -0.045	   -0.000	   -0.000	   -2.223
 4974.009	-1600.527	  310.003	    0.025	   19.851	    0.000	    0.000	    0.045	   -0.000	   -0.000	    2.281
 4995.440	-1600.527	  310.003	    0.025	   21.431	    0.000	    0.000	    0.000	   -0.000	   -0.000	    0.000
 5013.960	-1600.527	  310.003	    0.025	   18.520	    0.000	    0.000	    0.000	   -0.000	   -0.000	    0.000
 5033.784	-1600.527	  310.003	    0.025	   19.824	    0.000	    0.000	    0.000	   -0.000	   -0.000	    0.000
 5054.202	-1600.527	  310.003	    0.025	   20.418	    0.000	    0.000	    0.000	   -0.000	   -0.000	    0.000
 5074.627	-1600.527	  310.003	    0.025	   20.425	    0.000	    0.000	    0.000	   -0.000	   -0.000	    0.000
 5095.468	-1600.527	  310.003	    0.025	   20.841	    0.000	    0.000	    0.000	   -0.000	   -0.000	    0.000
 5112.419	-1600.527	  310.003	    0.025	   16.952	    0.000	    0.000	    0.000	   -0.000	   -0.000	    0.000
 5133.443	-1600.527	  310.003	    0.025	   21.023	    0.000	    0.000	    0.000	   -0.000	   -0.000	    0.000
 5159.795	-1600.527	  310.003	    0.025	   26.352	    0.000	    0.000	    0.000	   -0.000	   -0.000	    0.000
 5180.872	-1600.527	  310.003	    0.025	   21.077	    0.000	    0.000	    0.000	   -0.000	   -0.000	    0.000
 5193.177	-1600.527	  310.003	    0.025	   12.305	    0.000	    0.000	    0.000	   -0.000	   -0.000	    0.000
 5214.718	-1600.527	  310.003	    0.025	   21.541	    0.000	    0.000	    0.000	   -0.000	   -0.000	    0.000
 5235.158	-1600.527	  310.003	    0.025	   20.440	    0.000	    0.000	   -0.001	   -0.000	   -0.000	   -0.027
 5254.729	-1600.527	  310.003	    0.025	   19.571	    0.000	    0.000	    0.001	   -0.000	   -0.000	    0.028
 5275.838	-1600.527	  310.003	    0.025	   21.109	    0.000	    0.000	    0.000	   -0.000	   -0.000	    0.000
 5294.903	-1600.527	  310.003	    0.025	   19.065	    0.000	    0.000	    0.000	   -0.000	   -0.000	    0.000
 5315.324	-1600.527	  310.003	    0.025	   20.421	    0.000	    0.000	    0.000	   -0.000	   -0.000	    0.000
 5335.009	-1600.527	  310.003	    0.025	   19.685	    0.000	    0.000	    0.000	   -0.000	   -0.000	    0.000
    0.000	    0.000	    0.000	    0.000	 5335.009	  144.179	   -3.458	    0.043	  167.182	28035.846	   27.406
