     Time	    Pos x	    Pos y	    Angle	Diff Time	Diff Posx	Diff Posy	Diff Angl	Diff Long	Rel Speed	Rel AnSpd	
     0.00	 -1347.23	  -537.59	    -0.02	     0.00	     0.00	     0.00	     0.00	     0.00	     0.00	     0.00
    19.91	 -1347.21	  -539.00	     0.03	    19.91	     0.02	    -1.41	     0.05	     1.41	   -70.83	     2.37
    40.35	 -1347.21	  -539.00	     0.05	    20.45	     0.00	     0.00	     0.02	     0.00	     0.00	     1.15
    61.25	 -1346.52	  -538.28	    -0.01	    20.90	     0.68	     0.71	    -0.06	     0.99	    47.31	    -2.83
    81.42	 -1347.21	  -539.00	     0.05	    20.16	    -0.68	    -0.71	     0.06	     0.99	   -49.05	     2.86
   101.44	 -1347.21	  -539.00	     0.05	    20.03	     0.00	     0.00	     0.00	     0.00	     0.00	     0.00
   121.47	 -1344.42	  -538.96	     0.05	    20.02	     2.78	     0.04	     0.00	     2.78	   138.96	     0.12
   142.14	 -1343.02	  -539.64	     0.06	    20.67	     1.40	    -0.68	     0.01	     1.56	    75.51	     0.58
   162.50	 -1341.66	  -537.51	     0.00	    20.37	     1.36	     2.13	    -0.06	     2.53	   124.17	    -2.91
   183.50	 -1338.86	  -538.87	     0.05	    21.00	     2.80	    -1.37	     0.05	     3.12	   148.64	     2.21
   202.79	 -1338.86	  -538.87	     0.05	    19.28	     0.00	     0.00	     0.00	     0.00	     0.00	     0.00
   222.85	 -1336.08	  -538.83	     0.05	    20.06	     2.78	     0.04	     0.00	     2.78	   138.69	     0.00
   242.44	 -1336.08	  -538.83	     0.05	    19.60	     0.00	     0.00	     0.00	     0.00	     0.00	     0.00
   262.41	 -1336.08	  -538.83	     0.05	    19.96	     0.00	     0.00	     0.00	     0.00	     0.00	     0.00
   283.21	 -1336.08	  -538.83	     0.05	    20.80	     0.00	     0.00	     0.00	     0.00	     0.00	     0.00
   302.91	 -1329.04	  -543.67	     0.25	    19.70	     7.03	    -4.83	     0.20	     8.54	   433.26	    10.30
   322.87	 -1325.67	  -537.27	     0.05	    19.96	     3.37	     6.39	    -0.20	     7.23	   362.10	   -10.26
   343.78	 -1318.76	  -534.35	    -0.88	    20.91	     6.91	     2.92	    -0.93	     7.50	   358.73	   -44.27
   364.27	 -1318.76	  -534.35	    -0.88	    20.49	     0.00	     0.00	     0.00	     0.00	     0.00	     0.00
   382.43	 -1318.76	  -534.35	    -0.88	    18.17	     0.00	     0.00	     0.00	     0.00	     0.00	     0.00
   402.81	 -1318.76	  -534.35	    -0.88	    20.38	     0.00	     0.00	     0.00	     0.00	     0.00	     0.00
   426.17	 -1311.03	  -539.18	     0.16	    23.36	     7.73	    -4.82	     1.04	     9.11	   389.98	    44.50
   446.27	 -1311.03	  -539.18	     0.16	    20.10	     0.00	     0.00	     0.00	     0.00	     0.00	     0.00
   465.25	 -1308.29	  -537.02	     0.09	    18.97	     2.75	     2.15	    -0.07	     3.49	   183.96	    -3.62
   482.96	 -1304.08	  -539.08	     0.13	    17.71	     4.21	    -2.05	     0.03	     4.68	   264.26	     1.89
   503.32	 -1299.89	  -540.43	     0.17	    20.36	     4.19	    -1.35	     0.04	     4.41	   216.41	     2.18
   524.16	 -1294.30	  -541.76	     0.20	    20.84	     5.58	    -1.33	     0.03	     5.74	   275.38	     1.44
   544.19	 -1291.63	  -535.37	     0.12	    20.03	     2.68	     6.38	    -0.09	     6.92	   345.49	    -4.27
   564.44	 -1287.45	  -536.02	     0.16	    20.25	     4.18	    -0.64	     0.04	     4.23	   209.02	     2.12
   583.04	 -1287.45	  -536.02	     0.16	    18.60	     0.00	     0.00	     0.00	     0.00	     0.00	     0.00
   603.52	 -1287.45	  -536.02	     0.16	    20.48	     0.00	     0.00	     0.00	     0.00	     0.00	     0.00
   624.76	 -1277.65	  -540.10	     0.22	    21.23	     9.80	    -4.09	     0.07	    10.62	   500.05	     3.08
   643.84	 -1277.65	  -540.10	     0.22	    19.08	     0.00	     0.00	     0.00	     0.00	     0.00	     0.00
   665.11	 -1277.65	  -540.10	     0.22	    21.27	     0.00	     0.00	     0.00	     0.00	     0.00	     0.00
   684.38	 -1268.71	  -534.34	     0.15	    19.26	     8.94	     5.77	    -0.07	    10.64	   552.31	    -3.81
   704.47	 -1263.80	  -537.08	     0.22	    20.09	     4.91	    -2.75	     0.07	     5.63	   280.14	     3.42
   724.46	 -1261.07	  -533.52	     0.16	    19.99	     2.72	     3.56	    -0.06	     4.48	   224.26	    -2.96
   744.44	 -1255.53	  -532.73	     0.16	    19.98	     5.55	     0.79	    -0.00	     5.60	   280.41	    -0.24
   764.34	 -1255.53	  -532.73	     0.16	    19.91	     0.00	     0.00	     0.00	     0.00	     0.00	     0.00
   784.31	 -1249.88	  -538.29	     0.27	    19.97	     5.65	    -5.56	     0.11	     7.93	   396.96	     5.66
   804.42	 -1244.32	  -538.21	     0.29	    20.11	     5.56	     0.08	     0.02	     5.56	   276.45	     1.12
   824.64	 -1241.66	  -531.12	     0.19	    20.22	     2.66	     7.09	    -0.10	     7.57	   374.46	    -4.82
   845.81	 -1234.71	  -531.02	     0.24	    21.17	     6.95	     0.10	     0.05	     6.95	   328.18	     2.17
   864.35	 -1234.71	  -531.02	     0.24	    18.54	     0.00	     0.00	     0.00	     0.00	     0.00	     0.00
   885.06	 -1230.49	  -533.78	     0.26	    20.71	     4.22	    -2.76	     0.02	     5.04	   243.24	     0.90
   905.21	 -1224.93	  -533.70	     0.31	    20.15	     5.56	     0.08	     0.05	     5.56	   275.85	     2.39
   924.95	 -1220.86	  -528.00	     0.20	    19.73	     4.07	     5.70	    -0.11	     7.01	   354.97	    -5.52
   945.78	 -1216.65	  -530.76	     0.29	    20.84	     4.22	    -2.76	     0.09	     5.04	   241.74	     4.49
   964.35	 -1216.65	  -530.76	     0.29	    18.57	     0.00	     0.00	     0.00	     0.00	     0.00	     0.00
   984.41	 -1211.09	  -530.68	     0.30	    20.06	     5.56	     0.08	     0.01	     5.56	   277.11	     0.46
  1005.23	 -1207.03	  -524.28	     0.20	    20.82	     4.06	     6.40	    -0.10	     7.58	   364.14	    -4.60
  1024.95	 -1199.95	  -531.93	     0.36	    19.72	     7.08	    -7.65	     0.15	    10.42	   528.54	     7.66
  1044.74	 -1199.95	  -531.93	     0.36	    19.79	     0.00	     0.00	     0.00	     0.00	     0.00	     0.00
  1064.65	 -1195.88	  -526.23	     0.33	    19.91	     4.07	     5.70	    -0.03	     7.00	   351.80	    -1.40
  1084.71	 -1190.41	  -521.21	     0.23	    20.05	     5.47	     5.01	    -0.10	     7.42	   370.17	    -4.82
  1105.33	 -1190.41	  -521.21	     0.23	    20.63	     0.00	     0.00	     0.00	     0.00	     0.00	     0.00
  1127.39	 -1179.23	  -524.57	     0.32	    22.06	    11.17	    -3.36	     0.09	    11.67	   528.87	     4.02
  1144.93	 -1179.23	  -524.57	     0.32	    17.54	     0.00	     0.00	     0.00	     0.00	     0.00	     0.00
  1165.50	 -1175.14	  -520.28	     0.29	    20.56	     4.10	     4.29	    -0.03	     5.93	   288.43	    -1.38
  1186.65	 -1170.97	  -520.22	     0.31	    21.15	     4.17	     0.06	     0.02	     4.17	   197.06	     0.73
  1206.61	 -1164.05	  -518.71	     0.29	    19.97	     6.92	     1.51	    -0.02	     7.08	   354.84	    -0.77
  1226.89	 -1160.66	  -513.73	     0.25	    20.27	     3.39	     4.98	    -0.04	     6.03	   297.30	    -2.02
  1244.93	 -1160.66	  -513.73	     0.25	    18.04	     0.00	     0.00	     0.00	     0.00	     0.00	     0.00
  1265.46	 -1154.35	  -517.16	     0.33	    20.53	     6.31	    -3.43	     0.08	     7.18	   349.91	     3.77
  1286.21	 -1148.88	  -512.15	     0.30	    20.75	     5.47	     5.02	    -0.03	     7.42	   357.68	    -1.23
  1306.44	 -1144.72	  -511.38	     0.30	    20.23	     4.16	     0.77	     0.00	     4.23	   208.87	     0.09
  1325.66	 -1144.72	  -511.38	     0.30	    19.22	     0.00	     0.00	     0.00	     0.00	     0.00	     0.00
  1345.26	 -1140.60	  -508.50	     0.29	    19.60	     4.12	     2.88	    -0.02	     5.03	   256.43	    -0.95
  1365.12	 -1133.64	  -509.10	     0.32	    19.86	     6.96	    -0.60	     0.03	     6.98	   351.67	     1.52
  1386.28	 -1129.54	  -505.52	     0.29	    21.16	     4.11	     3.59	    -0.03	     5.45	   257.62	    -1.42
  1406.62	 -1125.37	  -505.45	     0.33	    20.34	     4.17	     0.06	     0.04	     4.17	   204.94	     2.08
  1425.03	 -1125.37	  -505.45	     0.33	    18.42	     0.00	     0.00	     0.00	     0.00	     0.00	     0.00
  1445.03	 -1118.47	  -502.53	     0.30	    19.99	     6.90	     2.92	    -0.03	     7.49	   374.69	    -1.51
  1465.29	 -1112.89	  -503.86	     0.36	    20.26	     5.58	    -1.33	     0.07	     5.74	   283.16	     3.24
  1485.21	 -1107.38	  -500.96	     0.34	    19.93	     5.51	     2.90	    -0.02	     6.23	   312.40	    -1.08
  1506.12	 -1103.18	  -503.01	     0.41	    20.91	     4.20	    -2.05	     0.07	     4.68	   223.74	     3.14
  1524.98	 -1103.18	  -503.01	     0.41	    18.85	     0.00	     0.00	     0.00	     0.00	     0.00	     0.00
  1545.22	 -1096.31	  -498.68	     0.35	    20.25	     6.87	     4.33	    -0.05	     8.13	   401.32	    -2.70
  1565.23	 -1092.13	  -499.32	     0.42	    20.01	     4.18	    -0.64	     0.06	     4.23	   211.32	     3.24
  1585.69	 -1086.59	  -497.83	     0.44	    20.45	     5.53	     1.49	     0.03	     5.73	   280.19	     1.31
  1605.03	 -1086.59	  -497.83	     0.44	    19.34	     0.00	     0.00	     0.00	     0.00	     0.00	     0.00
  1625.02	 -1082.51	  -492.83	     0.41	    20.00	     4.08	     5.00	    -0.04	     6.45	   322.67	    -1.84
  1646.26	 -1082.51	  -492.83	     0.41	    21.23	     0.00	     0.00	     0.00	     0.00	     0.00	     0.00
  1666.91	 -1071.43	  -490.55	     0.43	    20.65	    11.08	     2.28	     0.02	    11.31	   547.63	     0.90
  1687.71	 -1065.92	  -487.65	     0.39	    20.80	     5.51	     2.90	    -0.03	     6.23	   299.36	    -1.60
  1706.76	 -1065.92	  -487.65	     0.39	    19.05	     0.00	     0.00	     0.00	     0.00	     0.00	     0.00
  1726.80	 -1061.78	  -486.18	     0.41	    20.03	     4.14	     1.47	     0.01	     4.40	   219.54	     0.63
  1746.83	 -1033.01	  -461.76	    -0.87	    20.04	    28.77	    24.42	    -1.28	    37.73	 -1883.09	   -63.76
  1766.73	 -1052.13	  -481.80	     0.43	    19.90	   -19.12	   -20.04	     1.30	    27.70	 -1392.05	    65.26
  1787.71	 -1026.18	  -454.60	    -0.97	    20.98	    25.94	    27.20	    -1.39	    37.59	 -1791.89	   -66.47
  1806.81	 -1026.18	  -454.60	    -0.97	    19.11	     0.00	     0.00	     0.00	     0.00	     0.00	     0.00
  1826.76	 -1041.07	  -478.11	     0.42	    19.95	   -14.89	   -23.51	     1.39	    27.82	 -1394.86	    69.83
  1847.18	 -1036.97	  -473.82	     0.37	    20.42	     4.10	     4.29	    -0.06	     5.93	   290.57	    -2.85
  1867.50	 -1030.76	  -471.61	     0.40	    20.32	     6.22	     2.21	     0.03	     6.60	   324.75	     1.51
  1888.19	 -1024.51	  -470.81	     0.43	    20.69	     6.24	     0.80	     0.04	     6.29	   304.21	     1.77
  1907.09	 -1024.51	  -470.81	     0.43	    18.90	     0.00	     0.00	     0.00	     0.00	     0.00	     0.00
  1927.27	 -1018.92	  -472.84	     0.50	    20.18	     5.60	    -2.03	     0.06	     5.95	   294.98	     3.08
  1947.99	 -1014.13	  -468.53	     0.46	    20.71	     4.79	     4.30	    -0.04	     6.44	   310.98	    -1.72
  1968.12	 -1009.31	  -465.64	     0.47	    20.13	     4.82	     2.90	     0.01	     5.62	   279.14	     0.74
  1987.15	 -1009.31	  -465.64	     0.47	    19.03	     0.00	     0.00	     0.00	     0.00	     0.00	     0.00
  2007.06	 -1005.16	  -464.16	     0.47	    19.91	     4.15	     1.47	    -0.01	     4.40	   221.01	    -0.45
  2027.10	 -1001.07	  -459.87	     0.45	    20.04	     4.10	     4.30	    -0.02	     5.94	   296.19	    -0.99
  2047.27	  -995.55	  -456.96	     0.43	    20.17	     5.51	     2.91	    -0.01	     6.23	   308.93	    -0.56
  2070.11	  -995.55	  -456.96	     0.43	    22.84	     0.00	     0.00	     0.00	     0.00	     0.00	     0.00
  2087.23	  -989.99	  -456.88	     0.48	    17.12	     5.56	     0.09	     0.04	     5.56	   324.88	     2.37
  2107.21	  -984.48	  -453.97	     0.49	    19.97	     5.51	     2.91	     0.01	     6.23	   312.02	     0.50
  2127.15	  -978.94	  -452.47	     0.52	    19.94	     5.54	     1.50	     0.04	     5.74	   287.66	     1.99
  2147.80	  -974.84	  -448.18	     0.46	    20.65	     4.10	     4.30	    -0.06	     5.94	   287.60	    -2.90
  2168.47	  -974.84	  -448.18	     0.46	    20.68	     0.00	     0.00	     0.00	     0.00	     0.00	     0.00
  2187.13	  -969.33	  -445.27	     0.48	    18.66	     5.51	     2.91	     0.01	     6.23	   334.13	     0.56
  2207.57	  -963.79	  -443.77	     0.51	    20.44	     5.54	     1.50	     0.03	     5.74	   280.78	     1.46
  2228.05	  -959.69	  -439.47	     0.48	    20.48	     4.10	     4.30	    -0.03	     5.94	   289.99	    -1.48
  2248.36	  -955.57	  -436.59	     0.47	    20.31	     4.12	     2.89	    -0.01	     5.03	   247.84	    -0.49
  2267.16	  -955.57	  -436.59	     0.47	    18.80	     0.00	     0.00	     0.00	     0.00	     0.00	     0.00
  2287.08	  -948.63	  -435.07	     0.52	    19.92	     6.93	     1.52	     0.05	     7.10	   356.26	     2.64
  2307.13	  -944.48	  -433.59	     0.53	    20.05	     4.15	     1.48	     0.01	     4.40	   219.70	     0.37
  2328.20	  -938.95	  -431.38	     0.53	    21.07	     5.53	     2.20	     0.00	     5.95	   282.50	     0.05
  2348.40	  -936.26	  -426.40	     0.51	    20.20	     2.70	     4.98	    -0.02	     5.67	   280.57	    -1.02
  2367.22	  -936.26	  -426.40	     0.51	    18.82	     0.00	     0.00	     0.00	     0.00	     0.00	     0.00
  2387.71	  -930.03	  -424.18	     0.54	    20.49	     6.23	     2.22	     0.03	     6.61	   322.58	     1.69
  2407.89	  -926.60	  -421.31	     0.51	    20.18	     3.43	     2.88	    -0.04	     4.48	   221.93	    -1.74
  2429.11	  -919.68	  -419.08	     0.53	    21.22	     6.92	     2.23	     0.02	     7.27	   342.68	     1.04
  2449.13	  -914.13	  -417.58	     0.57	    20.02	     5.54	     1.50	     0.05	     5.74	   286.84	     2.36
  2467.82	  -914.13	  -417.58	     0.57	    18.68	     0.00	     0.00	     0.00	     0.00	     0.00	     0.00
  2488.77	  -910.03	  -413.28	     0.56	    20.95	     4.10	     4.30	    -0.02	     5.94	   283.73	    -0.90
  2509.34	  -905.90	  -410.39	     0.53	    20.57	     4.13	     2.89	    -0.03	     5.04	   244.94	    -1.47
  2529.25	  -899.64	  -410.29	     0.59	    19.91	     6.27	     0.10	     0.07	     6.27	   314.79	     3.36
  2548.00	  -899.64	  -410.29	     0.59	    18.75	     0.00	     0.00	     0.00	     0.00	     0.00	     0.00
  2568.50	  -894.86	  -404.56	     0.57	    20.49	     4.78	     5.73	    -0.03	     7.46	   363.83	    -1.23
  2588.60	  -890.71	  -403.08	     0.56	    20.10	     4.15	     1.48	    -0.01	     4.41	   219.36	    -0.57
  2608.54	  -886.59	  -399.48	     0.58	    19.94	     4.12	     3.60	     0.02	     5.47	   274.27	     1.06
  2628.70	  -881.03	  -398.68	     0.59	    20.16	     5.56	     0.80	     0.01	     5.62	   278.62	     0.47
  2648.59	  -881.03	  -398.68	     0.59	    19.89	     0.00	     0.00	     0.00	     0.00	     0.00	     0.00
  2668.74	  -876.97	  -391.55	     0.56	    20.16	     4.06	     7.13	    -0.03	     8.20	   406.98	    -1.52
  2689.03	  -871.37	  -392.88	     0.62	    20.29	     5.60	    -1.32	     0.06	     5.75	   283.52	     3.04
  2710.15	  -865.87	  -388.55	     0.62	    21.12	     5.50	     4.33	     0.00	     7.00	   331.46	     0.00
  2730.25	  -861.09	  -382.82	     0.57	    20.09	     4.78	     5.73	    -0.04	     7.46	   371.36	    -2.20
  2749.41	  -861.09	  -382.82	     0.57	    19.16	     0.00	     0.00	     0.00	     0.00	     0.00	     0.00
  2770.01	  -857.65	  -380.64	     0.62	    20.60	     3.45	     2.18	     0.05	     4.08	   197.92	     2.31
  2790.07	  -851.40	  -379.12	     0.65	    20.06	     6.25	     1.52	     0.03	     6.43	   320.59	     1.27
  2810.24	  -848.67	  -375.54	     0.62	    20.17	     2.73	     3.58	    -0.02	     4.50	   223.08	    -1.11
  2829.94	  -848.67	  -375.54	     0.62	    19.70	     0.00	     0.00	     0.00	     0.00	     0.00	     0.00
  2849.40	  -843.84	  -372.64	     0.64	    19.46	     4.83	     2.91	     0.02	     5.64	   289.76	     1.02
  2869.43	  -839.03	  -368.31	     0.64	    20.03	     4.81	     4.32	    -0.01	     6.46	   322.76	    -0.33
  2890.14	  -834.20	  -365.41	     0.65	    20.72	     4.83	     2.91	     0.01	     5.64	   272.28	     0.58
  2910.83	  -831.48	  -361.12	     0.62	    20.69	     2.72	     4.29	    -0.03	     5.08	   245.32	    -1.23
  2929.44	  -831.48	  -361.12	     0.62	    18.61	     0.00	     0.00	     0.00	     0.00	     0.00	     0.00
  2949.55	  -825.26	  -357.48	     0.63	    20.11	     6.22	     3.64	     0.00	     7.20	   358.24	     0.20
  2970.42	  -820.42	  -355.27	     0.65	    20.87	     4.85	     2.20	     0.03	     5.32	   255.18	     1.27
  2991.19	  -814.88	  -352.35	     0.66	    20.78	     5.53	     2.92	     0.00	     6.26	   301.19	     0.17
  3011.05	  -810.72	  -350.87	     0.68	    19.86	     4.16	     1.49	     0.03	     4.42	   222.60	     1.37
  3029.52	  -810.72	  -350.87	     0.68	    18.46	     0.00	     0.00	     0.00	     0.00	     0.00	     0.00
  3049.84	  -806.66	  -343.72	     0.66	    20.33	     4.06	     7.14	    -0.03	     8.22	   404.26	    -1.33
  3069.87	  -801.79	  -342.23	     0.67	    20.03	     4.86	     1.50	     0.02	     5.09	   254.08	     0.81
  3090.09	  -796.98	  -337.90	     0.68	    20.21	     4.81	     4.33	     0.01	     6.47	   320.24	     0.34
  3110.53	  -796.98	  -337.90	     0.68	    20.44	     0.00	     0.00	     0.00	     0.00	     0.00	     0.00
  3129.53	  -791.44	  -334.97	     0.71	    19.00	     5.54	     2.93	     0.03	     6.26	   329.65	     1.68
  3149.11	  -791.44	  -334.97	     0.71	    19.57	     0.00	     0.00	     0.00	     0.00	     0.00	     0.00
  3169.09	  -791.44	  -334.97	     0.71	    19.98	     0.00	     0.00	     0.00	     0.00	     0.00	     0.00
  3190.69	  -780.44	  -324.87	     0.73	    21.60	    11.01	    10.10	     0.01	    14.94	   691.47	     0.68
  3209.56	  -780.44	  -324.87	     0.73	    18.87	     0.00	     0.00	     0.00	     0.00	     0.00	     0.00
  3229.67	  -776.32	  -320.55	     0.68	    20.11	     4.12	     4.32	    -0.05	     5.97	   296.76	    -2.53
  3249.86	  -772.17	  -317.65	     0.73	    20.20	     4.14	     2.90	     0.05	     5.06	   250.57	     2.65
  3270.56	  -765.22	  -315.40	     0.77	    20.70	     6.95	     2.25	     0.04	     7.31	   352.98	     1.86
  3289.98	  -763.93	  -309.01	     0.70	    19.42	     1.29	     6.39	    -0.07	     6.52	   335.83	    -3.61
  3310.05	  -763.93	  -309.01	     0.70	    20.07	     0.00	     0.00	     0.00	     0.00	     0.00	     0.00
  3330.45	  -758.37	  -306.78	     0.75	    20.40	     5.56	     2.22	     0.05	     5.99	   293.38	     2.50
  3350.44	  -755.66	  -301.78	     0.75	    19.99	     2.71	     5.01	    -0.00	     5.69	   284.76	    -0.13
  3370.59	  -750.12	  -298.85	     0.78	    20.15	     5.55	     2.93	     0.03	     6.27	   311.38	     1.44
  3390.02	  -750.12	  -298.85	     0.78	    19.43	     0.00	     0.00	     0.00	     0.00	     0.00	     0.00
  3410.02	  -745.97	  -295.94	     0.79	    20.00	     4.15	     2.91	     0.02	     5.07	   253.37	     0.85
  3430.76	  -742.54	  -291.63	     0.79	    20.74	     3.43	     4.31	    -0.01	     5.51	   265.54	    -0.35
  3451.00	  -739.12	  -287.31	     0.79	    20.24	     3.42	     4.31	     0.01	     5.51	   272.17	     0.36
  3471.94	  -734.97	  -284.40	     0.78	    20.94	     4.15	     2.91	    -0.02	     5.07	   242.06	    -0.76
  3490.76	  -734.97	  -284.40	     0.78	    18.82	     0.00	     0.00	     0.00	     0.00	     0.00	     0.00
  3512.06	  -730.84	  -280.07	     0.78	    21.30	     4.13	     4.33	    -0.00	     5.98	   280.75	    -0.05
  3532.03	  -727.41	  -275.76	     0.80	    19.98	     3.43	     4.32	     0.03	     5.51	   275.89	     1.27
  3552.53	  -722.58	  -271.42	     0.79	    20.50	     4.83	     4.34	    -0.01	     6.49	   316.77	    -0.41
  3572.48	  -718.43	  -268.50	     0.83	    19.95	     4.15	     2.91	     0.03	     5.07	   254.34	     1.64
  3590.78	  -718.43	  -268.50	     0.83	    18.30	     0.00	     0.00	     0.00	     0.00	     0.00	     0.00
  3610.79	  -714.27	  -265.59	     0.84	    20.01	     4.15	     2.91	     0.02	     5.07	   253.61	     0.84
  3631.61	  -711.59	  -258.45	     0.79	    20.82	     2.68	     7.14	    -0.05	     7.63	   366.35	    -2.38
  3651.85	  -707.44	  -255.53	     0.83	    20.24	     4.16	     2.92	     0.03	     5.08	   250.75	     1.64
  3671.82	  -707.44	  -255.53	     0.83	    19.97	     0.00	     0.00	     0.00	     0.00	     0.00	     0.00
  3690.32	  -707.44	  -255.53	     0.83	    18.50	     0.00	     0.00	     0.00	     0.00	     0.00	     0.00
  3710.94	  -700.53	  -249.02	     0.83	    20.62	     6.90	     6.51	     0.01	     9.49	   460.28	     0.36
  3732.00	  -696.44	  -242.56	     0.83	    21.06	     4.10	     6.46	    -0.01	     7.65	   363.34	    -0.38
  3751.58	  -693.68	  -239.67	     0.83	    19.57	     2.76	     2.89	     0.00	     3.99	   204.08	     0.00
  3771.06	  -693.68	  -239.67	     0.83	    19.48	     0.00	     0.00	     0.00	     0.00	     0.00	     0.00
  3791.22	  -688.12	  -236.72	     0.88	    20.16	     5.56	     2.95	     0.05	     6.29	   312.20	     2.48
  3811.00	  -685.37	  -233.12	     0.88	    19.78	     2.75	     3.60	     0.01	     4.53	   228.98	     0.27
  3830.98	  -679.84	  -228.04	     0.90	    19.98	     5.53	     5.08	     0.02	     7.51	   375.60	     0.78
  3852.10	  -678.52	  -223.05	     0.90	    21.12	     1.32	     4.99	     0.00	     5.17	   244.59	     0.08
  3870.96	  -678.52	  -223.05	     0.90	    18.85	     0.00	     0.00	     0.00	     0.00	     0.00	     0.00
  3891.92	  -674.39	  -218.00	     0.89	    20.96	     4.13	     5.05	    -0.00	     6.52	   311.16	    -0.22
  3912.06	  -671.63	  -215.10	     0.86	    20.14	     2.76	     2.89	    -0.04	     4.00	   198.67	    -1.82
  3931.92	  -666.79	  -210.74	     0.92	    19.86	     4.84	     4.36	     0.06	     6.51	   327.93	     3.06
  3952.16	  -664.05	  -206.43	     0.90	    20.24	     2.74	     4.32	    -0.02	     5.11	   252.52	    -0.89
  3971.58	  -664.05	  -206.43	     0.90	    19.42	     0.00	     0.00	     0.00	     0.00	     0.00	     0.00
  3991.11	  -650.51	  -174.17	    -0.55	    19.53	    13.54	    32.26	    -1.45	    34.99	 -1791.79	   -74.13
  4012.12	  -657.87	  -197.78	     0.92	    21.02	    -7.36	   -23.61	     1.47	    24.73	 -1176.84	    69.99
  4033.04	  -657.87	  -197.78	     0.92	    20.92	     0.00	     0.00	     0.00	     0.00	     0.00	     0.00
  4051.10	  -653.72	  -193.43	     0.91	    18.06	     4.15	     4.35	    -0.01	     6.01	   332.62	    -0.80
  4071.40	  -652.41	  -187.72	     0.89	    20.30	     1.31	     5.71	    -0.02	     5.86	   288.67	    -0.87
  4091.87	  -646.84	  -184.76	     0.93	    20.47	     5.57	     2.96	     0.04	     6.31	   308.31	     1.76
  4112.65	  -643.39	  -180.43	     0.92	    20.78	     3.45	     4.34	    -0.01	     5.54	   266.64	    -0.26
  4132.87	  -639.92	  -177.51	     0.97	    20.22	     3.47	     2.92	     0.05	     4.53	   224.02	     2.32
  4151.69	  -639.92	  -177.51	     0.97	    18.82	     0.00	     0.00	     0.00	     0.00	     0.00	     0.00
  4171.45	  -637.20	  -171.77	     0.97	    19.76	     2.72	     5.74	     0.00	     6.36	   321.70	     0.00
  4192.08	  -633.07	  -165.99	     0.94	    20.63	     4.13	     5.78	    -0.03	     7.10	   344.12	    -1.31
  4211.72	  -628.92	  -161.63	     0.98	    19.63	     4.15	     4.36	     0.04	     6.02	   306.43	     2.23
  4232.81	  -627.58	  -157.34	     0.97	    21.09	     1.34	     4.30	    -0.01	     4.50	   213.38	    -0.54
  4251.53	  -627.58	  -157.34	     0.97	    18.72	     0.00	     0.00	     0.00	     0.00	     0.00	     0.00
  4273.13	  -623.43	  -152.98	     0.99	    21.60	     4.15	     4.36	     0.02	     6.02	   278.69	     0.88
  4293.18	  -622.09	  -148.68	     0.97	    20.05	     1.34	     4.30	    -0.02	     4.50	   224.53	    -0.95
  4313.99	  -617.93	  -144.32	     1.02	    20.81	     4.15	     4.36	     0.04	     6.02	   289.40	     2.13
  4331.48	  -617.93	  -144.32	     1.02	    17.49	     0.00	     0.00	     0.00	     0.00	     0.00	     0.00
  4351.53	  -615.21	  -138.57	     0.99	    20.04	     2.73	     5.75	    -0.03	     6.37	   317.67	    -1.56
  4372.84	  -611.75	  -134.22	     1.01	    21.31	     3.45	     4.35	     0.03	     5.55	   260.52	     1.33
  4392.89	  -609.73	  -128.48	     0.99	    20.05	     2.02	     5.74	    -0.02	     6.09	   303.50	    -1.12
  4412.87	  -606.98	  -124.15	     0.98	    19.98	     2.75	     4.33	    -0.01	     5.13	   256.97	    -0.38
  4431.75	  -606.98	  -124.15	     0.98	    18.88	     0.00	     0.00	     0.00	     0.00	     0.00	     0.00
  4451.92	  -600.68	  -121.16	     1.09	    20.16	     6.30	     2.99	     0.10	     6.97	   345.60	     5.03
  4472.30	  -600.68	  -121.16	     1.09	    20.39	     0.00	     0.00	     0.00	     0.00	     0.00	     0.00
  4492.83	  -595.90	  -111.08	     1.06	    20.53	     4.78	    10.08	    -0.02	    11.16	   543.50	    -1.07
  4513.41	  -593.15	  -106.74	     1.05	    20.58	     2.75	     4.34	    -0.01	     5.14	   249.69	    -0.59
  4531.59	  -593.15	  -106.74	     1.05	    18.18	     0.00	     0.00	     0.00	     0.00	     0.00	     0.00
  4552.76	  -593.15	  -106.74	     1.05	    21.17	     0.00	     0.00	     0.00	     0.00	     0.00	     0.00
  4573.33	  -589.09	   -95.24	     1.03	    20.57	     4.06	    11.50	    -0.02	    12.19	   592.83	    -0.99
  4593.45	  -586.33	   -90.90	     1.03	    20.12	     2.76	     4.34	    -0.00	     5.14	   255.61	    -0.00
  4611.74	  -586.33	   -90.90	     1.03	    18.29	     0.00	     0.00	     0.00	     0.00	     0.00	     0.00
  4633.46	  -583.60	   -85.13	     1.07	    21.72	     2.74	     5.77	     0.04	     6.38	   293.90	     1.65
  4653.52	  -580.84	   -80.79	     1.08	    20.06	     2.76	     4.34	     0.01	     5.15	   256.47	     0.42
  4673.42	  -576.70	   -74.27	     1.09	    19.90	     4.14	     6.52	     0.01	     7.72	   387.94	     0.63
  4693.37	  -575.36	   -69.24	     1.08	    19.94	     1.34	     5.03	    -0.01	     5.20	   260.86	    -0.63
  4711.52	  -575.36	   -69.24	     1.08	    18.15	     0.00	     0.00	     0.00	     0.00	     0.00	     0.00
  4732.96	  -572.60	   -64.90	     1.08	    21.44	     2.76	     4.35	     0.01	     5.15	   240.10	     0.42
  4752.93	  -572.69	   -59.19	     1.04	    19.97	    -0.08	     5.71	    -0.04	     5.71	   285.92	    -2.05
  4772.86	  -572.69	   -59.19	     1.04	    19.94	     0.00	     0.00	     0.00	     0.00	     0.00	     0.00
  4794.03	  -638.17	  -109.89	     0.83	    21.17	   -65.48	   -50.71	    -0.21	    82.82	 -3912.95	    -9.95
  4812.27	  -638.17	  -109.89	     0.83	    18.24	     0.00	     0.00	     0.00	     0.00	     0.00	     0.00
  4832.48	  -560.87	   -46.05	     1.15	    20.20	    77.30	    63.85	     0.32	   100.26	  4962.85	    15.63
  4853.12	  -560.87	   -46.05	     1.15	    20.64	     0.00	     0.00	     0.00	     0.00	     0.00	     0.00
  4873.03	  -560.26	   -38.89	     1.11	    19.91	     0.60	     7.16	    -0.04	     7.18	   360.87	    -2.17
  4892.29	  -560.32	   -34.60	     1.08	    19.26	    -0.06	     4.29	    -0.02	     4.29	   222.54	    -1.10
  4912.22	  -557.58	   -28.82	     1.08	    19.93	     2.75	     5.78	    -0.01	     6.40	   321.27	    -0.45
  4932.59	  -557.58	   -28.82	     1.08	    20.37	     0.00	     0.00	     0.00	     0.00	     0.00	     0.00
  4953.38	  -550.55	   -25.79	     1.18	    20.79	     7.03	     3.03	     0.11	     7.65	   368.14	     5.11
  4973.77	  -618.95	   -77.40	     0.88	    20.39	   -68.40	   -51.61	    -0.30	    85.69	 -4202.92	   -14.65
  4992.33	  -618.95	   -77.40	     0.88	    18.56	     0.00	     0.00	     0.00	     0.00	     0.00	     0.00
  5012.32	  -545.13	    -8.49	     1.14	    19.99	    73.82	    68.91	     0.25	   100.99	  5052.21	    12.75
  5033.19	  -545.13	    -8.49	     1.14	    20.87	     0.00	     0.00	     0.00	     0.00	     0.00	     0.00
  5052.75	  -543.78	    -4.16	     1.15	    19.57	     1.36	     4.33	     0.01	     4.53	   231.78	     0.58
  5074.72	  -538.88	     0.26	     1.19	    21.96	     4.89	     4.42	     0.04	     6.59	   300.13	     1.99
  5092.25	  -538.25	     6.00	     1.18	    17.54	     0.63	     5.74	    -0.01	     5.78	   329.39	    -0.80
  5112.34	  -535.50	    11.80	     1.18	    20.09	     2.75	     5.80	     0.00	     6.42	   319.57	     0.14
  5134.12	  -535.50	    11.80	     1.18	    21.78	     0.00	     0.00	     0.00	     0.00	     0.00	     0.00
  5152.98	  -534.16	    17.56	     1.16	    18.86	     1.34	     5.76	    -0.02	     5.92	   313.71	    -1.18
  5172.36	  -531.39	    21.93	     1.19	    19.38	     2.77	     4.37	     0.03	     5.18	   267.13	     1.63
  5192.55	  -528.63	    27.74	     1.19	    20.20	     2.76	     5.80	    -0.00	     6.42	   318.14	    -0.00
  5213.22	  -528.63	    27.74	     1.19	    20.67	     0.00	     0.00	     0.00	     0.00	     0.00	     0.00
  5232.97	  -527.28	    32.79	     1.22	    19.75	     1.35	     5.05	     0.03	     5.23	   264.76	     1.34
  5254.76	  -524.59	    43.61	     1.18	    21.79	     2.69	    10.82	    -0.04	    11.15	   511.80	    -1.65
  5272.45	  -524.59	    43.61	     1.18	    17.69	     0.00	     0.00	     0.00	     0.00	     0.00	     0.00
  5292.53	  -521.82	    48.71	     1.20	    20.08	     2.77	     5.09	     0.02	     5.80	   288.78	     0.89
  5312.74	  -521.82	    48.71	     1.20	    20.20	     0.00	     0.00	     0.00	     0.00	     0.00	     0.00
  5334.02	  -516.29	    59.62	     1.22	    21.29	     5.53	    10.91	     0.02	    12.23	   574.57	     0.87
  5354.26	  -516.29	    59.62	     1.22	    20.23	     0.00	     0.00	     0.00	     0.00	     0.00	     0.00
  5372.73	  -517.78	    65.32	     1.23	    18.47	    -1.49	     5.70	     0.01	     5.89	   318.97	     0.50
  5393.30	  -517.78	    65.32	     1.23	    20.57	     0.00	     0.00	     0.00	     0.00	     0.00	     0.00
  5413.38	  -512.23	    75.52	     1.18	    20.08	     5.54	    10.20	    -0.04	    11.61	   578.30	    -2.14
  5433.86	  -512.23	    75.52	     1.18	    20.47	     0.00	     0.00	     0.00	     0.00	     0.00	     0.00
  5452.56	  -508.75	    80.64	     1.21	    18.71	     3.48	     5.12	     0.03	     6.20	   331.22	     1.53
  5473.94	  -489.12	   101.07	    -2.93	    21.37	    19.63	    20.43	    -4.15	    28.33	 -1325.29	  -193.99
  5494.07	  -487.75	   105.41	    -2.95	    20.13	     1.37	     4.34	    -0.02	     4.55	  -226.00	    -0.85
  5513.22	  -487.75	   105.41	    -2.95	    19.15	     0.00	     0.00	     0.00	     0.00	    -0.00	     0.00
  5533.90	  -486.35	   106.89	    -3.06	    20.68	     1.40	     1.48	    -0.11	     2.04	   -98.50	    -5.54
  5552.53	  -483.54	   109.83	    -3.14	    18.62	     2.81	     2.94	    -0.07	     4.07	  -218.44	    -3.87
  5572.36	  -483.54	   109.83	    -3.14	    19.84	     0.00	     0.00	     0.00	     0.00	    -0.00	     0.00
  5592.49	  -483.54	   109.83	    -3.14	    20.12	     0.00	     0.00	     0.00	     0.00	    -0.00	     0.00
  5612.38	  -483.54	   109.83	    -3.14	    19.89	     0.00	     0.00	     0.00	     0.00	    -0.00	     0.00
  5634.64	  -497.88	   122.92	    -2.19	    22.26	   -14.34	    13.09	     0.94	    19.41	  -871.97	    42.39
