     Time	    Pos x	    Pos y	    Angle	Diff Time	Diff Posx	Diff Posy	Diff Angl	Diff Long	Rel Speed	Rel AnSpd	
     0.00	 -1347.18	  -540.41	     0.00	     0.00	     0.00	     0.00	     0.00	     0.00	     0.00	     0.00
    20.41	 -1341.60	  -541.73	     0.03	    20.41	     5.59	    -1.33	     0.02	     5.74	   281.35	     1.10
    41.90	 -1337.45	  -540.26	     0.03	    21.48	     4.15	     1.47	     0.00	     4.40	   204.91	     0.00
    61.85	 -1331.85	  -542.30	     0.06	    19.95	     5.60	    -2.03	     0.03	     5.96	   298.52	     1.74
    80.49	 -1331.85	  -542.30	     0.06	    18.64	     0.00	     0.00	     0.00	     0.00	     0.00	     0.00
   100.03	 -1331.85	  -542.30	     0.06	    19.54	     0.00	     0.00	     0.00	     0.00	     0.00	     0.00
   120.47	 -1319.37	  -540.00	     0.08	    20.44	    12.48	     2.30	     0.02	    12.69	   620.88	     0.77
   141.64	 -1313.80	  -539.92	     0.07	    21.17	     5.56	     0.08	    -0.01	     5.56	   262.73	    -0.26
   160.46	 -1313.80	  -539.92	     0.07	    18.82	     0.00	     0.00	     0.00	     0.00	     0.00	     0.00
   181.66	 -1305.45	  -540.51	     0.08	    21.20	     8.35	    -0.58	     0.01	     8.37	   394.98	     0.60
   201.81	 -1297.12	  -539.68	     0.07	    20.15	     8.33	     0.83	    -0.01	     8.37	   415.51	    -0.63
   221.94	 -1290.17	  -539.58	     0.07	    20.14	     6.95	     0.10	     0.00	     6.95	   345.21	     0.06
   242.47	 -1290.17	  -539.58	     0.07	    20.53	     0.00	     0.00	     0.00	     0.00	     0.00	     0.00
   260.98	 -1290.17	  -539.58	     0.07	    18.50	     0.00	     0.00	     0.00	     0.00	     0.00	     0.00
   281.57	 -1290.17	  -539.58	     0.07	    20.60	     0.00	     0.00	     0.00	     0.00	     0.00	     0.00
   301.72	 -1290.17	  -539.58	     0.07	    20.15	     0.00	     0.00	     0.00	     0.00	     0.00	     0.00
   322.79	 -1252.69	  -536.22	     0.07	    21.06	    37.48	     3.36	    -0.00	    37.63	  1786.52	    -0.06
   343.42	 -1240.90	  -534.64	     0.10	    20.63	    11.79	     1.58	     0.03	    11.89	   576.45	     1.31
   362.23	 -1240.90	  -534.64	     0.10	    18.81	     0.00	     0.00	     0.00	     0.00	     0.00	     0.00
   382.27	 -1233.23	  -536.64	     0.10	    20.03	     7.68	    -2.00	     0.01	     7.93	   396.03	     0.33
   401.75	 -1233.23	  -536.64	     0.10	    19.49	     0.00	     0.00	     0.00	     0.00	     0.00	     0.00
   423.45	 -1233.23	  -536.64	     0.10	    21.70	     0.00	     0.00	     0.00	     0.00	     0.00	     0.00
   443.53	 -1233.23	  -536.64	     0.10	    20.09	     0.00	     0.00	     0.00	     0.00	     0.00	     0.00
   463.55	 -1233.23	  -536.64	     0.10	    20.02	     0.00	     0.00	     0.00	     0.00	     0.00	     0.00
   483.51	 -1233.23	  -536.64	     0.10	    19.96	     0.00	     0.00	     0.00	     0.00	     0.00	     0.00
   503.53	 -1233.23	  -536.64	     0.10	    20.02	     0.00	     0.00	     0.00	     0.00	     0.00	     0.00
   523.52	 -1233.23	  -536.64	     0.10	    19.99	     0.00	     0.00	     0.00	     0.00	     0.00	     0.00
   545.12	 -1233.23	  -536.64	     0.10	    21.59	     0.00	     0.00	     0.00	     0.00	     0.00	     0.00
   564.12	 -1158.25	  -532.73	     0.20	    19.00	    74.97	     3.91	     0.09	    75.07	  3950.61	     4.88
   584.00	 -1147.14	  -532.57	     0.22	    19.89	    11.11	     0.16	     0.03	    11.11	   558.92	     1.35
   603.94	 -1136.00	  -533.82	     0.25	    19.93	    11.14	    -1.25	     0.02	    11.21	   562.23	     1.13
   625.75	 -1124.99	  -528.01	     0.21	    21.81	    11.02	     5.80	    -0.04	    12.45	   570.94	    -1.66
   643.99	 -1124.99	  -528.01	     0.21	    18.25	     0.00	     0.00	     0.00	     0.00	     0.00	     0.00
   664.05	 -1116.70	  -525.07	     0.15	    20.05	     8.29	     2.94	    -0.06	     8.79	   438.55	    -3.19
   685.43	 -1102.83	  -523.46	     0.18	    21.38	    13.87	     1.61	     0.04	    13.96	   653.08	     1.68
   705.30	 -1091.72	  -523.29	     0.15	    19.88	    11.11	     0.16	    -0.04	    11.12	   559.26	    -1.81
   725.46	 -1080.65	  -520.31	     0.18	    20.15	    11.07	     2.98	     0.03	    11.46	   568.70	     1.60
   745.02	 -1080.65	  -520.31	     0.18	    19.57	     0.00	     0.00	     0.00	     0.00	     0.00	     0.00
   764.12	 -1080.65	  -520.31	     0.18	    19.10	     0.00	     0.00	     0.00	     0.00	     0.00	     0.00
   784.31	 -1080.65	  -520.31	     0.18	    20.20	     0.00	     0.00	     0.00	     0.00	     0.00	     0.00
   805.96	 -1044.47	  -522.60	     0.29	    21.65	    36.18	    -2.29	     0.11	    36.25	  1674.41	     5.19
   826.08	 -1033.37	  -521.02	     0.29	    20.12	    11.10	     1.57	     0.00	    11.21	   557.04	     0.00
   844.69	 -1033.37	  -521.02	     0.29	    18.61	     0.00	     0.00	     0.00	     0.00	     0.00	     0.00
   866.56	 -1033.37	  -521.02	     0.29	    21.87	     0.00	     0.00	     0.00	     0.00	     0.00	     0.00
   887.10	 -1011.14	  -519.99	     0.29	    20.54	    22.23	     1.03	    -0.00	    22.26	  1083.62	    -0.06
   907.15	 -1000.20	  -509.24	     0.20	    20.05	    10.94	    10.75	    -0.09	    15.33	   764.73	    -4.40
   924.96	 -1000.20	  -509.24	     0.20	    17.81	     0.00	     0.00	     0.00	     0.00	     0.00	     0.00
   945.06	  -987.66	  -510.47	     0.22	    20.10	    12.54	    -1.23	     0.02	    12.60	   626.81	     0.90
   964.97	  -976.53	  -510.30	     0.24	    19.91	    11.13	     0.17	     0.02	    11.13	   559.02	     1.11
   985.39	  -976.53	  -510.30	     0.24	    20.42	     0.00	     0.00	     0.00	     0.00	     0.00	     0.00
  1010.64	  -965.50	  -504.49	     0.18	    25.25	    11.03	     5.81	    -0.07	    12.47	   493.68	    -2.64
  1025.38	  -952.86	  -511.36	     0.33	    14.74	    12.65	    -6.87	     0.16	    14.39	   976.66	    10.80
  1045.32	  -941.92	  -499.90	     0.20	    19.94	    10.93	    11.46	    -0.14	    15.84	   794.40	    -6.85
  1065.39	  -930.66	  -506.79	     0.33	    20.07	    11.26	    -6.89	     0.13	    13.20	   657.63	     6.47
  1085.49	  -914.67	  -505.14	     0.34	    20.10	    15.99	     1.65	     0.02	    16.07	   799.57	     0.87
  1106.61	  -907.16	  -496.55	     0.24	    21.12	     7.51	     8.59	    -0.10	    11.41	   540.21	    -4.88
  1125.05	  -907.16	  -496.55	     0.24	    18.44	     0.00	     0.00	     0.00	     0.00	     0.00	     0.00
  1145.98	  -894.58	  -499.19	     0.32	    20.93	    12.59	    -2.63	     0.08	    12.86	   614.31	     3.71
  1166.17	  -884.96	  -491.27	     0.20	    20.19	     9.62	     7.91	    -0.11	    12.45	   616.78	    -5.69
  1186.85	  -869.64	  -490.33	     0.23	    20.68	    15.32	     0.94	     0.02	    15.35	   742.24	     1.20
  1204.94	  -869.64	  -490.33	     0.23	    18.09	     0.00	     0.00	     0.00	     0.00	     0.00	     0.00
  1225.07	  -859.83	  -493.01	     0.34	    20.13	     9.81	    -2.68	     0.11	    10.17	   505.02	     5.56
  1245.32	  -859.83	  -493.01	     0.34	    20.25	     0.00	     0.00	     0.00	     0.00	     0.00	     0.00
  1264.61	  -859.83	  -493.01	     0.34	    19.29	     0.00	     0.00	     0.00	     0.00	     0.00	     0.00
  1286.85	  -823.69	  -485.39	     0.30	    22.24	    36.14	     7.62	    -0.04	    36.94	  1660.54	    -1.98
  1305.13	  -823.69	  -485.39	     0.30	    18.28	     0.00	     0.00	     0.00	     0.00	     0.00	     0.00
  1325.79	  -814.02	  -479.59	     0.22	    20.66	     9.67	     5.80	    -0.07	    11.28	   545.94	    -3.52
  1346.41	  -801.51	  -476.56	     0.23	    20.62	    12.52	     3.02	     0.00	    12.88	   624.43	     0.23
  1367.12	  -790.38	  -473.56	     0.22	    20.70	    11.12	     3.00	    -0.00	    11.52	   556.43	    -0.23
  1387.18	  -779.21	  -473.39	     0.28	    20.06	    11.18	     0.17	     0.06	    11.18	   557.26	     2.81
  1405.07	  -779.21	  -473.39	     0.28	    17.90	     0.00	     0.00	     0.00	     0.00	     0.00	     0.00
  1426.68	  -779.21	  -473.39	     0.28	    21.61	     0.00	     0.00	     0.00	     0.00	     0.00	     0.00
  1447.13	  -756.22	  -468.78	     0.25	    20.45	    22.99	     4.61	    -0.03	    23.45	  1146.76	    -1.53
  1467.02	  -745.10	  -464.36	     0.26	    19.89	    11.11	     4.42	     0.01	    11.96	   601.18	     0.27
  1485.46	  -745.10	  -464.36	     0.26	    18.44	     0.00	     0.00	     0.00	     0.00	     0.00	     0.00
  1505.71	  -734.62	  -463.49	     0.27	    20.25	    10.48	     0.87	     0.01	    10.52	   519.36	     0.69
  1525.82	  -720.65	  -461.85	     0.29	    20.10	    13.97	     1.64	     0.02	    14.07	   699.87	     0.86
  1545.85	  -720.65	  -461.85	     0.29	    20.03	     0.00	     0.00	     0.00	     0.00	     0.00	     0.00
  1568.19	  -699.09	  -453.01	     0.24	    22.35	    21.56	     8.84	    -0.05	    23.30	  1042.72	    -2.14
  1585.11	  -699.09	  -453.01	     0.24	    16.92	     0.00	     0.00	     0.00	     0.00	     0.00	     0.00
  1605.48	  -685.73	  -454.92	     0.32	    20.37	    13.35	    -1.91	     0.08	    13.49	   662.39	     3.97
  1626.24	  -674.59	  -450.49	     0.30	    20.76	    11.14	     4.43	    -0.02	    11.99	   577.58	    -0.75
  1646.61	  -664.15	  -446.07	     0.27	    20.37	    10.45	     4.42	    -0.03	    11.34	   556.93	    -1.56
  1666.93	  -652.27	  -443.04	     0.25	    20.33	    11.88	     3.03	    -0.02	    12.26	   603.16	    -1.23
  1685.10	  -652.27	  -443.04	     0.25	    18.17	     0.00	     0.00	     0.00	     0.00	     0.00	     0.00
  1706.78	  -641.08	  -440.02	     0.23	    21.67	    11.18	     3.02	    -0.01	    11.58	   534.45	    -0.58
  1726.74	  -627.71	  -441.22	     0.34	    19.96	    13.37	    -1.20	     0.11	    13.43	   672.84	     5.52
  1746.95	  -615.84	  -436.76	     0.35	    20.22	    11.87	     4.45	     0.00	    12.68	   627.17	     0.21
  1765.15	  -615.84	  -436.76	     0.35	    18.20	     0.00	     0.00	     0.00	     0.00	     0.00	     0.00
  1785.15	  -607.47	  -432.37	     0.29	    19.99	     8.36	     4.39	    -0.06	     9.45	   472.45	    -2.89
  1806.59	  -594.81	  -432.16	     0.33	    21.44	    12.66	     0.21	     0.04	    12.67	   590.73	     1.97
  1827.10	  -583.62	  -427.71	     0.31	    20.51	    11.19	     4.44	    -0.02	    12.04	   586.95	    -1.01
  1847.14	  -571.02	  -423.24	     0.32	    20.05	    12.60	     4.47	     0.00	    13.37	   667.02	     0.25
  1865.17	  -571.02	  -423.24	     0.32	    18.03	     0.00	     0.00	     0.00	     0.00	     0.00	     0.00
  1885.29	  -560.50	  -420.22	     0.27	    20.12	    10.52	     3.02	    -0.05	    10.94	   544.05	    -2.26
  1905.89	  -548.58	  -416.47	     0.30	    20.60	    11.92	     3.75	     0.03	    12.50	   606.79	     1.30
  1926.78	  -538.76	  -412.75	     0.28	    20.89	     9.81	     3.72	    -0.02	    10.49	   502.45	    -1.14
  1946.78	  -527.49	  -411.13	     0.30	    20.00	    11.27	     1.62	     0.02	    11.38	   569.13	     1.11
  1965.16	  -527.49	  -411.13	     0.30	    18.38	     0.00	     0.00	     0.00	     0.00	     0.00	     0.00
  1985.45	  -514.77	  -411.62	     0.37	    20.29	    12.73	    -0.49	     0.07	    12.73	   627.79	     3.43
  2005.50	  -504.99	  -405.06	     0.31	    20.05	     9.78	     6.57	    -0.06	    11.78	   587.64	    -2.82
  2027.40	  -492.28	  -403.41	     0.34	    21.91	    12.70	     1.65	     0.03	    12.81	   584.67	     1.38
  2045.66	  -492.28	  -403.41	     0.34	    18.25	     0.00	     0.00	     0.00	     0.00	     0.00	     0.00
  2065.40	  -482.46	  -398.26	     0.29	    19.74	     9.82	     5.15	    -0.05	    11.09	   561.57	    -2.77
  2086.07	  -482.46	  -398.26	     0.29	    20.67	     0.00	     0.00	     0.00	     0.00	     0.00	     0.00
  2106.86	  -459.91	  -391.45	     0.32	    20.79	    22.55	     6.81	     0.03	    23.56	  1133.09	     1.59
  2127.04	  -447.92	  -387.68	     0.33	    20.18	    11.99	     3.77	     0.01	    12.57	   622.74	     0.31
  2145.48	  -447.92	  -387.68	     0.33	    18.44	     0.00	     0.00	     0.00	     0.00	     0.00	     0.00
  2165.56	  -437.30	  -386.77	     0.32	    20.08	    10.63	     0.91	    -0.01	    10.67	   531.21	    -0.32
  2187.14	  -437.30	  -386.77	     0.32	    21.58	     0.00	     0.00	     0.00	     0.00	     0.00	     0.00
  2206.69	  -426.01	  -382.30	     0.33	    19.55	    11.28	     4.48	     0.01	    12.14	   620.97	     0.72
  2227.59	  -413.99	  -379.23	     0.34	    20.90	    12.03	     3.07	     0.00	    12.41	   593.99	     0.18
  2245.45	  -404.07	  -376.90	     0.34	    17.87	     9.91	     2.32	     0.00	    10.18	   569.87	     0.21
  2265.92	  -392.07	  -371.69	     0.36	    20.46	    12.01	     5.21	     0.02	    13.09	   639.58	     1.12
  2287.14	  -392.07	  -371.69	     0.36	    21.23	     0.00	     0.00	     0.00	     0.00	     0.00	     0.00
  2306.45	  -383.60	  -367.26	     0.32	    19.31	     8.47	     4.44	    -0.04	     9.56	   495.11	    -2.30
  2325.53	  -367.96	  -364.82	     0.37	    19.08	    15.63	     2.44	     0.05	    15.82	   829.48	     2.60
  2346.53	  -357.97	  -365.34	     0.42	    21.00	     9.99	    -0.52	     0.05	    10.01	   476.36	     2.47
  2366.71	  -346.68	  -357.99	     0.41	    20.18	    11.29	     7.35	    -0.01	    13.47	   667.51	    -0.35
  2386.69	  -346.68	  -357.99	     0.41	    19.97	     0.00	     0.00	     0.00	     0.00	     0.00	     0.00
  2407.67	  -324.69	  -349.00	     0.35	    20.98	    21.99	     8.99	    -0.06	    23.76	  1132.62	    -2.90
  2425.75	  -324.69	  -349.00	     0.35	    18.08	     0.00	     0.00	     0.00	     0.00	     0.00	     0.00
  2445.82	  -315.44	  -345.96	     0.35	    20.07	     9.25	     3.04	    -0.00	     9.73	   484.94	    -0.23
  2466.61	  -302.61	  -342.85	     0.40	    20.79	    12.83	     3.11	     0.06	    13.20	   634.96	     2.68
  2486.90	  -292.68	  -336.94	     0.35	    20.29	     9.93	     5.91	    -0.06	    11.56	   569.55	    -2.72
  2508.36	  -279.76	  -338.11	     0.45	    21.46	    12.92	    -1.17	     0.10	    12.97	   604.61	     4.68
  2527.02	  -279.76	  -338.11	     0.45	    18.67	     0.00	     0.00	     0.00	     0.00	     0.00	     0.00
  2547.68	  -269.86	  -329.33	     0.38	    20.65	     9.90	     8.78	    -0.07	    13.23	   640.57	    -3.32
  2568.16	  -258.43	  -326.23	     0.37	    20.49	    11.44	     3.10	    -0.01	    11.85	   578.30	    -0.43
  2589.35	  -246.96	  -324.56	     0.42	    21.19	    11.47	     1.67	     0.05	    11.59	   547.04	     2.13
  2606.77	  -246.96	  -324.56	     0.42	    17.42	     0.00	     0.00	     0.00	     0.00	     0.00	     0.00
  2626.81	  -237.71	  -318.65	     0.35	    20.04	     9.25	     5.92	    -0.06	    10.98	   547.97	    -3.21
  2648.62	  -225.61	  -310.52	     0.34	    21.81	    12.10	     8.13	    -0.02	    14.58	   668.33	    -0.72
  2668.64	  -215.53	  -310.31	     0.40	    20.02	    10.08	     0.21	     0.06	    10.08	   503.65	     2.99
  2688.56	  -202.61	  -306.45	     0.40	    19.91	    12.91	     3.86	     0.01	    13.48	   676.74	     0.34
  2707.00	  -202.61	  -306.45	     0.40	    18.44	     0.00	     0.00	     0.00	     0.00	     0.00	     0.00
  2727.97	  -192.56	  -303.37	     0.42	    20.97	    10.05	     3.08	     0.02	    10.51	   501.29	     0.79
  2747.98	  -181.10	  -297.38	     0.39	    20.01	    11.46	     5.98	    -0.03	    12.93	   646.05	    -1.53
  2767.28	  -181.10	  -297.38	     0.39	    19.30	     0.00	     0.00	     0.00	     0.00	     0.00	     0.00
  2787.84	  -170.99	  -297.16	     0.48	    20.56	    10.11	     0.22	     0.09	    10.12	   492.04	     4.46
  2806.86	  -158.08	  -289.70	     0.45	    19.03	    12.90	     7.46	    -0.03	    14.90	   783.32	    -1.81
  2827.37	  -149.51	  -282.34	     0.39	    20.50	     8.57	     7.37	    -0.06	    11.30	   551.37	    -2.97
  2847.93	  -136.47	  -282.04	     0.45	    20.56	    13.04	     0.29	     0.06	    13.04	   634.14	     3.04
  2868.12	  -126.42	  -275.35	     0.38	    20.19	    10.05	     6.69	    -0.07	    12.08	   598.10	    -3.23
  2886.82	  -126.42	  -275.35	     0.38	    18.70	     0.00	     0.00	     0.00	     0.00	     0.00	     0.00
  2906.92	  -114.88	  -270.06	     0.39	    20.10	    11.53	     5.29	     0.00	    12.69	   631.37	     0.13
  2927.14	  -103.33	  -265.48	     0.41	    20.22	    11.56	     4.58	     0.02	    12.43	   614.75	     1.06
  2947.75	   -93.17	  -263.81	     0.58	    20.61	    10.16	     1.68	     0.17	    10.29	   499.40	     8.17
  2967.83	   -72.31	  -236.65	    -1.58	    20.08	    20.86	    27.16	    -2.15	    34.25	 -1705.29	  -107.23
  2986.97	   -72.31	  -236.65	    -1.58	    19.13	     0.00	     0.00	     0.00	     0.00	    -0.00	     0.00
  3007.85	   -53.79	  -243.37	    -2.80	    20.88	    18.52	    -6.72	    -1.23	    19.70	  -943.27	   -58.67
  3027.72	   -53.79	  -243.37	    -2.80	    19.87	     0.00	     0.00	     0.00	     0.00	    -0.00	     0.00
  3047.82	   -53.79	  -243.37	    -2.80	    20.10	     0.00	     0.00	     0.00	     0.00	    -0.00	     0.00
  3067.79	   -53.79	  -243.37	    -2.80	    19.97	     0.00	     0.00	     0.00	     0.00	    -0.00	     0.00
  3087.84	   -53.79	  -243.37	    -2.80	    20.05	     0.00	     0.00	     0.00	     0.00	    -0.00	     0.00
  3107.85	   -53.79	  -243.37	    -2.80	    20.01	     0.00	     0.00	     0.00	     0.00	    -0.00	     0.00
  3127.80	   -53.79	  -243.37	    -2.80	    19.95	     0.00	     0.00	     0.00	     0.00	    -0.00	     0.00
  3147.85	   -53.79	  -243.37	    -2.80	    20.05	     0.00	     0.00	     0.00	     0.00	    -0.00	     0.00
  3170.51	   -53.79	  -243.37	    -2.80	    22.65	     0.00	     0.00	     0.00	     0.00	    -0.00	     0.00
  3187.83	   -53.79	  -243.37	    -2.80	    17.32	     0.00	     0.00	     0.00	     0.00	    -0.00	     0.00
  3208.13	  -306.42	  -286.49	     0.08	    20.30	  -252.63	   -43.13	     2.88	   256.28	-12624.58	   142.04
  3229.31	  -306.42	  -286.49	     0.08	    21.18	     0.00	     0.00	     0.00	     0.00	     0.00	     0.00
  3250.34	  -306.49	  -281.49	     0.05	    21.02	    -0.07	     5.00	    -0.03	     5.00	   237.88	    -1.46
  3267.88	  -306.49	  -281.49	     0.05	    17.54	     0.00	     0.00	     0.00	     0.00	     0.00	     0.00
  3288.32	  -306.49	  -281.49	     0.05	    20.44	     0.00	     0.00	     0.00	     0.00	     0.00	     0.00
  3308.90	  -175.69	  -272.16	    -3.10	    20.58	   130.79	     9.33	    -3.15	   131.13	 -6371.55	  -153.23
  3328.61	  -175.69	  -272.16	    -3.10	    19.72	     0.00	     0.00	     0.00	     0.00	    -0.00	     0.00
  3349.31	  -250.02	  -266.66	     0.03	    20.70	   -74.33	     5.49	     3.13	    74.53	 -3600.30	   151.36
  3368.20	  -250.02	  -266.66	     0.03	    18.88	     0.00	     0.00	     0.00	     0.00	     0.00	     0.00
  3389.03	  -242.91	  -263.64	     0.04	    20.84	     7.11	     3.02	     0.01	     7.72	   370.61	     0.54
  3409.04	  -242.91	  -263.64	     0.04	    20.01	     0.00	     0.00	     0.00	     0.00	     0.00	     0.00
  3428.30	  -242.91	  -263.64	     0.04	    19.25	     0.00	     0.00	     0.00	     0.00	     0.00	     0.00
  3448.77	  -222.86	  -257.46	     0.08	    20.47	    20.06	     6.18	     0.04	    20.99	  1025.34	     1.82
  3468.15	  -227.22	  -254.69	     0.08	    19.38	    -4.36	     2.77	     0.00	     5.17	  -266.57	     0.08
  3489.21	  -227.22	  -254.69	     0.08	    21.06	     0.00	     0.00	     0.00	     0.00	     0.00	     0.00
  3508.10	  -227.22	  -254.69	     0.08	    18.88	     0.00	     0.00	     0.00	     0.00	     0.00	     0.00
  3529.26	  -191.21	  -251.00	     0.09	    21.17	    36.01	     3.69	     0.01	    36.20	  1710.08	     0.64
  3547.99	  -191.21	  -251.00	     0.09	    18.73	     0.00	     0.00	     0.00	     0.00	     0.00	     0.00
  3567.99	  -191.21	  -251.00	     0.09	    20.00	     0.00	     0.00	     0.00	     0.00	     0.00	     0.00
  3588.43	  -191.21	  -251.00	     0.09	    20.44	     0.00	     0.00	     0.00	     0.00	     0.00	     0.00
  3608.13	  -191.21	  -251.00	     0.09	    19.70	     0.00	     0.00	     0.00	     0.00	     0.00	     0.00
  3628.89	  -175.51	  -239.16	     0.10	    20.75	    15.70	    11.84	     0.01	    19.67	   947.75	     0.38
  3648.19	  -184.90	  -237.22	     0.11	    19.30	    -9.39	     1.93	     0.01	     9.59	  -496.73	     0.67
  3668.28	  -190.66	  -236.64	     0.13	    20.08	    -5.76	     0.58	     0.02	     5.79	  -288.30	     1.01
  3688.44	  -190.66	  -236.64	     0.13	    20.16	     0.00	     0.00	     0.00	     0.00	     0.00	     0.00
  3708.14	  -190.66	  -236.64	     0.13	    19.69	     0.00	     0.00	     0.00	     0.00	     0.00	     0.00
  3727.99	  -190.66	  -236.64	     0.13	    19.85	     0.00	     0.00	     0.00	     0.00	     0.00	     0.00
  3747.95	  -190.66	  -236.64	     0.13	    19.97	     0.00	     0.00	     0.00	     0.00	     0.00	     0.00
  3768.07	  -190.66	  -236.64	     0.13	    20.12	     0.00	     0.00	     0.00	     0.00	     0.00	     0.00
  3788.40	  -180.80	  -222.78	     0.06	    20.33	     9.86	    13.86	    -0.08	    17.01	   836.64	    -3.72
  3810.43	  -180.80	  -222.78	     0.06	    22.02	     0.00	     0.00	     0.00	     0.00	     0.00	     0.00
  3827.96	  -180.80	  -222.78	     0.06	    17.53	     0.00	     0.00	     0.00	     0.00	     0.00	     0.00
  3848.31	  -220.47	  -224.44	     0.12	    20.35	   -39.67	    -1.66	     0.06	    39.70	 -1951.00	     2.93
  3868.13	  -220.47	  -224.44	     0.12	    19.82	     0.00	     0.00	     0.00	     0.00	     0.00	     0.00
  3887.97	  -220.47	  -224.44	     0.12	    19.83	     0.00	     0.00	     0.00	     0.00	     0.00	     0.00
  3908.40	  -220.47	  -224.44	     0.12	    20.43	     0.00	     0.00	     0.00	     0.00	     0.00	     0.00
  3927.96	  -220.47	  -224.44	     0.12	    19.56	     0.00	     0.00	     0.00	     0.00	     0.00	     0.00
  3948.86	  -220.47	  -224.44	     0.12	    20.90	     0.00	     0.00	     0.00	     0.00	     0.00	     0.00
  3969.33	  -220.47	  -224.44	     0.12	    20.47	     0.00	     0.00	     0.00	     0.00	     0.00	     0.00
  3988.24	  -220.47	  -224.44	     0.12	    18.92	     0.00	     0.00	     0.00	     0.00	     0.00	     0.00
  4008.35	  -186.78	  -209.29	     0.23	    20.11	    33.69	    15.15	     0.11	    36.94	  1837.14	     5.49
  4028.39	  -206.25	  -211.19	     0.20	    20.04	   -19.46	    -1.91	    -0.03	    19.56	  -975.79	    -1.57
  4049.00	  -206.25	  -211.19	     0.20	    20.61	     0.00	     0.00	     0.00	     0.00	     0.00	     0.00
  4068.74	  -206.25	  -211.19	     0.20	    19.74	     0.00	     0.00	     0.00	     0.00	     0.00	     0.00
  4088.09	  -206.25	  -211.19	     0.20	    19.35	     0.00	     0.00	     0.00	     0.00	     0.00	     0.00
  4108.03	  -206.25	  -211.19	     0.20	    19.94	     0.00	     0.00	     0.00	     0.00	     0.00	     0.00
  4128.18	  -206.25	  -211.19	     0.20	    20.16	     0.00	     0.00	     0.00	     0.00	     0.00	     0.00
  4148.26	  -206.25	  -211.19	     0.20	    20.08	     0.00	     0.00	     0.00	     0.00	     0.00	     0.00
  4168.26	  -206.25	  -211.19	     0.20	    20.00	     0.00	     0.00	     0.00	     0.00	     0.00	     0.00
  4188.57	  -206.25	  -211.19	     0.20	    20.31	     0.00	     0.00	     0.00	     0.00	     0.00	     0.00
  4208.34	  -206.25	  -211.19	     0.20	    19.77	     0.00	     0.00	     0.00	     0.00	     0.00	     0.00
  4228.25	  -206.25	  -211.19	     0.20	    19.91	     0.00	     0.00	     0.00	     0.00	     0.00	     0.00
  4248.26	  -206.25	  -211.19	     0.20	    20.02	     0.00	     0.00	     0.00	     0.00	     0.00	     0.00
  4268.52	  -206.25	  -211.19	     0.20	    20.26	     0.00	     0.00	     0.00	     0.00	     0.00	     0.00
  4288.27	  -206.25	  -211.19	     0.20	    19.75	     0.00	     0.00	     0.00	     0.00	     0.00	     0.00
  4309.44	  -206.25	  -211.19	     0.20	    21.17	     0.00	     0.00	     0.00	     0.00	     0.00	     0.00
  4329.45	  -206.25	  -211.19	     0.20	    20.01	     0.00	     0.00	     0.00	     0.00	     0.00	     0.00
  4349.43	  -206.25	  -211.19	     0.20	    19.98	     0.00	     0.00	     0.00	     0.00	     0.00	     0.00
  4369.44	  -206.25	  -211.19	     0.20	    20.01	     0.00	     0.00	     0.00	     0.00	     0.00	     0.00
  4389.04	  -206.25	  -211.19	     0.20	    19.60	     0.00	     0.00	     0.00	     0.00	     0.00	     0.00
  4409.07	  -206.25	  -211.19	     0.20	    20.03	     0.00	     0.00	     0.00	     0.00	     0.00	     0.00
  4429.08	  -206.25	  -211.19	     0.20	    20.01	     0.00	     0.00	     0.00	     0.00	     0.00	     0.00
  4449.37	  -206.25	  -211.19	     0.20	    20.28	     0.00	     0.00	     0.00	     0.00	     0.00	     0.00
  4469.38	  -206.25	  -211.19	     0.20	    20.01	     0.00	     0.00	     0.00	     0.00	     0.00	     0.00
  4489.33	  -206.25	  -211.19	     0.20	    19.95	     0.00	     0.00	     0.00	     0.00	     0.00	     0.00
  4509.73	  -206.25	  -211.19	     0.20	    20.40	     0.00	     0.00	     0.00	     0.00	     0.00	     0.00
  4530.66	  -207.94	  -194.02	     0.24	    20.94	    -1.69	    17.18	     0.05	    17.26	   824.43	     2.21
  4550.42	  -207.94	  -194.02	     0.24	    19.76	     0.00	     0.00	     0.00	     0.00	     0.00	     0.00
  4570.50	  -207.94	  -194.02	     0.24	    20.08	     0.00	     0.00	     0.00	     0.00	     0.00	     0.00
  4589.97	  -207.94	  -194.02	     0.24	    19.48	     0.00	     0.00	     0.00	     0.00	     0.00	     0.00
  4609.98	  -207.94	  -194.02	     0.24	    20.00	     0.00	     0.00	     0.00	     0.00	     0.00	     0.00
  4630.60	  -207.94	  -194.02	     0.24	    20.62	     0.00	     0.00	     0.00	     0.00	     0.00	     0.00
  4650.90	  -207.94	  -194.02	     0.24	    20.30	     0.00	     0.00	     0.00	     0.00	     0.00	     0.00
  4671.35	  -214.42	  -194.17	     0.23	    20.45	    -6.49	    -0.16	    -0.01	     6.49	  -317.33	    -0.68
  4690.59	  -214.42	  -194.17	     0.23	    19.23	     0.00	     0.00	     0.00	     0.00	     0.00	     0.00
  4710.75	  -214.42	  -194.17	     0.23	    20.16	     0.00	     0.00	     0.00	     0.00	     0.00	     0.00
  4731.02	  -214.42	  -194.17	     0.23	    20.28	     0.00	     0.00	     0.00	     0.00	     0.00	     0.00
  4751.68	  -209.40	  -192.62	     0.25	    20.66	     5.03	     1.56	     0.02	     5.26	   254.73	     1.00
  4770.65	  -209.40	  -192.62	     0.25	    18.97	     0.00	     0.00	     0.00	     0.00	     0.00	     0.00
  4791.22	  -203.65	  -191.04	     0.27	    20.57	     5.75	     1.58	     0.02	     5.96	   289.86	     0.87
  4811.00	  -204.37	  -191.06	     0.26	    19.78	    -0.72	    -0.02	    -0.01	     0.72	   -36.47	    -0.54
  4830.62	  -204.37	  -191.06	     0.26	    19.62	     0.00	     0.00	     0.00	     0.00	     0.00	     0.00
  4851.08	  -204.37	  -191.06	     0.26	    20.46	     0.00	     0.00	     0.00	     0.00	     0.00	     0.00
  4870.65	  -204.37	  -191.06	     0.26	    19.57	     0.00	     0.00	     0.00	     0.00	     0.00	     0.00
  4890.67	  -204.37	  -191.06	     0.26	    20.02	     0.00	     0.00	     0.00	     0.00	     0.00	     0.00
  4910.62	  -204.37	  -191.06	     0.26	    19.95	     0.00	     0.00	     0.00	     0.00	     0.00	     0.00
  4930.66	  -204.37	  -191.06	     0.26	    20.04	     0.00	     0.00	     0.00	     0.00	     0.00	     0.00
  4950.68	  -204.37	  -191.06	     0.26	    20.02	     0.00	     0.00	     0.00	     0.00	     0.00	     0.00
  4970.63	  -204.37	  -191.06	     0.26	    19.95	     0.00	     0.00	     0.00	     0.00	     0.00	     0.00
  4990.94	  -204.37	  -191.06	     0.26	    20.31	     0.00	     0.00	     0.00	     0.00	     0.00	     0.00
  5011.37	  -201.48	  -190.99	     0.26	    20.42	     2.89	     0.07	     0.00	     2.89	   141.44	     0.24
  5031.00	  -201.48	  -190.99	     0.26	    19.63	     0.00	     0.00	     0.00	     0.00	     0.00	     0.00
  5051.11	  -201.48	  -190.99	     0.26	    20.11	     0.00	     0.00	     0.00	     0.00	     0.00	     0.00
  5071.10	  -201.48	  -190.99	     0.26	    19.99	     0.00	     0.00	     0.00	     0.00	     0.00	     0.00
  5091.26	  -201.48	  -190.99	     0.26	    20.16	     0.00	     0.00	     0.00	     0.00	     0.00	     0.00
  5111.47	  -201.48	  -190.99	     0.26	    20.21	     0.00	     0.00	     0.00	     0.00	     0.00	     0.00
  5132.02	  -201.48	  -190.99	     0.26	    20.55	     0.00	     0.00	     0.00	     0.00	     0.00	     0.00
  5151.03	  -201.48	  -190.99	     0.26	    19.01	     0.00	     0.00	     0.00	     0.00	     0.00	     0.00
  5171.05	  -201.48	  -190.99	     0.26	    20.03	     0.00	     0.00	     0.00	     0.00	     0.00	     0.00
  5191.50	  -201.48	  -190.99	     0.26	    20.45	     0.00	     0.00	     0.00	     0.00	     0.00	     0.00
  5211.98	  -204.37	  -191.06	     0.25	    20.48	    -2.89	    -0.07	    -0.01	     2.89	  -141.03	    -0.66
  5231.09	  -204.37	  -191.06	     0.25	    19.11	     0.00	     0.00	     0.00	     0.00	     0.00	     0.00
  5251.11	  -204.37	  -191.06	     0.25	    20.02	     0.00	     0.00	     0.00	     0.00	     0.00	     0.00
  5271.09	  -204.37	  -191.06	     0.25	    19.98	     0.00	     0.00	     0.00	     0.00	     0.00	     0.00
  5291.10	  -204.37	  -191.06	     0.25	    20.01	     0.00	     0.00	     0.00	     0.00	     0.00	     0.00
  5311.30	  -204.37	  -191.06	     0.25	    20.20	     0.00	     0.00	     0.00	     0.00	     0.00	     0.00
  5331.19	  -204.37	  -191.06	     0.25	    19.88	     0.00	     0.00	     0.00	     0.00	     0.00	     0.00
  5351.15	  -204.37	  -191.06	     0.25	    19.97	     0.00	     0.00	     0.00	     0.00	     0.00	     0.00
  5371.43	  -204.37	  -191.06	     0.25	    20.28	     0.00	     0.00	     0.00	     0.00	     0.00	     0.00
  5392.09	  -202.21	  -191.00	     0.25	    20.65	     2.16	     0.05	     0.00	     2.16	   104.74	     0.15
  5411.85	  -202.21	  -191.00	     0.25	    19.76	     0.00	     0.00	     0.00	     0.00	     0.00	     0.00
  5431.13	  -202.21	  -191.00	     0.25	    19.29	     0.00	     0.00	     0.00	     0.00	     0.00	     0.00
  5451.18	  -202.21	  -191.00	     0.25	    20.04	     0.00	     0.00	     0.00	     0.00	     0.00	     0.00
  5471.49	  -202.21	  -191.00	     0.25	    20.31	     0.00	     0.00	     0.00	     0.00	     0.00	     0.00
  5491.46	  -202.21	  -191.00	     0.25	    19.98	     0.00	     0.00	     0.00	     0.00	     0.00	     0.00
  5511.84	  -196.43	  -190.86	     0.24	    20.38	     5.77	     0.14	    -0.01	     5.77	   283.28	    -0.62
  5531.50	  -196.43	  -190.86	     0.24	    19.65	     0.00	     0.00	     0.00	     0.00	     0.00	     0.00
  5552.05	  -196.43	  -190.86	     0.24	    20.56	     0.00	     0.00	     0.00	     0.00	     0.00	     0.00
  5572.39	  -196.43	  -190.86	     0.24	    20.33	     0.00	     0.00	     0.00	     0.00	     0.00	     0.00
  5592.92	  -207.98	  -191.15	     0.24	    20.53	   -11.54	    -0.29	     0.00	    11.55	  -562.33	     0.22
  5612.80	  -207.98	  -191.15	     0.24	    19.89	     0.00	     0.00	     0.00	     0.00	     0.00	     0.00
  5632.43	  -207.98	  -191.15	     0.24	    19.63	     0.00	     0.00	     0.00	     0.00	     0.00	     0.00
  5652.52	  -207.98	  -191.15	     0.24	    20.09	     0.00	     0.00	     0.00	     0.00	     0.00	     0.00
  5672.90	  -212.26	  -194.12	     0.26	    20.38	    -4.29	    -2.98	     0.01	     5.22	  -255.95	     0.56
  5693.81	  -212.26	  -194.12	     0.26	    20.91	     0.00	     0.00	     0.00	     0.00	     0.00	     0.00
  5712.50	  -212.26	  -194.12	     0.26	    18.69	     0.00	     0.00	     0.00	     0.00	     0.00	     0.00
  5732.43	  -212.26	  -194.12	     0.26	    19.92	     0.00	     0.00	     0.00	     0.00	     0.00	     0.00
  5752.50	  -212.26	  -194.12	     0.26	    20.08	     0.00	     0.00	     0.00	     0.00	     0.00	     0.00
  5773.87	  -212.26	  -194.12	     0.26	    21.36	     0.00	     0.00	     0.00	     0.00	     0.00	     0.00
  5794.15	  -212.26	  -194.12	     0.26	    20.28	     0.00	     0.00	     0.00	     0.00	     0.00	     0.00
  5813.86	  -212.26	  -194.12	     0.26	    19.71	     0.00	     0.00	     0.00	     0.00	     0.00	     0.00
  5833.83	  -212.26	  -194.12	     0.26	    19.97	     0.00	     0.00	     0.00	     0.00	     0.00	     0.00
  5853.78	  -212.26	  -194.12	     0.26	    19.95	     0.00	     0.00	     0.00	     0.00	     0.00	     0.00
  5873.92	  -212.26	  -194.12	     0.26	    20.15	     0.00	     0.00	     0.00	     0.00	     0.00	     0.00
  5893.96	  -212.26	  -194.12	     0.26	    20.04	     0.00	     0.00	     0.00	     0.00	     0.00	     0.00
  5913.94	  -212.26	  -194.12	     0.26	    19.98	     0.00	     0.00	     0.00	     0.00	     0.00	     0.00
  5934.07	  -212.26	  -194.12	     0.26	    20.14	     0.00	     0.00	     0.00	     0.00	     0.00	     0.00
  5953.89	  -212.26	  -194.12	     0.26	    19.82	     0.00	     0.00	     0.00	     0.00	     0.00	     0.00
  5973.92	  -212.26	  -194.12	     0.26	    20.03	     0.00	     0.00	     0.00	     0.00	     0.00	     0.00
  5993.99	  -212.26	  -194.12	     0.26	    20.07	     0.00	     0.00	     0.00	     0.00	     0.00	     0.00
  6014.86	  -212.26	  -194.12	     0.26	    20.87	     0.00	     0.00	     0.00	     0.00	     0.00	     0.00
  6035.03	  -212.26	  -194.12	     0.26	    20.16	     0.00	     0.00	     0.00	     0.00	     0.00	     0.00
  6054.26	  -212.26	  -194.12	     0.26	    19.23	     0.00	     0.00	     0.00	     0.00	     0.00	     0.00
  6075.16	  -202.21	  -191.00	     0.21	    20.90	    10.06	     3.12	    -0.05	    10.53	   503.73	    -2.28
  6093.99	  -202.21	  -191.00	     0.21	    18.83	     0.00	     0.00	     0.00	     0.00	     0.00	     0.00
  6114.51	  -202.21	  -191.00	     0.21	    20.52	     0.00	     0.00	     0.00	     0.00	     0.00	     0.00
  6133.97	  -202.21	  -191.00	     0.21	    19.45	     0.00	     0.00	     0.00	     0.00	     0.00	     0.00
  6154.92	  -202.21	  -191.00	     0.21	    20.95	     0.00	     0.00	     0.00	     0.00	     0.00	     0.00
  6175.54	  -202.21	  -191.00	     0.21	    20.62	     0.00	     0.00	     0.00	     0.00	     0.00	     0.00
  6194.89	  -202.21	  -191.00	     0.21	    19.34	     0.00	     0.00	     0.00	     0.00	     0.00	     0.00
  6214.91	  -202.21	  -191.00	     0.21	    20.02	     0.00	     0.00	     0.00	     0.00	     0.00	     0.00
  6235.30	  -202.21	  -191.00	     0.21	    20.40	     0.00	     0.00	     0.00	     0.00	     0.00	     0.00
  6254.92	  -202.21	  -191.00	     0.21	    19.62	     0.00	     0.00	     0.00	     0.00	     0.00	     0.00
  6274.98	  -202.21	  -191.00	     0.21	    20.06	     0.00	     0.00	     0.00	     0.00	     0.00	     0.00
  6295.19	  -202.21	  -191.00	     0.21	    20.21	     0.00	     0.00	     0.00	     0.00	     0.00	     0.00
  6315.17	  -202.21	  -191.00	     0.21	    19.97	     0.00	     0.00	     0.00	     0.00	     0.00	     0.00
  6335.20	  -202.21	  -191.00	     0.21	    20.04	     0.00	     0.00	     0.00	     0.00	     0.00	     0.00
  6356.17	  -202.21	  -191.00	     0.21	    20.97	     0.00	     0.00	     0.00	     0.00	     0.00	     0.00
  6375.13	  -202.21	  -191.00	     0.21	    18.96	     0.00	     0.00	     0.00	     0.00	     0.00	     0.00
  6395.19	  -202.21	  -191.00	     0.21	    20.06	     0.00	     0.00	     0.00	     0.00	     0.00	     0.00
  6415.23	  -202.21	  -191.00	     0.21	    20.04	     0.00	     0.00	     0.00	     0.00	     0.00	     0.00
  6435.78	  -202.21	  -191.00	     0.21	    20.56	     0.00	     0.00	     0.00	     0.00	     0.00	     0.00
  6455.29	  -202.21	  -191.00	     0.21	    19.50	     0.00	     0.00	     0.00	     0.00	     0.00	     0.00
  6475.53	  -211.54	  -194.10	     0.27	    20.24	    -9.33	    -3.10	     0.07	     9.84	  -485.99	     3.26
  6496.10	  -211.54	  -194.10	     0.27	    20.58	     0.00	     0.00	     0.00	     0.00	     0.00	     0.00
  6515.90	  -211.54	  -194.10	     0.27	    19.80	     0.00	     0.00	     0.00	     0.00	     0.00	     0.00
  6535.20	  -211.54	  -194.10	     0.27	    19.30	     0.00	     0.00	     0.00	     0.00	     0.00	     0.00
  6555.20	  -211.54	  -194.10	     0.27	    20.00	     0.00	     0.00	     0.00	     0.00	     0.00	     0.00
  6575.84	  -211.54	  -194.10	     0.27	    20.64	     0.00	     0.00	     0.00	     0.00	     0.00	     0.00
  6595.22	  -211.54	  -194.10	     0.27	    19.37	     0.00	     0.00	     0.00	     0.00	     0.00	     0.00
  6615.25	  -211.54	  -194.10	     0.27	    20.03	     0.00	     0.00	     0.00	     0.00	     0.00	     0.00
  6635.25	  -211.54	  -194.10	     0.27	    20.00	     0.00	     0.00	     0.00	     0.00	     0.00	     0.00
  6655.19	  -211.54	  -194.10	     0.27	    19.94	     0.00	     0.00	     0.00	     0.00	     0.00	     0.00
  6675.21	  -211.54	  -194.10	     0.27	    20.02	     0.00	     0.00	     0.00	     0.00	     0.00	     0.00
  6695.29	  -211.54	  -194.10	     0.27	    20.08	     0.00	     0.00	     0.00	     0.00	     0.00	     0.00
  6715.22	  -211.54	  -194.10	     0.27	    19.93	     0.00	     0.00	     0.00	     0.00	     0.00	     0.00
  6735.53	  -211.54	  -194.10	     0.27	    20.31	     0.00	     0.00	     0.00	     0.00	     0.00	     0.00
  6755.34	  -211.54	  -194.10	     0.27	    19.80	     0.00	     0.00	     0.00	     0.00	     0.00	     0.00
  6775.89	  -211.54	  -194.10	     0.27	    20.55	     0.00	     0.00	     0.00	     0.00	     0.00	     0.00
  6795.97	  -211.54	  -194.10	     0.27	    20.08	     0.00	     0.00	     0.00	     0.00	     0.00	     0.00
  6816.26	  -211.54	  -194.10	     0.27	    20.29	     0.00	     0.00	     0.00	     0.00	     0.00	     0.00
  6835.95	  -211.54	  -194.10	     0.27	    19.68	     0.00	     0.00	     0.00	     0.00	     0.00	     0.00
  6856.01	  -211.54	  -194.10	     0.27	    20.06	     0.00	     0.00	     0.00	     0.00	     0.00	     0.00
  6876.01	  -211.54	  -194.10	     0.27	    20.00	     0.00	     0.00	     0.00	     0.00	     0.00	     0.00
  6896.34	  -211.54	  -194.10	     0.27	    20.33	     0.00	     0.00	     0.00	     0.00	     0.00	     0.00
  6916.30	  -211.54	  -194.10	     0.27	    19.96	     0.00	     0.00	     0.00	     0.00	     0.00	     0.00
  6936.06	  -211.54	  -194.10	     0.27	    19.76	     0.00	     0.00	     0.00	     0.00	     0.00	     0.00
  6956.26	  -200.76	  -190.97	     0.26	    20.20	    10.78	     3.14	    -0.01	    11.22	   555.64	    -0.50
  6976.44	  -198.62	  -189.48	     0.25	    20.18	     2.14	     1.49	    -0.02	     2.61	   129.38	    -0.77
  6997.26	  -198.62	  -189.48	     0.25	    20.83	     0.00	     0.00	     0.00	     0.00	     0.00	     0.00
  7018.75	  -202.21	  -191.00	     0.24	    21.48	    -3.59	    -1.52	    -0.01	     3.90	  -181.45	    -0.25
  7036.02	  -202.21	  -191.00	     0.24	    17.27	     0.00	     0.00	     0.00	     0.00	     0.00	     0.00
  7056.06	  -202.21	  -191.00	     0.24	    20.05	     0.00	     0.00	     0.00	     0.00	     0.00	     0.00
  7076.00	  -202.21	  -191.00	     0.24	    19.94	     0.00	     0.00	     0.00	     0.00	     0.00	     0.00
  7095.99	  -202.21	  -191.00	     0.24	    19.98	     0.00	     0.00	     0.00	     0.00	     0.00	     0.00
  7115.98	  -202.21	  -191.00	     0.24	    19.99	     0.00	     0.00	     0.00	     0.00	     0.00	     0.00
  7136.01	  -202.21	  -191.00	     0.24	    20.03	     0.00	     0.00	     0.00	     0.00	     0.00	     0.00
  7156.43	  -202.21	  -191.00	     0.24	    20.42	     0.00	     0.00	     0.00	     0.00	     0.00	     0.00
  7176.32	  -202.21	  -191.00	     0.24	    19.89	     0.00	     0.00	     0.00	     0.00	     0.00	     0.00
  7196.33	  -202.21	  -191.00	     0.24	    20.01	     0.00	     0.00	     0.00	     0.00	     0.00	     0.00
  7216.05	  -202.21	  -191.00	     0.24	    19.72	     0.00	     0.00	     0.00	     0.00	     0.00	     0.00
  7236.07	  -202.21	  -191.00	     0.24	    20.03	     0.00	     0.00	     0.00	     0.00	     0.00	     0.00
  7256.04	  -202.21	  -191.00	     0.24	    19.96	     0.00	     0.00	     0.00	     0.00	     0.00	     0.00
  7276.45	  -202.21	  -191.00	     0.24	    20.41	     0.00	     0.00	     0.00	     0.00	     0.00	     0.00
  7296.01	  -202.21	  -191.00	     0.24	    19.57	     0.00	     0.00	     0.00	     0.00	     0.00	     0.00
  7316.08	  -202.21	  -191.00	     0.24	    20.06	     0.00	     0.00	     0.00	     0.00	     0.00	     0.00
  7336.15	  -202.21	  -191.00	     0.24	    20.08	     0.00	     0.00	     0.00	     0.00	     0.00	     0.00
  7356.05	  -202.21	  -191.00	     0.24	    19.89	     0.00	     0.00	     0.00	     0.00	     0.00	     0.00
  7376.06	  -202.21	  -191.00	     0.24	    20.01	     0.00	     0.00	     0.00	     0.00	     0.00	     0.00
  7396.12	  -202.21	  -191.00	     0.24	    20.06	     0.00	     0.00	     0.00	     0.00	     0.00	     0.00
  7416.04	  -202.21	  -191.00	     0.24	    19.92	     0.00	     0.00	     0.00	     0.00	     0.00	     0.00
  7436.05	  -202.21	  -191.00	     0.24	    20.01	     0.00	     0.00	     0.00	     0.00	     0.00	     0.00
  7456.08	  -202.21	  -191.00	     0.24	    20.03	     0.00	     0.00	     0.00	     0.00	     0.00	     0.00
  7476.75	  -202.21	  -191.00	     0.24	    20.67	     0.00	     0.00	     0.00	     0.00	     0.00	     0.00
  7496.17	  -202.21	  -191.00	     0.24	    19.43	     0.00	     0.00	     0.00	     0.00	     0.00	     0.00
  7516.18	  -202.21	  -191.00	     0.24	    20.00	     0.00	     0.00	     0.00	     0.00	     0.00	     0.00
  7536.74	  -202.21	  -191.00	     0.24	    20.57	     0.00	     0.00	     0.00	     0.00	     0.00	     0.00
  7556.46	  -202.21	  -191.00	     0.24	    19.72	     0.00	     0.00	     0.00	     0.00	     0.00	     0.00
  7585.20	  -215.84	  -195.64	     0.24	    28.74	   -13.64	    -4.64	    -0.00	    14.41	  -501.27	    -0.01
  7596.17	  -215.84	  -195.64	     0.24	    10.97	     0.00	     0.00	     0.00	     0.00	     0.00	     0.00
  7616.33	  -215.84	  -195.64	     0.24	    20.17	     0.00	     0.00	     0.00	     0.00	     0.00	     0.00
  7636.25	  -215.84	  -195.64	     0.24	    19.92	     0.00	     0.00	     0.00	     0.00	     0.00	     0.00
  7658.07	  -196.45	  -189.43	     0.24	    21.82	    19.39	     6.22	    -0.00	    20.36	   933.36	    -0.10
  7676.21	  -196.45	  -189.43	     0.24	    18.14	     0.00	     0.00	     0.00	     0.00	     0.00	     0.00
  7696.17	  -196.45	  -189.43	     0.24	    19.96	     0.00	     0.00	     0.00	     0.00	     0.00	     0.00
  7716.18	  -196.45	  -189.43	     0.24	    20.00	     0.00	     0.00	     0.00	     0.00	     0.00	     0.00
  7736.18	  -196.45	  -189.43	     0.24	    20.00	     0.00	     0.00	     0.00	     0.00	     0.00	     0.00
  7756.77	  -196.45	  -189.43	     0.24	    20.59	     0.00	     0.00	     0.00	     0.00	     0.00	     0.00
  7776.21	  -196.45	  -189.43	     0.24	    19.44	     0.00	     0.00	     0.00	     0.00	     0.00	     0.00
  7796.71	  -196.45	  -189.43	     0.24	    20.50	     0.00	     0.00	     0.00	     0.00	     0.00	     0.00
  7816.85	  -196.45	  -189.43	     0.24	    20.15	     0.00	     0.00	     0.00	     0.00	     0.00	     0.00
  7837.65	  -196.45	  -189.43	     0.24	    20.80	     0.00	     0.00	     0.00	     0.00	     0.00	     0.00
  7856.35	  -196.45	  -189.43	     0.24	    18.70	     0.00	     0.00	     0.00	     0.00	     0.00	     0.00
  7876.19	  -196.45	  -189.43	     0.24	    19.85	     0.00	     0.00	     0.00	     0.00	     0.00	     0.00
  7896.21	  -196.45	  -189.43	     0.24	    20.01	     0.00	     0.00	     0.00	     0.00	     0.00	     0.00
  7916.66	  -196.45	  -189.43	     0.24	    20.45	     0.00	     0.00	     0.00	     0.00	     0.00	     0.00
  7936.94	  -196.45	  -189.43	     0.24	    20.29	     0.00	     0.00	     0.00	     0.00	     0.00	     0.00
  7956.57	  -207.25	  -191.13	     0.25	    19.62	   -10.80	    -1.70	     0.01	    10.93	  -557.19	     0.69
  7976.32	  -207.25	  -191.13	     0.25	    19.75	     0.00	     0.00	     0.00	     0.00	     0.00	     0.00
  7996.22	  -207.25	  -191.13	     0.25	    19.90	     0.00	     0.00	     0.00	     0.00	     0.00	     0.00
  8016.32	  -207.25	  -191.13	     0.25	    20.11	     0.00	     0.00	     0.00	     0.00	     0.00	     0.00
  8052.95	  -207.25	  -191.13	     0.25	    36.62	     0.00	     0.00	     0.00	     0.00	     0.00	     0.00
  8073.09	  -207.25	  -191.13	     0.25	    20.14	     0.00	     0.00	     0.00	     0.00	     0.00	     0.00
  8093.97	  -207.25	  -191.13	     0.25	    20.88	     0.00	     0.00	     0.00	     0.00	     0.00	     0.00
  8113.76	  -207.25	  -191.13	     0.25	    19.79	     0.00	     0.00	     0.00	     0.00	     0.00	     0.00
  8133.30	  -207.25	  -191.13	     0.25	    19.54	     0.00	     0.00	     0.00	     0.00	     0.00	     0.00
  8153.42	  -207.25	  -191.13	     0.25	    20.12	     0.00	     0.00	     0.00	     0.00	     0.00	     0.00
  8173.94	  -207.25	  -191.13	     0.25	    20.52	     0.00	     0.00	     0.00	     0.00	     0.00	     0.00
  8193.52	  -207.25	  -191.13	     0.25	    19.58	     0.00	     0.00	     0.00	     0.00	     0.00	     0.00
  8214.41	  -207.25	  -191.13	     0.25	    20.88	     0.00	     0.00	     0.00	     0.00	     0.00	     0.00
  8233.32	  -207.25	  -191.13	     0.25	    18.91	     0.00	     0.00	     0.00	     0.00	     0.00	     0.00
  8254.01	  -207.25	  -191.13	     0.25	    20.69	     0.00	     0.00	     0.00	     0.00	     0.00	     0.00
  8273.62	  -207.25	  -191.13	     0.25	    19.61	     0.00	     0.00	     0.00	     0.00	     0.00	     0.00
  8293.65	  -207.25	  -191.13	     0.25	    20.03	     0.00	     0.00	     0.00	     0.00	     0.00	     0.00
  8313.37	  -207.25	  -191.13	     0.25	    19.72	     0.00	     0.00	     0.00	     0.00	     0.00	     0.00
  8333.36	  -207.25	  -191.13	     0.25	    20.00	     0.00	     0.00	     0.00	     0.00	     0.00	     0.00
  8353.89	  -207.25	  -191.13	     0.25	    20.52	     0.00	     0.00	     0.00	     0.00	     0.00	     0.00
  8374.07	  -207.25	  -191.13	     0.25	    20.19	     0.00	     0.00	     0.00	     0.00	     0.00	     0.00
  8394.43	  -207.25	  -191.13	     0.25	    20.36	     0.00	     0.00	     0.00	     0.00	     0.00	     0.00
  8413.35	  -207.25	  -191.13	     0.25	    18.92	     0.00	     0.00	     0.00	     0.00	     0.00	     0.00
  8433.47	  -207.25	  -191.13	     0.25	    20.11	     0.00	     0.00	     0.00	     0.00	     0.00	     0.00
  8453.37	  -207.25	  -191.13	     0.25	    19.90	     0.00	     0.00	     0.00	     0.00	     0.00	     0.00
  8473.40	  -207.25	  -191.13	     0.25	    20.03	     0.00	     0.00	     0.00	     0.00	     0.00	     0.00
  8494.44	  -207.25	  -191.13	     0.25	    21.04	     0.00	     0.00	     0.00	     0.00	     0.00	     0.00
  8514.10	  -210.13	  -191.92	     0.24	    19.66	    -2.87	    -0.79	    -0.02	     2.98	  -151.63	    -0.90
  8533.65	  -210.13	  -191.92	     0.24	    19.55	     0.00	     0.00	     0.00	     0.00	     0.00	     0.00
  8553.65	  -210.13	  -191.92	     0.24	    20.01	     0.00	     0.00	     0.00	     0.00	     0.00	     0.00
  8573.65	  -210.13	  -191.92	     0.24	    20.00	     0.00	     0.00	     0.00	     0.00	     0.00	     0.00
  8593.71	  -210.13	  -191.92	     0.24	    20.06	     0.00	     0.00	     0.00	     0.00	     0.00	     0.00
  8613.92	  -210.13	  -191.92	     0.24	    20.21	     0.00	     0.00	     0.00	     0.00	     0.00	     0.00
  8633.92	  -210.13	  -191.92	     0.24	    20.00	     0.00	     0.00	     0.00	     0.00	     0.00	     0.00
  8653.85	  -210.13	  -191.92	     0.24	    19.94	     0.00	     0.00	     0.00	     0.00	     0.00	     0.00
  8674.92	  -210.13	  -191.92	     0.24	    21.06	     0.00	     0.00	     0.00	     0.00	     0.00	     0.00
  8694.92	  -210.13	  -191.92	     0.24	    20.00	     0.00	     0.00	     0.00	     0.00	     0.00	     0.00
  8714.88	  -210.13	  -191.92	     0.24	    19.97	     0.00	     0.00	     0.00	     0.00	     0.00	     0.00
  8734.95	  -210.13	  -191.92	     0.24	    20.06	     0.00	     0.00	     0.00	     0.00	     0.00	     0.00
  8755.20	  -210.13	  -191.92	     0.24	    20.25	     0.00	     0.00	     0.00	     0.00	     0.00	     0.00
  8775.22	  -210.13	  -191.92	     0.24	    20.01	     0.00	     0.00	     0.00	     0.00	     0.00	     0.00
  8794.89	  -210.13	  -191.92	     0.24	    19.67	     0.00	     0.00	     0.00	     0.00	     0.00	     0.00
  8814.90	  -210.13	  -191.92	     0.24	    20.01	     0.00	     0.00	     0.00	     0.00	     0.00	     0.00
  8834.91	  -210.13	  -191.92	     0.24	    20.01	     0.00	     0.00	     0.00	     0.00	     0.00	     0.00
  8854.94	  -210.13	  -191.92	     0.24	    20.04	     0.00	     0.00	     0.00	     0.00	     0.00	     0.00
  8874.95	  -210.13	  -191.92	     0.24	    20.00	     0.00	     0.00	     0.00	     0.00	     0.00	     0.00
  8894.97	  -210.13	  -191.92	     0.24	    20.02	     0.00	     0.00	     0.00	     0.00	     0.00	     0.00
  8914.97	  -210.13	  -191.92	     0.24	    20.01	     0.00	     0.00	     0.00	     0.00	     0.00	     0.00
  8936.50	  -210.13	  -191.92	     0.24	    21.52	     0.00	     0.00	     0.00	     0.00	     0.00	     0.00
  8956.60	  -210.13	  -191.92	     0.24	    20.10	     0.00	     0.00	     0.00	     0.00	     0.00	     0.00
  8976.54	  -210.13	  -191.92	     0.24	    19.94	     0.00	     0.00	     0.00	     0.00	     0.00	     0.00
  8996.57	  -210.13	  -191.92	     0.24	    20.03	     0.00	     0.00	     0.00	     0.00	     0.00	     0.00
  9017.32	  -210.13	  -191.92	     0.24	    20.74	     0.00	     0.00	     0.00	     0.00	     0.00	     0.00
  9036.62	  -210.13	  -191.92	     0.24	    19.30	     0.00	     0.00	     0.00	     0.00	     0.00	     0.00
  9057.04	  -210.13	  -191.92	     0.24	    20.42	     0.00	     0.00	     0.00	     0.00	     0.00	     0.00
  9076.74	  -210.13	  -191.92	     0.24	    19.70	     0.00	     0.00	     0.00	     0.00	     0.00	     0.00
  9096.71	  -210.13	  -191.92	     0.24	    19.97	     0.00	     0.00	     0.00	     0.00	     0.00	     0.00
  9116.85	  -210.13	  -191.92	     0.24	    20.13	     0.00	     0.00	     0.00	     0.00	     0.00	     0.00
  9137.70	  -210.13	  -191.92	     0.24	    20.85	     0.00	     0.00	     0.00	     0.00	     0.00	     0.00
  9156.97	  -210.13	  -191.92	     0.24	    19.26	     0.00	     0.00	     0.00	     0.00	     0.00	     0.00
  9176.66	  -210.13	  -191.92	     0.24	    19.69	     0.00	     0.00	     0.00	     0.00	     0.00	     0.00
  9196.64	  -210.13	  -191.92	     0.24	    19.99	     0.00	     0.00	     0.00	     0.00	     0.00	     0.00
  9216.69	  -210.13	  -191.92	     0.24	    20.05	     0.00	     0.00	     0.00	     0.00	     0.00	     0.00
  9236.71	  -210.13	  -191.92	     0.24	    20.02	     0.00	     0.00	     0.00	     0.00	     0.00	     0.00
  9256.66	  -210.13	  -191.92	     0.24	    19.95	     0.00	     0.00	     0.00	     0.00	     0.00	     0.00
  9276.62	  -210.13	  -191.92	     0.24	    19.95	     0.00	     0.00	     0.00	     0.00	     0.00	     0.00
  9296.63	  -210.13	  -191.92	     0.24	    20.01	     0.00	     0.00	     0.00	     0.00	     0.00	     0.00
  9316.69	  -210.13	  -191.92	     0.24	    20.06	     0.00	     0.00	     0.00	     0.00	     0.00	     0.00
  9337.87	  -202.21	  -191.00	     0.24	    21.19	     7.92	     0.91	     0.01	     7.98	   376.47	     0.30
  9356.73	  -202.21	  -191.00	     0.24	    18.86	     0.00	     0.00	     0.00	     0.00	     0.00	     0.00
  9377.34	  -202.21	  -191.00	     0.24	    20.61	     0.00	     0.00	     0.00	     0.00	     0.00	     0.00
  9400.42	  -202.21	  -191.00	     0.24	    23.08	     0.00	     0.00	     0.00	     0.00	     0.00	     0.00
  9420.50	  -202.21	  -191.00	     0.24	    20.09	     0.00	     0.00	     0.00	     0.00	     0.00	     0.00
  9441.20	  -202.21	  -191.00	     0.24	    20.70	     0.00	     0.00	     0.00	     0.00	     0.00	     0.00
  9460.74	  -194.29	  -189.37	     0.25	    19.54	     7.92	     1.63	     0.01	     8.08	   413.69	     0.62
  9480.86	  -201.46	  -192.42	     0.25	    20.12	    -7.18	    -3.05	    -0.00	     7.80	  -387.49	    -0.07
  9500.92	  -195.74	  -188.69	     0.24	    20.06	     5.72	     3.73	    -0.02	     6.83	   340.54	    -0.77
  9521.63	  -195.74	  -188.69	     0.24	    20.70	     0.00	     0.00	     0.00	     0.00	     0.00	     0.00
  9541.77	  -195.74	  -188.69	     0.24	    20.14	     0.00	     0.00	     0.00	     0.00	     0.00	     0.00
  9560.59	  -195.74	  -188.69	     0.24	    18.82	     0.00	     0.00	     0.00	     0.00	     0.00	     0.00
  9581.96	  -195.74	  -188.69	     0.24	    21.37	     0.00	     0.00	     0.00	     0.00	     0.00	     0.00
  9602.39	  -195.74	  -188.69	     0.24	    20.43	     0.00	     0.00	     0.00	     0.00	     0.00	     0.00
  9622.45	  -195.74	  -188.69	     0.24	    20.06	     0.00	     0.00	     0.00	     0.00	     0.00	     0.00
  9642.13	  -195.74	  -188.69	     0.24	    19.68	     0.00	     0.00	     0.00	     0.00	     0.00	     0.00
  9661.55	  -202.21	  -191.00	     0.24	    19.42	    -6.46	    -2.31	     0.01	     6.87	  -353.47	     0.27
  9681.91	  -202.21	  -191.00	     0.24	    20.36	     0.00	     0.00	     0.00	     0.00	     0.00	     0.00
  9702.30	  -202.21	  -191.00	     0.26	    20.38	     0.00	     0.00	     0.02	     0.00	     0.00	     0.92
  9723.22	  -207.97	  -191.86	     0.22	    20.93	    -5.76	    -0.86	    -0.04	     5.82	  -278.30	    -1.94
  9741.22	  -207.97	  -191.86	     0.22	    18.00	     0.00	     0.00	     0.00	     0.00	     0.00	     0.00
  9761.51	  -207.97	  -191.86	     0.22	    20.29	     0.00	     0.00	     0.00	     0.00	     0.00	     0.00
  9781.39	  -207.97	  -191.86	     0.22	    19.88	     0.00	     0.00	     0.00	     0.00	     0.00	     0.00
  9802.75	  -200.75	  -191.69	     0.23	    21.36	     7.21	     0.18	     0.01	     7.21	   337.72	     0.45
  9821.34	  -200.75	  -191.69	     0.23	    18.59	     0.00	     0.00	     0.00	     0.00	     0.00	     0.00
  9841.37	  -200.75	  -191.69	     0.23	    20.03	     0.00	     0.00	     0.00	     0.00	     0.00	     0.00
  9861.53	  -200.75	  -191.69	     0.23	    20.16	     0.00	     0.00	     0.00	     0.00	     0.00	     0.00
  9891.16	  -202.20	  -191.72	     0.27	    29.63	    -1.44	    -0.04	     0.04	     1.44	   -48.71	     1.51
  9901.31	  -202.20	  -191.72	     0.27	    10.15	     0.00	     0.00	     0.00	     0.00	     0.00	     0.00
  9922.14	  -202.20	  -191.72	     0.27	    20.83	     0.00	     0.00	     0.00	     0.00	     0.00	     0.00
  9941.31	  -202.20	  -191.72	     0.27	    19.17	     0.00	     0.00	     0.00	     0.00	     0.00	     0.00
  9961.75	  -202.20	  -191.72	     0.27	    20.44	     0.00	     0.00	     0.00	     0.00	     0.00	     0.00
  9981.81	  -202.20	  -191.72	     0.27	    20.06	     0.00	     0.00	     0.00	     0.00	     0.00	     0.00
 10002.70	  -202.20	  -191.72	     0.27	    20.89	     0.00	     0.00	     0.00	     0.00	     0.00	     0.00
 10021.81	  -202.20	  -191.72	     0.27	    19.11	     0.00	     0.00	     0.00	     0.00	     0.00	     0.00
 10041.92	  -202.20	  -191.72	     0.27	    20.11	     0.00	     0.00	     0.00	     0.00	     0.00	     0.00
 10061.99	  -202.20	  -191.72	     0.27	    20.07	     0.00	     0.00	     0.00	     0.00	     0.00	     0.00
 10081.82	  -202.20	  -191.72	     0.27	    19.83	     0.00	     0.00	     0.00	     0.00	     0.00	     0.00
 10101.85	  -202.20	  -191.72	     0.27	    20.03	     0.00	     0.00	     0.00	     0.00	     0.00	     0.00
 10121.84	  -202.20	  -191.72	     0.27	    19.99	     0.00	     0.00	     0.00	     0.00	     0.00	     0.00
 10141.79	  -202.20	  -191.72	     0.27	    19.95	     0.00	     0.00	     0.00	     0.00	     0.00	     0.00
 10162.18	  -202.20	  -191.72	     0.27	    20.39	     0.00	     0.00	     0.00	     0.00	     0.00	     0.00
 10183.05	  -203.65	  -191.04	     0.23	    20.87	    -1.45	     0.68	    -0.04	     1.60	   -76.86	    -2.12
 10201.83	  -203.65	  -191.04	     0.23	    18.78	     0.00	     0.00	     0.00	     0.00	     0.00	     0.00
 10221.90	  -203.65	  -191.04	     0.23	    20.07	     0.00	     0.00	     0.00	     0.00	     0.00	     0.00
 10242.18	  -202.21	  -191.00	     0.22	    20.28	     1.44	     0.04	    -0.01	     1.44	    71.10	    -0.34
 10261.84	  -202.21	  -191.00	     0.22	    19.66	     0.00	     0.00	     0.00	     0.00	     0.00	     0.00
 10281.84	  -202.21	  -191.00	     0.22	    20.00	     0.00	     0.00	     0.00	     0.00	     0.00	     0.00
 10301.90	  -202.21	  -191.00	     0.22	    20.06	     0.00	     0.00	     0.00	     0.00	     0.00	     0.00
 10321.88	  -202.21	  -191.00	     0.22	    19.98	     0.00	     0.00	     0.00	     0.00	     0.00	     0.00
 10343.06	  -202.21	  -191.00	     0.22	    21.18	     0.00	     0.00	     0.00	     0.00	     0.00	     0.00
 10362.47	  -202.21	  -191.00	     0.22	    19.40	     0.00	     0.00	     0.00	     0.00	     0.00	     0.00
 10383.08	  -202.93	  -191.02	     0.25	    20.61	    -0.72	    -0.02	     0.03	     0.72	   -35.01	     1.31
 10401.94	  -202.93	  -191.02	     0.25	    18.86	     0.00	     0.00	     0.00	     0.00	     0.00	     0.00
 10422.25	  -202.93	  -191.02	     0.25	    20.31	     0.00	     0.00	     0.00	     0.00	     0.00	     0.00
 10442.47	  -202.93	  -191.02	     0.25	    20.22	     0.00	     0.00	     0.00	     0.00	     0.00	     0.00
 10462.89	  -202.93	  -191.02	     0.25	    20.42	     0.00	     0.00	     0.00	     0.00	     0.00	     0.00
 10483.75	  -215.13	  -194.91	     0.26	    20.86	   -12.21	    -3.89	     0.01	    12.81	  -614.20	     0.63
 10502.46	  -215.13	  -194.91	     0.26	    18.71	     0.00	     0.00	     0.00	     0.00	     0.00	     0.00
 10522.57	  -215.13	  -194.91	     0.26	    20.11	     0.00	     0.00	     0.00	     0.00	     0.00	     0.00
 10542.51	  -215.13	  -194.91	     0.26	    19.94	     0.00	     0.00	     0.00	     0.00	     0.00	     0.00
 10563.37	  -215.13	  -194.91	     0.26	    20.86	     0.00	     0.00	     0.00	     0.00	     0.00	     0.00
 10582.58	  -215.13	  -194.91	     0.26	    19.20	     0.00	     0.00	     0.00	     0.00	     0.00	     0.00
 10602.49	  -215.13	  -194.91	     0.26	    19.91	     0.00	     0.00	     0.00	     0.00	     0.00	     0.00
 10622.84	  -205.08	  -191.79	     0.26	    20.35	    10.05	     3.12	    -0.00	    10.52	   517.22	    -0.12
 10642.83	  -190.69	  -188.56	     0.26	    20.00	    14.39	     3.23	    -0.01	    14.75	   737.64	    -0.31
 10663.45	  -206.53	  -191.11	     0.24	    20.62	   -15.84	    -2.55	    -0.02	    16.05	  -778.27	    -0.86
 10682.85	  -206.53	  -191.11	     0.24	    19.40	     0.00	     0.00	     0.00	     0.00	     0.00	     0.00
 10702.52	  -206.53	  -191.11	     0.24	    19.67	     0.00	     0.00	     0.00	     0.00	     0.00	     0.00
 10722.77	  -197.16	  -190.88	     0.26	    20.25	     9.38	     0.23	     0.02	     9.38	   463.25	     1.10
 10743.83	  -197.16	  -190.88	     0.26	    21.06	     0.00	     0.00	     0.00	     0.00	     0.00	     0.00
 10763.60	  -197.16	  -190.88	     0.26	    19.76	     0.00	     0.00	     0.00	     0.00	     0.00	     0.00
 10782.82	  -202.92	  -191.74	     0.26	    19.22	    -5.76	    -0.86	    -0.00	     5.83	  -303.08	    -0.24
 10802.80	  -202.20	  -191.72	     0.27	    19.98	     0.72	     0.02	     0.01	     0.72	    36.12	     0.52
 10823.90	  -202.20	  -191.72	     0.27	    21.11	     0.00	     0.00	     0.00	     0.00	     0.00	     0.00
 10842.69	  -202.20	  -191.72	     0.27	    18.79	     0.00	     0.00	     0.00	     0.00	     0.00	     0.00
 10862.58	  -202.20	  -191.72	     0.27	    19.89	     0.00	     0.00	     0.00	     0.00	     0.00	     0.00
 10882.59	  -202.20	  -191.72	     0.27	    20.00	     0.00	     0.00	     0.00	     0.00	     0.00	     0.00
 10902.81	  -202.20	  -191.72	     0.27	    20.23	     0.00	     0.00	     0.00	     0.00	     0.00	     0.00
 10923.72	  -202.20	  -191.72	     0.27	    20.90	     0.00	     0.00	     0.00	     0.00	     0.00	     0.00
 10943.73	  -202.20	  -191.72	     0.27	    20.01	     0.00	     0.00	     0.00	     0.00	     0.00	     0.00
 10962.56	  -202.20	  -191.72	     0.27	    18.83	     0.00	     0.00	     0.00	     0.00	     0.00	     0.00
 10982.60	  -202.20	  -191.72	     0.27	    20.04	     0.00	     0.00	     0.00	     0.00	     0.00	     0.00
 11003.34	  -202.20	  -191.72	     0.27	    20.74	     0.00	     0.00	     0.00	     0.00	     0.00	     0.00
 11022.95	  -202.20	  -191.72	     0.27	    19.61	     0.00	     0.00	     0.00	     0.00	     0.00	     0.00
 11044.03	  -202.20	  -191.72	     0.27	    21.08	     0.00	     0.00	     0.00	     0.00	     0.00	     0.00
 11062.57	  -202.20	  -191.72	     0.27	    18.54	     0.00	     0.00	     0.00	     0.00	     0.00	     0.00
 11082.66	  -202.20	  -191.72	     0.27	    20.09	     0.00	     0.00	     0.00	     0.00	     0.00	     0.00
 11104.10	  -202.20	  -191.72	     0.27	    21.44	     0.00	     0.00	     0.00	     0.00	     0.00	     0.00
 11124.56	  -207.97	  -191.86	     0.26	    20.46	    -5.77	    -0.14	    -0.01	     5.77	  -282.09	    -0.50
 11142.95	  -207.97	  -191.86	     0.26	    18.39	     0.00	     0.00	     0.00	     0.00	     0.00	     0.00
 11162.63	  -207.97	  -191.86	     0.26	    19.68	     0.00	     0.00	     0.00	     0.00	     0.00	     0.00
 11182.72	  -207.97	  -191.86	     0.26	    20.09	     0.00	     0.00	     0.00	     0.00	     0.00	     0.00
 11202.82	  -207.97	  -191.86	     0.26	    20.10	     0.00	     0.00	     0.00	     0.00	     0.00	     0.00
 11223.55	  -207.97	  -191.86	     0.26	    20.73	     0.00	     0.00	     0.00	     0.00	     0.00	     0.00
 11242.83	  -207.97	  -191.86	     0.26	    19.28	     0.00	     0.00	     0.00	     0.00	     0.00	     0.00
 11263.43	  -207.97	  -191.86	     0.26	    20.60	     0.00	     0.00	     0.00	     0.00	     0.00	     0.00
 11284.42	  -211.52	  -195.54	     0.26	    20.98	    -3.55	    -3.67	     0.01	     5.11	  -243.62	     0.45
 11302.85	  -211.52	  -195.54	     0.26	    18.43	     0.00	     0.00	     0.00	     0.00	     0.00	     0.00
 11323.93	  -211.52	  -195.54	     0.26	    21.09	     0.00	     0.00	     0.00	     0.00	     0.00	     0.00
 11342.91	  -211.52	  -195.54	     0.26	    18.97	     0.00	     0.00	     0.00	     0.00	     0.00	     0.00
 11363.21	  -211.52	  -195.54	     0.26	    20.30	     0.00	     0.00	     0.00	     0.00	     0.00	     0.00
 11383.42	  -211.52	  -195.54	     0.26	    20.22	     0.00	     0.00	     0.00	     0.00	     0.00	     0.00
 11402.97	  -211.52	  -195.54	     0.26	    19.55	     0.00	     0.00	     0.00	     0.00	     0.00	     0.00
 11422.85	  -211.52	  -195.54	     0.26	    19.88	     0.00	     0.00	     0.00	     0.00	     0.00	     0.00
 11442.97	  -211.52	  -195.54	     0.26	    20.11	     0.00	     0.00	     0.00	     0.00	     0.00	     0.00
 11462.96	  -211.52	  -195.54	     0.26	    19.99	     0.00	     0.00	     0.00	     0.00	     0.00	     0.00
 11482.93	  -211.52	  -195.54	     0.26	    19.97	     0.00	     0.00	     0.00	     0.00	     0.00	     0.00
 11503.21	  -211.52	  -195.54	     0.26	    20.27	     0.00	     0.00	     0.00	     0.00	     0.00	     0.00
 11522.98	  -211.52	  -195.54	     0.26	    19.77	     0.00	     0.00	     0.00	     0.00	     0.00	     0.00
 11542.92	  -211.52	  -195.54	     0.26	    19.94	     0.00	     0.00	     0.00	     0.00	     0.00	     0.00
 11563.03	  -211.52	  -195.54	     0.26	    20.11	     0.00	     0.00	     0.00	     0.00	     0.00	     0.00
 11582.96	  -211.52	  -195.54	     0.26	    19.93	     0.00	     0.00	     0.00	     0.00	     0.00	     0.00
 11602.98	  -211.52	  -195.54	     0.26	    20.02	     0.00	     0.00	     0.00	     0.00	     0.00	     0.00
 11622.95	  -211.52	  -195.54	     0.26	    19.97	     0.00	     0.00	     0.00	     0.00	     0.00	     0.00
 11643.26	  -211.52	  -195.54	     0.26	    20.32	     0.00	     0.00	     0.00	     0.00	     0.00	     0.00
 11663.68	  -211.52	  -195.54	     0.26	    20.42	     0.00	     0.00	     0.00	     0.00	     0.00	     0.00
 11685.12	  -197.88	  -190.90	     0.28	    21.44	    13.64	     4.64	     0.01	    14.41	   672.22	     0.59
 11703.18	  -197.88	  -190.90	     0.28	    18.05	     0.00	     0.00	     0.00	     0.00	     0.00	     0.00
 11724.10	  -197.88	  -190.90	     0.28	    20.92	     0.00	     0.00	     0.00	     0.00	     0.00	     0.00
 11743.66	  -197.88	  -190.90	     0.28	    19.56	     0.00	     0.00	     0.00	     0.00	     0.00	     0.00
 11763.29	  -197.88	  -190.90	     0.28	    19.63	     0.00	     0.00	     0.00	     0.00	     0.00	     0.00
 11783.82	  -197.88	  -190.90	     0.28	    20.53	     0.00	     0.00	     0.00	     0.00	     0.00	     0.00
 11802.99	  -197.88	  -190.90	     0.28	    19.18	     0.00	     0.00	     0.00	     0.00	     0.00	     0.00
 11823.39	  -197.88	  -190.90	     0.28	    20.40	     0.00	     0.00	     0.00	     0.00	     0.00	     0.00
 11843.66	  -197.88	  -190.90	     0.28	    20.27	     0.00	     0.00	     0.00	     0.00	     0.00	     0.00
 11863.08	  -197.88	  -190.90	     0.28	    19.41	     0.00	     0.00	     0.00	     0.00	     0.00	     0.00
 11882.96	  -197.88	  -190.90	     0.28	    19.88	     0.00	     0.00	     0.00	     0.00	     0.00	     0.00
 11903.30	  -197.88	  -190.90	     0.23	    20.34	    -0.00	    -0.00	    -0.05	     0.00	    -0.03	    -2.30
