     Time	    Pos x	    Pos y	    Angle	Diff Time	Diff Posx	Diff Posy	Diff Angl	Diff Long	Rel Speed	Rel AnSpd	
     0.00	 -1345.79	  -540.39	     0.00	     0.00	     0.00	     0.00	     0.00	     0.00	     0.00	     0.00
    21.35	 -1344.42	  -538.96	    -0.02	    21.35	     1.37	     1.43	    -0.02	     1.98	    92.70	    -1.07
    41.67	 -1341.62	  -540.33	     0.03	    20.31	     2.80	    -1.37	     0.05	     3.12	   153.65	     2.27
    60.01	 -1341.62	  -540.33	     0.03	    18.34	     0.00	     0.00	     0.00	     0.00	     0.00	     0.00
    79.50	 -1341.62	  -540.33	     0.03	    19.48	     0.00	     0.00	     0.00	     0.00	     0.00	     0.00
   100.04	 -1334.66	  -540.22	     0.00	    20.54	     6.95	     0.10	    -0.02	     6.96	   338.60	    -1.16
   121.73	 -1331.88	  -540.18	     0.00	    21.69	     2.78	     0.04	    -0.00	     2.78	   128.25	    -0.01
   141.57	 -1331.88	  -540.18	     0.00	    19.84	     0.00	     0.00	     0.00	     0.00	     0.00	     0.00
   160.05	 -1326.32	  -540.10	    -0.02	    18.49	     5.56	     0.08	    -0.02	     5.56	   300.95	    -1.23
   181.03	 -1320.76	  -540.02	    -0.02	    20.97	     5.56	     0.08	     0.00	     5.56	   265.27	     0.00
   201.20	 -1315.17	  -541.35	    -0.02	    20.18	     5.59	    -1.33	    -0.00	     5.74	   284.55	    -0.00
   221.12	 -1309.63	  -539.86	    -0.04	    19.92	     5.54	     1.49	    -0.02	     5.74	   287.96	    -1.15
   242.02	 -1304.77	  -539.79	    -0.02	    20.90	     4.87	     0.07	     0.02	     4.87	   232.87	     1.12
   260.01	 -1304.77	  -539.79	    -0.02	    17.99	     0.00	     0.00	     0.00	     0.00	     0.00	     0.00
   280.34	 -1298.51	  -539.70	    -0.02	    20.33	     6.26	     0.09	    -0.00	     6.26	   307.77	    -0.10
   301.37	 -1298.51	  -539.70	    -0.02	    21.03	     0.00	     0.00	     0.00	     0.00	     0.00	     0.00
   319.56	 -1298.51	  -539.70	    -0.02	    18.19	     0.00	     0.00	     0.00	     0.00	     0.00	     0.00
   340.09	 -1284.59	  -540.91	    -0.05	    20.53	    13.92	    -1.21	    -0.02	    13.98	   680.93	    -1.17
   360.09	 -1279.00	  -542.24	    -0.02	    20.00	     5.58	    -1.33	     0.03	     5.74	   286.94	     1.29
   380.54	 -1270.66	  -542.12	    -0.02	    20.45	     8.34	     0.12	    -0.00	     8.34	   407.78	    -0.08
   400.98	 -1263.02	  -542.01	    -0.07	    20.44	     7.64	     0.11	    -0.04	     7.64	   374.04	    -2.12
   421.43	 -1263.02	  -542.01	    -0.07	    20.46	     0.00	     0.00	     0.00	     0.00	     0.00	     0.00
   440.06	 -1253.96	  -543.29	    -0.07	    18.63	     9.06	    -1.28	    -0.00	     9.15	   490.97	    -0.05
   459.63	 -1253.96	  -543.29	    -0.07	    19.57	     0.00	     0.00	     0.00	     0.00	     0.00	     0.00
   479.59	 -1253.96	  -543.29	    -0.07	    19.96	     0.00	     0.00	     0.00	     0.00	     0.00	     0.00
   502.53	 -1240.05	  -544.50	    -0.02	    22.94	    13.92	    -1.21	     0.05	    13.97	   608.98	     2.00
   523.11	 -1223.37	  -544.25	    -0.07	    20.57	    16.67	     0.24	    -0.05	    16.68	   810.59	    -2.23
   540.01	 -1223.37	  -544.25	    -0.07	    16.90	     0.00	     0.00	     0.00	     0.00	     0.00	     0.00
   559.62	 -1223.37	  -544.25	    -0.07	    19.61	     0.00	     0.00	     0.00	     0.00	     0.00	     0.00
   579.61	 -1223.37	  -544.25	    -0.07	    19.99	     0.00	     0.00	     0.00	     0.00	     0.00	     0.00
   600.91	 -1223.37	  -544.25	    -0.07	    21.29	     0.00	     0.00	     0.00	     0.00	     0.00	     0.00
   620.12	 -1196.90	  -548.10	     0.00	    19.21	    26.47	    -3.85	     0.07	    26.75	  1392.29	     3.56
   639.65	 -1196.90	  -548.10	     0.00	    19.53	     0.00	     0.00	     0.00	     0.00	     0.00	     0.00
   660.09	 -1178.84	  -547.84	    -0.07	    20.44	    18.06	     0.26	    -0.07	    18.06	   883.52	    -3.35
   680.09	 -1170.48	  -549.13	    -0.04	    20.00	     8.36	    -1.29	     0.02	     8.46	   422.95	     1.15
   701.29	 -1170.48	  -549.13	    -0.04	    21.20	     0.00	     0.00	     0.00	     0.00	     0.00	     0.00
   720.08	 -1160.07	  -548.98	    -0.02	    18.79	    10.42	     0.15	     0.02	    10.42	   554.64	     1.07
   739.66	 -1160.07	  -548.98	    -0.02	    19.58	     0.00	     0.00	     0.00	     0.00	     0.00	     0.00
   761.75	 -1160.07	  -548.98	    -0.02	    22.09	     0.00	     0.00	     0.00	     0.00	     0.00	     0.00
   782.95	 -1134.32	  -551.42	    -0.02	    21.20	    25.75	    -2.45	     0.00	    25.87	  1220.01	     0.14
   802.76	 -1125.98	  -551.30	    -0.06	    19.81	     8.34	     0.12	    -0.04	     8.34	   420.77	    -2.14
   820.77	 -1125.98	  -551.30	    -0.06	    18.01	     0.00	     0.00	     0.00	     0.00	     0.00	     0.00
   840.69	 -1114.85	  -551.85	    -0.06	    19.92	    11.13	    -0.54	     0.01	    11.14	   559.13	     0.32
   860.32	 -1114.85	  -551.85	    -0.06	    19.63	     0.00	     0.00	     0.00	     0.00	     0.00	     0.00
   880.63	 -1114.85	  -551.85	    -0.06	    20.31	     0.00	     0.00	     0.00	     0.00	     0.00	     0.00
   900.90	 -1095.35	  -554.38	    -0.03	    20.27	    19.50	    -2.54	     0.02	    19.66	   970.04	     1.10
   920.51	 -1095.35	  -554.38	    -0.03	    19.60	     0.00	     0.00	     0.00	     0.00	     0.00	     0.00
   941.71	 -1095.35	  -554.38	    -0.03	    21.20	     0.00	     0.00	     0.00	     0.00	     0.00	     0.00
   963.03	 -1067.52	  -556.10	    -0.09	    21.32	    27.83	    -1.71	    -0.06	    27.88	  1307.54	    -2.59
   984.04	 -1067.52	  -556.10	    -0.09	    21.00	     0.00	     0.00	     0.00	     0.00	     0.00	     0.00
  1002.79	 -1067.52	  -556.10	    -0.09	    18.75	     0.00	     0.00	     0.00	     0.00	     0.00	     0.00
  1023.19	 -1048.04	  -557.22	    -0.07	    20.40	    19.48	    -1.13	     0.02	    19.52	   956.67	     1.12
  1043.95	 -1048.04	  -557.22	    -0.07	    20.77	     0.00	     0.00	     0.00	     0.00	     0.00	     0.00
  1063.25	 -1048.04	  -557.22	    -0.07	    19.29	     0.00	     0.00	     0.00	     0.00	     0.00	     0.00
  1085.28	 -1020.19	  -559.64	    -0.04	    22.03	    27.85	    -2.42	     0.03	    27.96	  1269.13	     1.15
  1103.23	 -1020.19	  -559.64	    -0.04	    17.95	     0.00	     0.00	     0.00	     0.00	     0.00	     0.00
  1124.75	 -1020.19	  -559.64	    -0.04	    21.52	     0.00	     0.00	     0.00	     0.00	     0.00	     0.00
  1143.19	 -1020.19	  -559.64	    -0.04	    18.44	     0.00	     0.00	     0.00	     0.00	     0.00	     0.00
  1163.06	 -1020.19	  -559.64	    -0.04	    19.87	     0.00	     0.00	     0.00	     0.00	     0.00	     0.00
  1182.99	 -1020.19	  -559.64	    -0.04	    19.93	     0.00	     0.00	     0.00	     0.00	     0.00	     0.00
  1202.80	 -1020.19	  -559.64	    -0.04	    19.81	     0.00	     0.00	     0.00	     0.00	     0.00	     0.00
  1223.66	 -1020.19	  -559.64	    -0.04	    20.85	     0.00	     0.00	     0.00	     0.00	     0.00	     0.00
  1245.03	  -958.19	  -564.39	    -0.09	    21.37	    62.00	    -4.75	    -0.05	    62.18	  2909.83	    -2.32
  1265.09	  -948.42	  -565.66	    -0.09	    20.07	     9.77	    -1.27	     0.00	     9.85	   490.90	     0.12
  1283.58	  -948.42	  -565.66	    -0.09	    18.48	     0.00	     0.00	     0.00	     0.00	     0.00	     0.00
  1302.78	  -948.42	  -565.66	    -0.09	    19.20	     0.00	     0.00	     0.00	     0.00	     0.00	     0.00
  1323.25	  -948.42	  -565.66	    -0.09	    20.47	     0.00	     0.00	     0.00	     0.00	     0.00	     0.00
  1343.74	  -948.42	  -565.66	    -0.09	    20.48	     0.00	     0.00	     0.00	     0.00	     0.00	     0.00
  1379.20	  -907.26	  -569.31	    -0.11	    35.47	    41.16	    -3.64	    -0.02	    41.32	  1164.91	    -0.67
  1383.26	  -907.26	  -569.31	    -0.11	     4.05	     0.00	     0.00	     0.00	     0.00	     0.00	     0.00
  1403.65	  -907.26	  -569.31	    -0.11	    20.40	     0.00	     0.00	     0.00	     0.00	     0.00	     0.00
  1423.45	  -907.26	  -569.31	    -0.11	    19.80	     0.00	     0.00	     0.00	     0.00	     0.00	     0.00
  1447.27	  -887.70	  -571.85	    -0.09	    23.81	    19.56	    -2.55	     0.02	    19.72	   828.23	     0.85
  1463.24	  -887.70	  -571.85	    -0.09	    15.97	     0.00	     0.00	     0.00	     0.00	     0.00	     0.00
  1482.82	  -887.70	  -571.85	    -0.09	    19.59	     0.00	     0.00	     0.00	     0.00	     0.00	     0.00
  1502.86	  -887.70	  -571.85	    -0.09	    20.04	     0.00	     0.00	     0.00	     0.00	     0.00	     0.00
  1539.28	  -859.75	  -574.99	    -0.12	    36.42	    27.95	    -3.13	    -0.03	    28.12	   772.28	    -0.87
  1542.87	  -859.75	  -574.99	    -0.12	     3.59	     0.00	     0.00	     0.00	     0.00	     0.00	     0.00
  1562.87	  -859.75	  -574.99	    -0.12	    20.00	     0.00	     0.00	     0.00	     0.00	     0.00	     0.00
  1583.25	  -859.75	  -574.99	    -0.12	    20.37	     0.00	     0.00	     0.00	     0.00	     0.00	     0.00
  1604.68	  -828.29	  -578.07	    -0.12	    21.43	    31.46	    -3.09	     0.01	    31.61	  1475.04	     0.32
  1624.10	  -828.29	  -578.07	    -0.12	    19.43	     0.00	     0.00	     0.00	     0.00	     0.00	     0.00
  1643.18	  -828.29	  -578.07	    -0.12	    19.07	     0.00	     0.00	     0.00	     0.00	     0.00	     0.00
  1662.86	  -828.29	  -578.07	    -0.12	    19.68	     0.00	     0.00	     0.00	     0.00	     0.00	     0.00
  1683.58	  -828.29	  -578.07	    -0.12	    20.72	     0.00	     0.00	     0.00	     0.00	     0.00	     0.00
  1703.19	  -828.29	  -578.07	    -0.12	    19.62	     0.00	     0.00	     0.00	     0.00	     0.00	     0.00
  1728.48	  -807.27	  -582.02	    -0.09	    25.29	    21.02	    -3.94	     0.03	    21.39	   845.73	     1.20
  1748.16	  -807.27	  -582.02	    -0.09	    19.68	     0.00	     0.00	     0.00	     0.00	     0.00	     0.00
  1763.39	  -798.19	  -581.89	    -0.09	    15.23	     9.08	     0.13	    -0.00	     9.08	   596.44	    -0.07
  1783.77	  -793.97	  -583.24	    -0.07	    20.38	     4.22	    -1.36	     0.02	     4.43	   217.37	     1.01
  1804.02	  -789.08	  -583.17	    -0.78	    20.25	     4.89	     0.07	    -0.72	     4.89	   241.57	   -35.44
  1824.87	  -789.08	  -583.17	    -0.78	    20.85	     0.00	     0.00	     0.00	     0.00	     0.00	     0.00
  1842.92	  -789.08	  -583.17	    -0.78	    18.05	     0.00	     0.00	     0.00	     0.00	     0.00	     0.00
  1864.19	  -789.08	  -583.17	    -0.78	    21.27	     0.00	     0.00	     0.00	     0.00	     0.00	     0.00
  1885.32	  -782.07	  -584.49	    -0.09	    21.13	     7.02	    -1.32	     0.70	     7.14	   337.81	    33.05
  1905.28	  -779.94	  -585.87	    -0.07	    19.96	     2.12	    -1.39	     0.02	     2.54	   126.98	     0.97
  1925.60	  -779.94	  -585.87	    -0.07	    20.32	     0.00	     0.00	     0.00	     0.00	     0.00	     0.00
  1943.29	  -778.55	  -585.85	    -0.06	    17.69	     1.40	     0.02	     0.00	     1.40	    79.04	     0.10
  1965.81	  -775.76	  -585.11	    -0.08	    22.52	     2.78	     0.75	    -0.01	     2.88	   127.96	    -0.58
  1985.93	  -775.76	  -585.11	    -0.08	    20.12	     0.00	     0.00	     0.00	     0.00	     0.00	     0.00
  2003.26	  -775.76	  -585.11	    -0.08	    17.34	     0.00	     0.00	     0.00	     0.00	     0.00	     0.00
  2031.89	  -773.68	  -584.37	    -0.11	    28.62	     2.08	     0.74	    -0.03	     2.21	    77.23	    -1.05
  2043.41	  -773.68	  -584.37	    -0.11	    11.53	     0.00	     0.00	     0.00	     0.00	     0.00	     0.00
  2063.52	  -774.35	  -585.79	    -0.08	    20.11	    -0.67	    -1.43	     0.02	     1.58	   -78.40	     1.14
  2083.59	  -772.28	  -584.35	    -0.11	    20.07	     2.07	     1.45	    -0.03	     2.53	   125.81	    -1.28
