     Time	    Pos x	    Pos y	    Angle	Diff Time	Diff Posx	Diff Posy	Diff Angl	Diff Long	Rel Speed	Rel AnSpd	
     0.00	 -1351.36	  -540.47	     0.00	     0.00	     0.00	     0.00	     0.00	     0.00	     0.00	     0.00
    20.44	 -1347.18	  -540.41	     0.00	    20.44	     4.17	     0.06	     0.00	     4.17	   204.18	     0.01
    41.83	 -1344.40	  -540.37	     0.03	    21.39	     2.78	     0.04	     0.02	     2.78	   130.09	     1.05
    61.42	 -1344.40	  -540.37	     0.03	    19.59	     0.00	     0.00	     0.00	     0.00	     0.00	     0.00
    81.19	 -1344.40	  -540.37	     0.03	    19.77	     0.00	     0.00	     0.00	     0.00	     0.00	     0.00
   101.78	 -1336.06	  -540.24	     0.03	    20.58	     8.35	     0.12	    -0.00	     8.35	   405.51	    -0.02
   120.39	 -1336.06	  -540.24	     0.03	    18.61	     0.00	     0.00	     0.00	     0.00	     0.00	     0.00
   141.00	 -1336.06	  -540.24	     0.03	    20.61	     0.00	     0.00	     0.00	     0.00	     0.00	     0.00
   160.73	 -1336.06	  -540.24	     0.03	    19.74	     0.00	     0.00	     0.00	     0.00	     0.00	     0.00
   189.37	 -1316.61	  -538.55	     0.05	    28.64	    19.45	     1.69	     0.02	    19.52	   681.64	     0.86
   201.02	 -1316.61	  -538.55	     0.05	    11.65	     0.00	     0.00	     0.00	     0.00	     0.00	     0.00
   220.83	 -1301.23	  -543.27	     0.13	    19.81	    15.37	    -4.71	     0.08	    16.08	   811.72	     4.01
   240.50	 -1301.23	  -543.27	     0.13	    19.67	     0.00	     0.00	     0.00	     0.00	     0.00	     0.00
   260.64	 -1301.23	  -543.27	     0.13	    20.14	     0.00	     0.00	     0.00	     0.00	     0.00	     0.00
   282.23	 -1274.89	  -538.66	     0.06	    21.59	    26.34	     4.61	    -0.07	    26.74	  1238.41	    -3.13
   300.89	 -1274.89	  -538.66	     0.06	    18.66	     0.00	     0.00	     0.00	     0.00	     0.00	     0.00
   320.46	 -1274.89	  -538.66	     0.06	    19.57	     0.00	     0.00	     0.00	     0.00	     0.00	     0.00
   340.49	 -1274.89	  -538.66	     0.06	    20.03	     0.00	     0.00	     0.00	     0.00	     0.00	     0.00
   362.60	 -1247.13	  -536.14	     0.07	    22.11	    27.76	     2.52	     0.01	    27.87	  1260.71	     0.42
   382.52	 -1247.13	  -536.14	     0.07	    19.92	     0.00	     0.00	     0.00	     0.00	     0.00	     0.00
   400.62	 -1247.13	  -536.14	     0.07	    18.10	     0.00	     0.00	     0.00	     0.00	     0.00	     0.00
   420.82	 -1247.13	  -536.14	     0.07	    20.21	     0.00	     0.00	     0.00	     0.00	     0.00	     0.00
   442.39	 -1215.20	  -534.26	     0.10	    21.57	    31.93	     1.87	     0.03	    31.99	  1482.95	     1.21
   462.09	 -1205.49	  -533.42	     0.10	    19.70	     9.71	     0.85	     0.01	     9.75	   495.00	     0.38
   482.14	 -1194.37	  -533.26	     0.13	    20.05	    11.11	     0.16	     0.03	    11.12	   554.35	     1.37
   500.98	 -1194.37	  -533.26	     0.13	    18.85	     0.00	     0.00	     0.00	     0.00	     0.00	     0.00
   521.04	 -1182.52	  -535.90	     0.17	    20.06	    11.86	    -2.65	     0.04	    12.15	   605.55	     1.87
   541.06	 -1173.53	  -532.95	     0.17	    20.01	     8.98	     2.95	     0.01	     9.45	   472.40	     0.26
   562.06	 -1161.01	  -534.18	     0.20	    21.00	    12.53	    -1.23	     0.03	    12.59	   599.31	     1.27
   581.09	 -1161.01	  -534.18	     0.20	    19.03	     0.00	     0.00	     0.00	     0.00	     0.00	     0.00
   601.17	 -1149.84	  -537.54	     0.27	    20.08	    11.17	    -3.36	     0.07	    11.67	   581.19	     3.62
   621.30	 -1138.87	  -528.92	     0.17	    20.13	    10.97	     8.62	    -0.11	    13.95	   693.02	    -5.32
   642.49	 -1138.87	  -528.92	     0.17	    21.19	     0.00	     0.00	     0.00	     0.00	     0.00	     0.00
   662.00	 -1138.87	  -528.92	     0.17	    19.51	     0.00	     0.00	     0.00	     0.00	     0.00	     0.00
   681.05	 -1116.63	  -529.30	     0.20	    19.05	    22.24	    -0.38	     0.03	    22.24	  1167.85	     1.81
   701.09	 -1105.54	  -527.73	     0.22	    20.04	    11.09	     1.57	     0.01	    11.20	   559.07	     0.68
   722.56	 -1094.52	  -521.93	     0.15	    21.48	    11.02	     5.80	    -0.06	    12.45	   579.81	    -2.92
   743.05	 -1083.31	  -527.40	     0.28	    20.49	    11.21	    -5.48	     0.13	    12.48	   609.13	     6.47
   763.10	 -1070.87	  -522.99	     0.23	    20.06	    12.43	     4.41	    -0.06	    13.19	   657.85	    -2.79
   781.20	 -1070.87	  -522.99	     0.23	    18.10	     0.00	     0.00	     0.00	     0.00	     0.00	     0.00
   801.05	 -1061.16	  -522.14	     0.23	    19.86	     9.72	     0.85	    -0.00	     9.75	   491.16	    -0.15
   821.81	 -1061.16	  -522.14	     0.23	    20.76	     0.00	     0.00	     0.00	     0.00	     0.00	     0.00
   841.08	 -1061.16	  -522.14	     0.23	    19.26	     0.00	     0.00	     0.00	     0.00	     0.00	     0.00
   861.15	 -1034.79	  -519.63	     0.25	    20.08	    26.37	     2.51	     0.03	    26.49	  1319.52	     1.30
   881.57	 -1025.06	  -519.49	     0.27	    20.42	     9.73	     0.14	     0.02	     9.73	   476.57	     0.83
   901.32	 -1025.06	  -519.49	     0.27	    19.75	     0.00	     0.00	     0.00	     0.00	     0.00	     0.00
   921.80	 -1025.06	  -519.49	     0.27	    20.48	     0.00	     0.00	     0.00	     0.00	     0.00	     0.00
   943.53	  -988.98	  -514.72	     0.30	    21.73	    36.08	     4.77	     0.03	    36.39	  1674.45	     1.30
   961.81	  -988.98	  -514.72	     0.30	    18.28	     0.00	     0.00	     0.00	     0.00	     0.00	     0.00
   982.26	  -979.39	  -506.11	     0.15	    20.45	     9.59	     8.61	    -0.14	    12.89	   630.19	    -7.08
  1002.54	  -964.75	  -508.01	     0.24	    20.28	    14.64	    -1.90	     0.09	    14.77	   728.11	     4.48
  1024.11	  -955.66	  -509.99	     0.28	    21.57	     9.08	    -1.98	     0.04	     9.29	   430.95	     1.67
  1044.69	  -913.65	  -483.94	    -2.31	    20.58	    42.02	    26.05	    -2.59	    49.44	 -2402.01	  -126.05
  1062.42	  -913.65	  -483.94	    -2.31	    17.73	     0.00	     0.00	     0.00	     0.00	    -0.00	     0.00
  1083.42	  -932.09	  -504.70	     0.27	    21.00	   -18.44	   -20.75	     2.59	    27.76	 -1322.25	   123.31
  1104.16	  -919.60	  -502.39	     0.29	    20.74	    12.49	     2.31	     0.02	    12.70	   612.45	     0.81
  1124.20	  -908.57	  -495.87	     0.21	    20.04	    11.03	     6.52	    -0.08	    12.81	   639.44	    -3.89
  1142.38	  -908.57	  -495.87	     0.21	    18.19	     0.00	     0.00	     0.00	     0.00	     0.00	     0.00
  1162.48	  -897.39	  -497.82	     0.27	    20.09	    11.18	    -1.95	     0.06	    11.35	   564.79	     2.79
  1183.42	  -884.95	  -491.98	     0.22	    20.94	    12.44	     5.84	    -0.04	    13.74	   656.09	    -2.13
  1203.51	  -874.52	  -490.41	     0.24	    20.09	    10.43	     1.57	     0.01	    10.54	   524.78	     0.74
  1224.87	  -861.20	  -494.44	     0.32	    21.36	    13.32	    -4.03	     0.08	    13.92	   651.62	     3.75
  1243.69	  -861.20	  -494.44	     0.32	    18.82	     0.00	     0.00	     0.00	     0.00	     0.00	     0.00
  1265.24	  -851.59	  -485.82	     0.22	    21.54	     9.61	     8.62	    -0.10	    12.91	   599.38	    -4.62
  1284.98	  -839.03	  -486.33	     0.26	    19.74	    12.57	    -0.51	     0.04	    12.58	   637.02	     1.93
  1305.49	  -827.80	  -489.69	     0.32	    20.51	    11.23	    -3.36	     0.06	    11.72	   571.23	     3.06
  1326.31	  -816.73	  -484.57	     0.32	    20.82	    11.08	     5.12	    -0.01	    12.20	   586.13	    -0.28
  1344.85	  -816.73	  -484.57	     0.32	    18.54	     0.00	     0.00	     0.00	     0.00	     0.00	     0.00
  1364.88	  -816.73	  -484.57	     0.32	    20.03	     0.00	     0.00	     0.00	     0.00	     0.00	     0.00
  1388.33	  -798.73	  -475.81	     0.24	    23.45	    18.00	     8.76	    -0.07	    20.02	   853.64	    -3.17
  1408.07	  -789.00	  -472.83	     0.18	    19.74	     9.73	     2.98	    -0.06	    10.17	   515.31	    -2.94
  1427.97	  -779.94	  -471.28	     0.21	    19.91	     9.06	     1.56	     0.03	     9.19	   461.66	     1.41
  1444.72	  -779.94	  -471.28	     0.21	    16.75	     0.00	     0.00	     0.00	     0.00	     0.00	     0.00
  1464.76	  -770.82	  -473.25	     0.25	    20.04	     9.12	    -1.98	     0.04	     9.33	   465.86	     1.79
  1485.72	  -764.54	  -472.45	     0.30	    20.97	     6.28	     0.81	     0.05	     6.33	   301.91	     2.48
  1506.63	  -757.67	  -465.97	     0.20	    20.91	     6.88	     6.47	    -0.09	     9.44	   451.74	    -4.53
  1526.85	  -751.35	  -467.29	     0.24	    20.22	     6.32	    -1.31	     0.03	     6.45	   319.22	     1.63
  1545.04	  -751.35	  -467.29	     0.24	    18.19	     0.00	     0.00	     0.00	     0.00	     0.00	     0.00
  1565.50	  -744.30	  -470.01	     0.32	    20.46	     7.05	    -2.72	     0.08	     7.55	   369.11	     4.02
  1586.34	  -740.21	  -464.28	     0.26	    20.85	     4.10	     5.72	    -0.06	     7.04	   337.62	    -2.67
  1606.36	  -740.21	  -464.28	     0.26	    20.01	     0.00	     0.00	     0.00	     0.00	     0.00	     0.00
  1624.90	  -731.73	  -468.39	     0.33	    18.54	     8.47	    -4.11	     0.06	     9.42	   507.86	     3.38
  1646.32	  -728.98	  -465.52	     0.29	    21.42	     2.75	     2.87	    -0.04	     3.98	   185.68	    -1.92
  1666.33	  -723.40	  -464.72	     0.31	    20.01	     5.59	     0.80	     0.02	     5.64	   281.97	     1.16
  1686.35	  -719.91	  -463.96	     0.31	    20.01	     3.49	     0.76	     0.00	     3.57	   178.39	     0.06
  1706.90	  -717.91	  -458.27	     0.22	    20.55	     2.00	     5.69	    -0.09	     6.03	   293.66	    -4.57
  1725.00	  -717.91	  -458.27	     0.22	    18.11	     0.00	     0.00	     0.00	     0.00	     0.00	     0.00
  1745.14	  -713.71	  -458.20	     0.22	    20.13	     4.20	     0.07	     0.01	     4.20	   208.73	     0.45
  1765.23	  -710.21	  -458.14	     0.24	    20.09	     3.50	     0.06	     0.02	     3.50	   174.30	     0.99
  1787.15	  -708.11	  -458.11	     0.27	    21.91	     2.10	     0.03	     0.02	     2.10	    95.89	     1.13
  1807.17	  -706.73	  -456.67	     0.24	    20.03	     1.38	     1.44	    -0.03	     1.99	    99.35	    -1.60
  1827.24	  -706.73	  -456.67	     0.24	    20.06	     0.00	     0.00	     0.00	     0.00	     0.00	     0.00
  1847.66	  -702.50	  -458.02	     0.27	    20.43	     4.23	    -1.35	     0.04	     4.44	   217.30	     1.85
  1867.21	  -702.54	  -455.90	     0.23	    19.55	    -0.04	     2.12	    -0.05	     2.12	   108.65	    -2.48
  1887.33	  -701.15	  -455.17	     0.27	    20.12	     1.39	     0.73	     0.05	     1.57	    77.97	     2.41
  1909.07	  -701.15	  -455.17	     0.27	    21.74	     0.00	     0.00	     0.00	     0.00	     0.00	     0.00
  1927.25	  -699.75	  -455.14	     0.23	    18.17	     1.40	     0.02	    -0.04	     1.40	    77.15	    -2.23
  1947.40	  -697.60	  -457.94	     0.32	    20.15	     2.15	    -2.80	     0.08	     3.53	   175.15	     4.04
  1967.36	  -697.60	  -457.94	     0.32	    19.96	     0.00	     0.00	     0.00	     0.00	     0.00	     0.00
  1989.19	  -698.35	  -455.12	     0.27	    21.84	    -0.75	     2.82	    -0.05	     2.92	   133.68	    -2.14
  2007.29	  -698.35	  -455.12	     0.27	    18.10	     0.00	     0.00	     0.00	     0.00	     0.00	     0.00
  2027.75	  -696.92	  -456.51	     0.30	    20.46	     1.43	    -1.39	     0.03	     1.99	    97.49	     1.37
  2047.90	  -698.32	  -456.54	     0.28	    20.15	    -1.40	    -0.02	    -0.02	     1.40	   -69.60	    -0.89
  2068.11	  -696.95	  -455.10	     0.25	    20.21	     1.38	     1.44	    -0.03	     1.99	    98.49	    -1.60
