     Time	    Pos x	    Pos y	    Angle	Diff Time	Diff Posx	Diff Posy	Diff Angl	Diff Long	Rel Speed	Rel AnSpd	
     0.00	 -1344.63	  -708.35	     0.00	     0.00	     0.00	     0.00	     0.00	     0.00	     0.00	     0.00
    19.95	 -1341.85	  -708.31	     0.00	    19.95	     2.79	     0.04	    -0.00	     2.79	   139.62	    -0.03
    40.06	 -1338.34	  -709.67	     0.03	    20.11	     3.50	    -1.36	     0.02	     3.76	   186.79	     1.15
    60.42	 -1333.49	  -708.18	     0.00	    20.35	     4.85	     1.48	    -0.02	     5.07	   249.31	    -1.09
    81.70	 -1325.14	  -708.06	     0.00	    21.28	     8.35	     0.12	    -0.00	     8.35	   392.62	    -0.05
   101.67	 -1325.14	  -708.06	     0.00	    19.98	     0.00	     0.00	     0.00	     0.00	     0.00	     0.00
   119.88	 -1325.14	  -708.06	     0.00	    18.21	     0.00	     0.00	     0.00	     0.00	     0.00	     0.00
   139.82	 -1325.14	  -708.06	     0.00	    19.94	     0.00	     0.00	     0.00	     0.00	     0.00	     0.00
   160.64	 -1325.14	  -708.06	     0.00	    20.82	     0.00	     0.00	     0.00	     0.00	     0.00	     0.00
   180.83	 -1325.14	  -708.06	     0.00	    20.19	     0.00	     0.00	     0.00	     0.00	     0.00	     0.00
   199.85	 -1325.14	  -708.06	     0.00	    19.02	     0.00	     0.00	     0.00	     0.00	     0.00	     0.00
   220.33	 -1281.92	  -712.37	     0.04	    20.48	    43.22	    -4.31	     0.03	    43.43	  2121.01	     1.67
   240.32	 -1270.82	  -710.09	    -0.02	    19.99	    11.10	     2.28	    -0.06	    11.33	   566.82	    -2.86
   261.48	 -1259.68	  -710.64	    -0.03	    21.16	    11.14	    -0.55	    -0.01	    11.15	   527.02	    -0.55
   281.44	 -1259.68	  -710.64	    -0.03	    19.96	     0.00	     0.00	     0.00	     0.00	     0.00	     0.00
   299.83	 -1259.68	  -710.64	    -0.03	    18.39	     0.00	     0.00	     0.00	     0.00	     0.00	     0.00
   320.33	 -1234.61	  -712.40	    -0.02	    20.51	    25.07	    -1.76	     0.01	    25.13	  1225.63	     0.52
   340.26	 -1223.49	  -711.53	    -0.05	    19.92	    11.12	     0.87	    -0.03	    11.15	   559.73	    -1.55
   360.22	 -1210.96	  -712.06	    -0.04	    19.97	    12.53	    -0.53	     0.01	    12.54	   628.08	     0.36
   381.86	 -1167.27	  -703.67	    -2.39	    21.64	    43.69	     8.39	    -2.34	    44.49	 -2056.33	  -108.32
   400.36	 -1167.27	  -703.67	    -2.39	    18.50	     0.00	     0.00	     0.00	     0.00	    -0.00	     0.00
   419.85	 -1167.27	  -703.67	    -2.39	    19.50	     0.00	     0.00	     0.00	     0.00	    -0.00	     0.00
   440.37	 -1167.27	  -703.67	    -2.39	    20.52	     0.00	     0.00	     0.00	     0.00	    -0.00	     0.00
   461.68	 -1159.44	  -715.57	    -0.02	    21.31	     7.83	   -11.91	     2.37	    14.25	   668.71	   111.00
   481.50	 -1159.44	  -715.57	    -0.02	    19.82	     0.00	     0.00	     0.00	     0.00	     0.00	     0.00
   499.97	 -1159.44	  -715.57	    -0.02	    18.47	     0.00	     0.00	     0.00	     0.00	     0.00	     0.00
   520.00	 -1159.44	  -715.57	    -0.02	    20.03	     0.00	     0.00	     0.00	     0.00	     0.00	     0.00
   539.94	 -1159.44	  -715.57	    -0.02	    19.93	     0.00	     0.00	     0.00	     0.00	     0.00	     0.00
   562.86	 -1107.91	  -719.10	    -0.07	    22.92	    51.53	    -3.52	    -0.04	    51.65	  2253.42	    -1.87
   580.44	 -1107.91	  -719.10	    -0.07	    17.58	     0.00	     0.00	     0.00	     0.00	     0.00	     0.00
   600.27	 -1091.17	  -721.69	    -0.07	    19.83	    16.74	    -2.60	    -0.00	    16.94	   854.15	    -0.19
   619.92	 -1091.17	  -721.69	    -0.07	    19.65	     0.00	     0.00	     0.00	     0.00	     0.00	     0.00
   641.35	 -1091.17	  -721.69	    -0.07	    21.43	     0.00	     0.00	     0.00	     0.00	     0.00	     0.00
   663.93	 -1052.14	  -725.41	    -0.07	    22.58	    39.03	    -3.71	    -0.00	    39.20	  1736.45	    -0.01
   680.44	 -1052.14	  -725.41	    -0.07	    16.51	     0.00	     0.00	     0.00	     0.00	     0.00	     0.00
   699.94	 -1052.14	  -725.41	    -0.07	    19.50	     0.00	     0.00	     0.00	     0.00	     0.00	     0.00
   719.98	 -1052.14	  -725.41	    -0.07	    20.04	     0.00	     0.00	     0.00	     0.00	     0.00	     0.00
   740.67	 -1052.14	  -725.41	    -0.07	    20.69	     0.00	     0.00	     0.00	     0.00	     0.00	     0.00
   760.07	 -1052.14	  -725.41	    -0.07	    19.40	     0.00	     0.00	     0.00	     0.00	     0.00	     0.00
   779.93	 -1052.14	  -725.41	    -0.07	    19.86	     0.00	     0.00	     0.00	     0.00	     0.00	     0.00
   800.20	 -1052.14	  -725.41	    -0.07	    20.27	     0.00	     0.00	     0.00	     0.00	     0.00	     0.00
   822.07	  -971.92	  -734.25	    -0.11	    21.87	    80.22	    -8.84	    -0.05	    80.71	  3689.94	    -2.09
   841.46	  -971.92	  -734.25	    -0.11	    19.39	     0.00	     0.00	     0.00	     0.00	     0.00	     0.00
   860.58	  -971.92	  -734.25	    -0.11	    19.12	     0.00	     0.00	     0.00	     0.00	     0.00	     0.00
   880.64	  -971.92	  -734.25	    -0.11	    20.06	     0.00	     0.00	     0.00	     0.00	     0.00	     0.00
   902.51	  -942.61	  -736.70	    -0.14	    21.86	    29.31	    -2.45	    -0.03	    29.41	  1345.32	    -1.21
   920.99	  -942.61	  -736.70	    -0.14	    18.48	     0.00	     0.00	     0.00	     0.00	     0.00	     0.00
   941.31	  -942.61	  -736.70	    -0.14	    20.32	     0.00	     0.00	     0.00	     0.00	     0.00	     0.00
   961.30	  -903.46	  -741.86	    -0.14	    19.98	    39.14	    -5.17	     0.00	    39.48	  1976.05	     0.16
   982.27	  -889.41	  -747.36	    -0.12	    20.98	    14.05	    -5.49	     0.02	    15.09	   719.35	     1.08
  1002.36	  -889.41	  -747.36	    -0.12	    20.09	     0.00	     0.00	     0.00	     0.00	     0.00	     0.00
  1021.23	  -889.41	  -747.36	    -0.12	    18.86	     0.00	     0.00	     0.00	     0.00	     0.00	     0.00
  1043.06	  -860.74	  -749.83	    -0.14	    21.83	    28.67	    -2.48	    -0.03	    28.78	  1318.07	    -1.29
  1060.88	  -860.74	  -749.83	    -0.14	    17.82	     0.00	     0.00	     0.00	     0.00	     0.00	     0.00
  1081.17	  -860.74	  -749.83	    -0.14	    20.29	     0.00	     0.00	     0.00	     0.00	     0.00	     0.00
  1103.26	  -835.49	  -755.20	    -0.16	    22.09	    25.25	    -5.36	    -0.02	    25.81	  1168.74	    -0.71
  1120.93	  -835.49	  -755.20	    -0.16	    17.67	     0.00	     0.00	     0.00	     0.00	     0.00	     0.00
  1141.31	  -808.12	  -760.54	    -0.16	    20.38	    27.37	    -5.35	     0.00	    27.89	  1368.23	     0.09
  1160.99	  -808.12	  -760.54	    -0.16	    19.68	     0.00	     0.00	     0.00	     0.00	     0.00	     0.00
  1181.21	  -808.12	  -760.54	    -0.16	    20.22	     0.00	     0.00	     0.00	     0.00	     0.00	     0.00
  1202.99	  -782.13	  -765.92	    -0.14	    21.79	    25.99	    -5.37	     0.02	    26.54	  1218.41	     0.78
  1221.30	  -782.13	  -765.92	    -0.14	    18.31	     0.00	     0.00	     0.00	     0.00	     0.00	     0.00
  1240.89	  -782.13	  -765.92	    -0.14	    19.59	     0.00	     0.00	     0.00	     0.00	     0.00	     0.00
  1260.95	  -782.13	  -765.92	    -0.14	    20.06	     0.00	     0.00	     0.00	     0.00	     0.00	     0.00
  1281.87	  -782.13	  -765.92	    -0.14	    20.92	     0.00	     0.00	     0.00	     0.00	     0.00	     0.00
  1302.43	  -782.13	  -765.92	    -0.14	    20.56	     0.00	     0.00	     0.00	     0.00	     0.00	     0.00
  1322.87	  -782.13	  -765.92	    -0.14	    20.45	     0.00	     0.00	     0.00	     0.00	     0.00	     0.00
  1341.50	  -700.45	  -783.46	    -0.18	    18.63	    81.67	   -17.55	    -0.04	    83.54	  4483.68	    -1.94
  1362.23	  -700.45	  -783.46	    -0.18	    20.73	     0.00	     0.00	     0.00	     0.00	     0.00	     0.00
  1381.34	  -700.45	  -783.46	    -0.18	    19.11	     0.00	     0.00	     0.00	     0.00	     0.00	     0.00
  1402.70	  -673.66	  -788.15	    -0.23	    21.36	    26.79	    -4.69	    -0.05	    27.20	  1273.51	    -2.55
  1420.93	  -673.66	  -788.15	    -0.23	    18.23	     0.00	     0.00	     0.00	     0.00	     0.00	     0.00
  1441.13	  -673.66	  -788.15	    -0.23	    20.19	     0.00	     0.00	     0.00	     0.00	     0.00	     0.00
  1462.78	  -639.04	  -795.61	    -0.23	    21.66	    34.62	    -7.46	    -0.00	    35.42	  1635.43	    -0.14
  1482.77	  -639.04	  -795.61	    -0.23	    19.98	     0.00	     0.00	     0.00	     0.00	     0.00	     0.00
  1501.29	  -639.04	  -795.61	    -0.23	    18.52	     0.00	     0.00	     0.00	     0.00	     0.00	     0.00
  1521.35	  -617.05	  -802.51	    -0.24	    20.07	    21.98	    -6.90	    -0.00	    23.04	  1148.14	    -0.14
  1540.98	  -617.05	  -802.51	    -0.24	    19.63	     0.00	     0.00	     0.00	     0.00	     0.00	     0.00
  1560.98	  -617.05	  -802.51	    -0.24	    20.00	     0.00	     0.00	     0.00	     0.00	     0.00	     0.00
  1581.74	  -588.70	  -809.36	    -0.20	    20.76	    28.36	    -6.84	     0.04	    29.17	  1405.02	     1.96
  1603.27	  -581.58	  -812.14	    -0.19	    21.53	     7.12	    -2.78	     0.00	     7.64	   355.06	     0.22
  1621.64	  -581.58	  -812.14	    -0.19	    18.37	     0.00	     0.00	     0.00	     0.00	     0.00	     0.00
  1641.69	  -571.67	  -813.47	    -0.21	    20.05	     9.91	    -1.33	    -0.02	    10.00	   499.02	    -0.89
  1661.99	  -564.57	  -814.83	    -0.23	    20.30	     7.09	    -1.36	    -0.02	     7.22	   355.80	    -1.09
  1682.90	  -564.57	  -814.83	    -0.23	    20.91	     0.00	     0.00	     0.00	     0.00	     0.00	     0.00
  1701.47	  -564.57	  -814.83	    -0.23	    18.57	     0.00	     0.00	     0.00	     0.00	     0.00	     0.00
  1721.48	  -564.57	  -814.83	    -0.23	    20.01	     0.00	     0.00	     0.00	     0.00	     0.00	     0.00
  1741.75	  -564.57	  -814.83	    -0.23	    20.27	     0.00	     0.00	     0.00	     0.00	     0.00	     0.00
  1762.75	  -543.24	  -820.34	    -0.19	    20.99	    21.33	    -5.51	     0.04	    22.03	  1049.41	     1.90
  1782.31	  -543.24	  -820.34	    -0.19	    19.56	     0.00	     0.00	     0.00	     0.00	     0.00	     0.00
  1801.84	  -531.86	  -823.09	    -0.21	    19.53	    11.38	    -2.75	    -0.02	    11.71	   599.48	    -0.92
  1822.28	  -526.15	  -825.18	    -0.16	    20.44	     5.71	    -2.09	     0.05	     6.08	   297.48	     2.56
  1844.53	  -521.21	  -824.42	    -0.21	    22.25	     4.94	     0.76	    -0.05	     5.00	   224.60	    -2.25
  1864.51	  -516.93	  -825.81	    -0.19	    19.98	     4.28	    -1.39	     0.02	     4.50	   225.26	     0.88
  1884.55	  -512.65	  -827.20	    -0.21	    20.04	     4.28	    -1.39	    -0.02	     4.50	   224.71	    -0.88
  1901.90	  -512.65	  -827.20	    -0.21	    17.35	     0.00	     0.00	     0.00	     0.00	     0.00	     0.00
  1922.51	  -508.38	  -827.88	    -0.20	    20.61	     4.27	    -0.68	     0.01	     4.32	   209.56	     0.31
  1942.82	  -504.82	  -828.56	    -0.19	    20.31	     3.56	    -0.68	     0.01	     3.62	   178.44	     0.44
  1963.60	  -504.82	  -828.56	    -0.19	    20.78	     0.00	     0.00	     0.00	     0.00	     0.00	     0.00
  1982.76	  -503.37	  -829.98	    -0.20	    19.16	     1.45	    -1.42	    -0.01	     2.03	   105.83	    -0.68
  2002.80	  -497.70	  -829.93	    -0.22	    20.04	     5.67	     0.05	    -0.02	     5.67	   282.93	    -0.75
  2022.28	  -497.70	  -829.93	    -0.22	    19.48	     0.00	     0.00	     0.00	     0.00	     0.00	     0.00
  2042.74	  -494.85	  -830.62	    -0.20	    20.46	     2.85	    -0.69	     0.02	     2.93	   143.43	     1.04
  2063.68	  -493.38	  -832.75	    -0.19	    20.93	     1.47	    -2.13	     0.01	     2.59	   123.69	     0.53
  2083.01	  -493.38	  -832.75	    -0.19	    19.34	     0.00	     0.00	     0.00	     0.00	     0.00	     0.00
  2102.94	  -491.99	  -831.31	    -0.25	    19.92	     1.38	     1.44	    -0.06	     2.00	   100.39	    -3.04
  2123.06	  -489.82	  -833.43	    -0.20	    20.13	     2.18	    -2.13	     0.05	     3.04	   151.22	     2.56
