     Time	    Pos x	    Pos y	    Angle	Diff Time	Diff Posx	Diff Posy	Diff Angl	Diff Long	Rel Speed	Rel AnSpd	
     0.00	 -1199.08	  -341.58	    -2.27	     0.00	     0.00	     0.00	     0.00	     0.00	     0.00	     0.00
    20.42	  -974.41	  -157.79	    -2.95	    20.42	   224.67	   183.79	    -0.68	   290.27	-14214.19	   -33.06
    40.52	  -974.41	  -157.79	    -2.95	    20.10	     0.00	     0.00	     0.00	     0.00	    -0.00	     0.00
    61.12	  -974.41	  -157.79	    -2.95	    20.60	     0.00	     0.00	     0.00	     0.00	    -0.00	     0.00
    79.83	  -974.41	  -157.79	    -2.95	    18.71	     0.00	     0.00	     0.00	     0.00	    -0.00	     0.00
    99.86	  -974.41	  -157.79	    -2.95	    20.02	     0.00	     0.00	     0.00	     0.00	    -0.00	     0.00
   119.89	  -974.41	  -157.79	    -2.95	    20.04	     0.00	     0.00	     0.00	     0.00	    -0.00	     0.00
   140.12	  -974.41	  -157.79	    -2.95	    20.23	     0.00	     0.00	     0.00	     0.00	    -0.00	     0.00
   161.08	 -1092.68	  -157.00	     0.80	    20.96	  -118.27	     0.79	     3.75	   118.27	 -5643.63	   178.83
   180.16	 -1092.68	  -157.00	     0.80	    19.09	     0.00	     0.00	     0.00	     0.00	     0.00	     0.00
   201.02	 -1092.68	  -157.00	     0.80	    20.85	     0.00	     0.00	     0.00	     0.00	     0.00	     0.00
   221.10	 -1092.68	  -157.00	     0.80	    20.08	     0.00	     0.00	     0.00	     0.00	     0.00	     0.00
   241.32	 -1092.68	  -157.00	     0.80	    20.22	     0.00	     0.00	     0.00	     0.00	     0.00	     0.00
   261.10	 -1092.68	  -157.00	     0.80	    19.78	     0.00	     0.00	     0.00	     0.00	     0.00	     0.00
   281.56	 -1092.68	  -157.00	     0.80	    20.47	     0.00	     0.00	     0.00	     0.00	     0.00	     0.00
   301.26	 -1092.68	  -157.00	     0.80	    19.69	     0.00	     0.00	     0.00	     0.00	     0.00	     0.00
   321.46	 -1092.68	  -157.00	     0.80	    20.20	     0.00	     0.00	     0.00	     0.00	     0.00	     0.00
   341.14	 -1092.68	  -157.00	     0.80	    19.69	     0.00	     0.00	     0.00	     0.00	     0.00	     0.00
   361.13	 -1092.68	  -157.00	     0.80	    19.99	     0.00	     0.00	     0.00	     0.00	     0.00	     0.00
   381.99	 -1092.68	  -157.00	     0.80	    20.86	     0.00	     0.00	     0.00	     0.00	     0.00	     0.00
   402.99	 -1067.94	  -179.23	     1.58	    20.99	    24.74	   -22.22	     0.78	    33.26	 -1584.09	    37.30
   422.08	 -1067.94	  -179.23	     1.58	    19.09	     0.00	     0.00	     0.00	     0.00	    -0.00	     0.00
   442.31	 -1067.94	  -179.23	     1.58	    20.23	     0.00	     0.00	     0.00	     0.00	    -0.00	     0.00
   462.23	 -1094.91	   -74.13	    -1.15	    19.92	   -26.97	   105.09	    -2.73	   108.50	 -5446.76	  -137.10
   482.25	 -1094.91	   -74.13	    -1.15	    20.02	     0.00	     0.00	     0.00	     0.00	     0.00	     0.00
   502.58	 -1094.91	   -74.13	    -1.15	    20.33	     0.00	     0.00	     0.00	     0.00	     0.00	     0.00
   522.26	 -1094.91	   -74.13	    -1.15	    19.68	     0.00	     0.00	     0.00	     0.00	     0.00	     0.00
   542.42	 -1105.27	   -77.85	    -1.10	    20.15	   -10.36	    -3.72	     0.05	    11.01	  -546.16	     2.45
   562.47	 -1086.74	  -139.91	    -0.74	    20.06	    18.53	   -62.06	     0.36	    64.77	  3229.17	    18.13
   582.01	 -1086.74	  -139.91	    -0.74	    19.53	     0.00	     0.00	     0.00	     0.00	     0.00	     0.00
   602.15	 -1086.74	  -139.91	    -0.74	    20.14	     0.00	     0.00	     0.00	     0.00	     0.00	     0.00
   623.35	 -1103.05	   -84.91	    -1.10	    21.20	   -16.31	    55.00	    -0.37	    57.37	 -2705.27	   -17.40
   642.18	 -1103.05	   -84.91	    -1.10	    18.83	     0.00	     0.00	     0.00	     0.00	     0.00	     0.00
   662.14	 -1103.05	   -84.91	    -1.10	    19.96	     0.00	     0.00	     0.00	     0.00	     0.00	     0.00
   682.58	 -1103.05	   -84.91	    -1.10	    20.44	     0.00	     0.00	     0.00	     0.00	     0.00	     0.00
   702.48	 -1103.05	   -84.91	    -1.10	    19.91	     0.00	     0.00	     0.00	     0.00	     0.00	     0.00
   729.14	 -1105.38	  -109.77	    -0.95	    26.65	    -2.32	   -24.86	     0.15	    24.97	   936.83	     5.79
   742.23	 -1105.38	  -109.77	    -0.95	    13.09	     0.00	     0.00	     0.00	     0.00	     0.00	     0.00
   762.28	 -1105.38	  -109.77	    -0.95	    20.04	     0.00	     0.00	     0.00	     0.00	     0.00	     0.00
   782.29	 -1105.38	  -109.77	    -0.95	    20.01	     0.00	     0.00	     0.00	     0.00	     0.00	     0.00
   806.43	 -1120.14	  -100.79	    -0.87	    24.14	   -14.76	     8.98	     0.08	    17.28	  -715.81	     3.38
   826.27	 -1120.14	  -100.79	    -0.87	    19.84	     0.00	     0.00	     0.00	     0.00	     0.00	     0.00
   842.26	 -1120.14	  -100.79	    -0.87	    15.99	     0.00	     0.00	     0.00	     0.00	     0.00	     0.00
   862.45	 -1120.14	  -100.79	    -0.87	    20.18	     0.00	     0.00	     0.00	     0.00	     0.00	     0.00
   882.45	 -1120.14	  -100.79	    -0.87	    20.00	     0.00	     0.00	     0.00	     0.00	     0.00	     0.00
   903.93	 -1099.04	  -113.92	    -0.94	    21.48	    21.10	   -13.13	    -0.07	    24.85	  1156.78	    -3.25
   922.71	 -1099.04	  -113.92	    -0.94	    18.77	     0.00	     0.00	     0.00	     0.00	     0.00	     0.00
   943.52	 -1099.04	  -113.92	    -0.94	    20.81	     0.00	     0.00	     0.00	     0.00	     0.00	     0.00
   965.31	 -1106.15	  -105.53	    -0.86	    21.79	    -7.11	     8.39	     0.07	    10.99	  -504.48	     3.39
   984.93	 -1106.15	  -105.53	    -0.86	    19.61	     0.00	     0.00	     0.00	     0.00	     0.00	     0.00
  1004.97	 -1106.15	  -105.53	    -0.86	    20.05	     0.00	     0.00	     0.00	     0.00	     0.00	     0.00
  1024.92	 -1106.15	  -105.53	    -0.86	    19.95	     0.00	     0.00	     0.00	     0.00	     0.00	     0.00
  1045.00	 -1106.15	  -105.53	    -0.86	    20.08	     0.00	     0.00	     0.00	     0.00	     0.00	     0.00
  1067.97	 -1106.15	  -105.53	    -0.86	    22.97	     0.00	     0.00	     0.00	     0.00	     0.00	     0.00
  1087.93	 -1106.15	  -105.53	    -0.86	    19.96	     0.00	     0.00	     0.00	     0.00	     0.00	     0.00
  1105.59	 -1106.15	  -105.53	    -0.86	    17.66	     0.00	     0.00	     0.00	     0.00	     0.00	     0.00
  1124.97	 -1106.15	  -105.53	    -0.86	    19.38	     0.00	     0.00	     0.00	     0.00	     0.00	     0.00
  1144.95	 -1106.15	  -105.53	    -0.86	    19.98	     0.00	     0.00	     0.00	     0.00	     0.00	     0.00
  1164.98	 -1106.15	  -105.53	    -0.86	    20.03	     0.00	     0.00	     0.00	     0.00	     0.00	     0.00
  1185.57	 -1106.15	  -105.53	    -0.86	    20.59	     0.00	     0.00	     0.00	     0.00	     0.00	     0.00
  1205.78	 -1106.15	  -105.53	    -0.86	    20.21	     0.00	     0.00	     0.00	     0.00	     0.00	     0.00
  1225.74	 -1117.86	  -185.68	     1.21	    19.96	   -11.71	   -80.15	     2.08	    81.00	 -4058.00	   104.02
  1245.24	 -1117.86	  -185.68	     1.21	    19.50	     0.00	     0.00	     0.00	     0.00	     0.00	     0.00
  1265.81	 -1117.86	  -185.68	     1.21	    20.58	     0.00	     0.00	     0.00	     0.00	     0.00	     0.00
  1300.26	 -1118.74	  -176.50	     1.19	    34.45	    -0.87	     9.18	    -0.02	     9.22	   267.56	    -0.66
  1305.30	 -1118.74	  -176.50	     1.19	     5.04	     0.00	     0.00	     0.00	     0.00	     0.00	     0.00
  1325.31	 -1118.74	  -176.50	     1.19	    20.02	     0.00	     0.00	     0.00	     0.00	     0.00	     0.00
  1345.29	 -1118.74	  -176.50	     1.19	    19.98	     0.00	     0.00	     0.00	     0.00	     0.00	     0.00
  1365.47	 -1118.74	  -176.50	     1.19	    20.18	     0.00	     0.00	     0.00	     0.00	     0.00	     0.00
  1387.57	 -1060.79	  -152.21	    -3.05	    22.09	    57.95	    24.30	    -4.24	    62.83	 -2843.96	  -192.08
  1405.71	 -1060.79	  -152.21	    -3.05	    18.14	     0.00	     0.00	     0.00	     0.00	    -0.00	     0.00
  1425.27	 -1060.79	  -152.21	    -3.05	    19.56	     0.00	     0.00	     0.00	     0.00	    -0.00	     0.00
  1445.46	 -1060.79	  -152.21	    -3.05	    20.20	     0.00	     0.00	     0.00	     0.00	    -0.00	     0.00
  1467.39	 -1099.75	   -75.63	    -1.09	    21.93	   -38.96	    76.58	     1.96	    85.92	 -3918.38	    89.50
  1488.08	 -1099.75	   -75.63	    -1.09	    20.68	     0.00	     0.00	     0.00	     0.00	     0.00	     0.00
  1506.74	 -1099.75	   -75.63	    -1.09	    18.66	     0.00	     0.00	     0.00	     0.00	     0.00	     0.00
  1526.98	 -1123.35	   -77.42	    -0.97	    20.25	   -23.60	    -1.79	     0.13	    23.67	 -1169.24	     6.24
  1546.70	 -1123.35	   -77.42	    -0.97	    19.72	     0.00	     0.00	     0.00	     0.00	     0.00	     0.00
  1566.74	 -1123.35	   -77.42	    -0.97	    20.04	     0.00	     0.00	     0.00	     0.00	     0.00	     0.00
  1586.77	 -1123.35	   -77.42	    -0.97	    20.03	     0.00	     0.00	     0.00	     0.00	     0.00	     0.00
  1606.85	 -1123.35	   -77.42	    -0.97	    20.08	     0.00	     0.00	     0.00	     0.00	     0.00	     0.00
  1627.32	 -1105.29	  -114.73	    -0.83	    20.48	    18.07	   -37.32	     0.13	    41.46	  2024.81	     6.49
  1646.85	 -1105.29	  -114.73	    -0.83	    19.53	     0.00	     0.00	     0.00	     0.00	     0.00	     0.00
  1666.97	 -1105.29	  -114.73	    -0.83	    20.12	     0.00	     0.00	     0.00	     0.00	     0.00	     0.00
  1686.73	 -1105.29	  -114.73	    -0.83	    19.76	     0.00	     0.00	     0.00	     0.00	     0.00	     0.00
  1706.78	 -1105.29	  -114.73	    -0.83	    20.06	     0.00	     0.00	     0.00	     0.00	     0.00	     0.00
  1726.76	 -1105.29	  -114.73	    -0.83	    19.98	     0.00	     0.00	     0.00	     0.00	     0.00	     0.00
  1748.34	 -1105.29	  -114.73	    -0.83	    21.58	     0.00	     0.00	     0.00	     0.00	     0.00	     0.00
  1768.56	 -1091.64	  -100.33	    -1.10	    20.22	    13.64	    14.40	    -0.27	    19.84	  -981.03	   -13.19
  1786.78	 -1091.64	  -100.33	    -1.10	    18.22	     0.00	     0.00	     0.00	     0.00	     0.00	     0.00
  1807.05	 -1091.64	  -100.33	    -1.10	    20.27	     0.00	     0.00	     0.00	     0.00	     0.00	     0.00
  1827.82	 -1091.64	  -100.33	    -1.10	    20.77	     0.00	     0.00	     0.00	     0.00	     0.00	     0.00
  1847.02	 -1091.64	  -100.33	    -1.10	    19.20	     0.00	     0.00	     0.00	     0.00	     0.00	     0.00
  1867.22	 -1068.65	  -178.53	     1.55	    20.20	    23.00	   -78.20	     2.64	    81.51	 -4034.64	   130.91
  1886.76	 -1068.65	  -178.53	     1.55	    19.54	     0.00	     0.00	     0.00	     0.00	     0.00	     0.00
  1906.92	 -1068.65	  -178.53	     1.55	    20.16	     0.00	     0.00	     0.00	     0.00	     0.00	     0.00
  1926.85	 -1068.65	  -178.53	     1.55	    19.93	     0.00	     0.00	     0.00	     0.00	     0.00	     0.00
  1947.27	 -1068.65	  -178.53	     1.55	    20.42	     0.00	     0.00	     0.00	     0.00	     0.00	     0.00
  1966.81	 -1068.65	  -178.53	     1.55	    19.53	     0.00	     0.00	     0.00	     0.00	     0.00	     0.00
  1986.81	 -1068.65	  -178.53	     1.55	    20.00	     0.00	     0.00	     0.00	     0.00	     0.00	     0.00
  2007.13	 -1068.65	  -178.53	     1.55	    20.32	     0.00	     0.00	     0.00	     0.00	     0.00	     0.00
  2027.92	 -1068.65	  -178.53	     1.55	    20.79	     0.00	     0.00	     0.00	     0.00	     0.00	     0.00
  2047.00	 -1068.65	  -178.53	     1.55	    19.08	     0.00	     0.00	     0.00	     0.00	     0.00	     0.00
  2066.79	 -1068.65	  -178.53	     1.55	    19.80	     0.00	     0.00	     0.00	     0.00	     0.00	     0.00
  2086.93	 -1068.65	  -178.53	     1.55	    20.13	     0.00	     0.00	     0.00	     0.00	     0.00	     0.00
  2107.96	 -1061.47	  -152.93	    -3.05	    21.03	     7.18	    25.61	    -4.59	    26.59	 -1264.34	  -218.35
  2127.06	 -1061.47	  -152.93	    -3.05	    19.10	     0.00	     0.00	     0.00	     0.00	    -0.00	     0.00
  2147.28	 -1049.98	  -135.01	    -2.95	    20.22	    11.49	    17.91	     0.10	    21.28	 -1052.49	     4.93
  2166.84	 -1049.98	  -135.01	    -2.95	    19.56	     0.00	     0.00	     0.00	     0.00	    -0.00	     0.00
  2187.79	 -1049.98	  -135.01	    -2.95	    20.95	     0.00	     0.00	     0.00	     0.00	    -0.00	     0.00
  2208.18	 -1089.32	   -75.46	    -1.18	    20.39	   -39.34	    59.55	     1.77	    71.37	 -3500.12	    86.68
  2229.59	 -1089.32	   -75.46	    -1.18	    21.42	     0.00	     0.00	     0.00	     0.00	     0.00	     0.00
  2248.53	 -1089.32	   -75.46	    -1.18	    18.93	     0.00	     0.00	     0.00	     0.00	     0.00	     0.00
  2268.74	 -1089.32	   -75.46	    -1.18	    20.21	     0.00	     0.00	     0.00	     0.00	     0.00	     0.00
  2288.65	 -1089.32	   -75.46	    -1.18	    19.91	     0.00	     0.00	     0.00	     0.00	     0.00	     0.00
  2313.54	 -1089.32	   -75.46	    -1.18	    24.89	     0.00	     0.00	     0.00	     0.00	     0.00	     0.00
  2328.79	 -1089.32	   -75.46	    -1.18	    15.25	     0.00	     0.00	     0.00	     0.00	     0.00	     0.00
  2348.62	 -1089.32	   -75.46	    -1.18	    19.82	     0.00	     0.00	     0.00	     0.00	     0.00	     0.00
  2368.51	 -1089.32	   -75.46	    -1.18	    19.89	     0.00	     0.00	     0.00	     0.00	     0.00	     0.00
  2388.60	 -1089.32	   -75.46	    -1.18	    20.09	     0.00	     0.00	     0.00	     0.00	     0.00	     0.00
  2410.65	 -1106.94	  -100.58	    -0.85	    22.06	   -17.61	   -25.12	     0.33	    30.68	  1391.03	    14.75
  2430.87	 -1082.26	   -81.02	    -1.16	    20.22	    24.67	    19.56	    -0.30	    31.48	 -1557.20	   -14.89
  2448.55	 -1082.26	   -81.02	    -1.16	    17.68	     0.00	     0.00	     0.00	     0.00	     0.00	     0.00
  2468.54	 -1082.26	   -81.02	    -1.16	    19.98	     0.00	     0.00	     0.00	     0.00	     0.00	     0.00
  2489.02	 -1082.26	   -81.02	    -1.16	    20.49	     0.00	     0.00	     0.00	     0.00	     0.00	     0.00
  2509.09	 -1082.26	   -81.02	    -1.16	    20.07	     0.00	     0.00	     0.00	     0.00	     0.00	     0.00
  2528.53	 -1082.26	   -81.02	    -1.16	    19.44	     0.00	     0.00	     0.00	     0.00	     0.00	     0.00
  2548.78	 -1101.19	   -72.81	    -1.13	    20.26	   -18.93	     8.21	     0.03	    20.63	 -1018.38	     1.30
  2568.90	 -1114.40	   -73.02	    -1.01	    20.12	   -13.20	    -0.21	     0.12	    13.21	  -656.45	     5.75
  2589.35	 -1114.40	   -73.02	    -1.01	    20.44	     0.00	     0.00	     0.00	     0.00	     0.00	     0.00
  2609.75	 -1067.40	  -170.73	     1.55	    20.40	    46.99	   -97.71	     2.56	   108.42	 -5314.28	   125.51
  2628.60	 -1067.40	  -170.73	     1.55	    18.85	     0.00	     0.00	     0.00	     0.00	     0.00	     0.00
  2648.71	 -1067.40	  -170.73	     1.55	    20.11	     0.00	     0.00	     0.00	     0.00	     0.00	     0.00
  2669.36	 -1067.40	  -170.73	     1.55	    20.64	     0.00	     0.00	     0.00	     0.00	     0.00	     0.00
  2689.45	 -1113.91	  -174.30	     1.25	    20.10	   -46.51	    -3.58	    -0.30	    46.64	 -2321.19	   -14.79
  2709.28	 -1113.91	  -174.30	     1.25	    19.83	     0.00	     0.00	     0.00	     0.00	     0.00	     0.00
  2728.66	 -1113.91	  -174.30	     1.25	    19.38	     0.00	     0.00	     0.00	     0.00	     0.00	     0.00
  2748.60	 -1113.91	  -174.30	     1.25	    19.94	     0.00	     0.00	     0.00	     0.00	     0.00	     0.00
  2768.58	 -1113.91	  -174.30	     1.25	    19.97	     0.00	     0.00	     0.00	     0.00	     0.00	     0.00
  2789.56	 -1113.91	  -174.30	     1.25	    20.99	     0.00	     0.00	     0.00	     0.00	     0.00	     0.00
  2808.62	 -1113.91	  -174.30	     1.25	    19.06	     0.00	     0.00	     0.00	     0.00	     0.00	     0.00
  2829.76	 -1113.91	  -174.30	     1.25	    21.14	     0.00	     0.00	     0.00	     0.00	     0.00	     0.00
  2848.88	 -1113.91	  -174.30	     1.25	    19.12	     0.00	     0.00	     0.00	     0.00	     0.00	     0.00
  2868.58	 -1113.91	  -174.30	     1.25	    19.71	     0.00	     0.00	     0.00	     0.00	     0.00	     0.00
  2890.28	 -1050.14	  -126.50	    -2.85	    21.69	    63.77	    47.80	    -4.10	    79.70	 -3673.49	  -188.97
  2908.64	 -1050.14	  -126.50	    -2.85	    18.36	     0.00	     0.00	     0.00	     0.00	    -0.00	     0.00
  2929.13	 -1157.36	  -118.41	    -0.57	    20.48	  -107.23	     8.10	     2.28	   107.53	 -5249.91	   111.17
  2948.61	 -1157.36	  -118.41	    -0.57	    19.48	     0.00	     0.00	     0.00	     0.00	     0.00	     0.00
  2969.55	 -1157.36	  -118.41	    -0.57	    20.93	     0.00	     0.00	     0.00	     0.00	     0.00	     0.00
  2988.83	 -1157.36	  -118.41	    -0.57	    19.28	     0.00	     0.00	     0.00	     0.00	     0.00	     0.00
  3008.60	 -1157.36	  -118.41	    -0.57	    19.78	     0.00	     0.00	     0.00	     0.00	     0.00	     0.00
  3029.06	 -1056.62	  -152.14	    -3.09	    20.45	   100.75	   -33.73	    -2.52	   106.24	 -5194.70	  -122.98
  3050.15	 -1055.61	  -131.55	     3.08	    21.09	     1.01	    20.58	     6.16	    20.61	   977.11	   292.24
  3069.63	 -1055.61	  -131.55	     3.08	    19.48	     0.00	     0.00	     0.00	     0.00	    -0.00	     0.00
  3089.75	 -1055.61	  -131.55	     3.08	    20.12	     0.00	     0.00	     0.00	     0.00	    -0.00	     0.00
  3110.54	 -1055.61	  -131.55	     3.08	    20.80	     0.00	     0.00	     0.00	     0.00	    -0.00	     0.00
  3130.65	 -1055.61	  -131.55	     3.08	    20.11	     0.00	     0.00	     0.00	     0.00	    -0.00	     0.00
  3150.85	 -1055.61	  -131.55	     3.08	    20.20	     0.00	     0.00	     0.00	     0.00	    -0.00	     0.00
  3170.93	 -1055.61	  -131.55	     3.08	    20.08	     0.00	     0.00	     0.00	     0.00	    -0.00	     0.00
  3191.00	 -1055.61	  -131.55	     3.08	    20.07	     0.00	     0.00	     0.00	     0.00	    -0.00	     0.00
  3210.77	 -1055.61	  -131.55	     3.08	    19.77	     0.00	     0.00	     0.00	     0.00	    -0.00	     0.00
  3230.70	 -1055.61	  -131.55	     3.08	    19.94	     0.00	     0.00	     0.00	     0.00	    -0.00	     0.00
  3250.86	 -1055.61	  -131.55	     3.08	    20.16	     0.00	     0.00	     0.00	     0.00	    -0.00	     0.00
  3272.21	 -1065.62	  -154.41	    -3.06	    21.34	   -10.01	   -22.86	    -6.13	    24.95	  1169.23	  -287.31
  3290.71	 -1065.62	  -154.41	    -3.06	    18.51	     0.00	     0.00	     0.00	     0.00	    -0.00	     0.00
  3310.74	 -1065.62	  -154.41	    -3.06	    20.03	     0.00	     0.00	     0.00	     0.00	    -0.00	     0.00
  3330.79	 -1065.62	  -154.41	    -3.06	    20.05	     0.00	     0.00	     0.00	     0.00	    -0.00	     0.00
  3350.97	 -1065.62	  -154.41	    -3.06	    20.18	     0.00	     0.00	     0.00	     0.00	    -0.00	     0.00
  3371.05	 -1065.62	  -154.41	    -3.06	    20.08	     0.00	     0.00	     0.00	     0.00	    -0.00	     0.00
  3390.96	 -1065.62	  -154.41	    -3.06	    19.91	     0.00	     0.00	     0.00	     0.00	    -0.00	     0.00
  3410.77	 -1065.62	  -154.41	    -3.06	    19.81	     0.00	     0.00	     0.00	     0.00	    -0.00	     0.00
  3431.63	 -1116.49	  -184.95	     1.24	    20.86	   -50.87	   -30.54	     4.30	    59.33	 -2844.57	   205.97
  3451.27	 -1116.49	  -184.95	     1.24	    19.64	     0.00	     0.00	     0.00	     0.00	     0.00	     0.00
  3471.19	 -1116.49	  -184.95	     1.24	    19.93	     0.00	     0.00	     0.00	     0.00	     0.00	     0.00
  3491.36	 -1116.49	  -184.95	     1.24	    20.17	     0.00	     0.00	     0.00	     0.00	     0.00	     0.00
  3511.24	 -1116.49	  -184.95	     1.24	    19.88	     0.00	     0.00	     0.00	     0.00	     0.00	     0.00
  3531.38	 -1116.49	  -184.95	     1.24	    20.14	     0.00	     0.00	     0.00	     0.00	     0.00	     0.00
  3551.52	 -1116.49	  -184.95	     1.24	    20.13	     0.00	     0.00	     0.00	     0.00	     0.00	     0.00
  3571.69	 -1055.56	  -134.39	    -2.86	    20.17	    60.93	    50.56	    -4.10	    79.18	 -3925.06	  -203.47
  3591.22	 -1055.56	  -134.39	    -2.86	    19.53	     0.00	     0.00	     0.00	     0.00	    -0.00	     0.00
  3611.36	 -1055.56	  -134.39	    -2.86	    20.14	     0.00	     0.00	     0.00	     0.00	    -0.00	     0.00
  3631.22	 -1055.56	  -134.39	    -2.86	    19.86	     0.00	     0.00	     0.00	     0.00	    -0.00	     0.00
  3651.26	 -1055.56	  -134.39	    -2.86	    20.04	     0.00	     0.00	     0.00	     0.00	    -0.00	     0.00
  3671.26	 -1055.56	  -134.39	    -2.86	    20.00	     0.00	     0.00	     0.00	     0.00	    -0.00	     0.00
  3691.50	 -1055.56	  -134.39	    -2.86	    20.24	     0.00	     0.00	     0.00	     0.00	    -0.00	     0.00
  3712.34	 -1055.56	  -134.39	    -2.86	    20.84	     0.00	     0.00	     0.00	     0.00	    -0.00	     0.00
  3731.88	 -1055.56	  -134.39	    -2.86	    19.54	     0.00	     0.00	     0.00	     0.00	    -0.00	     0.00
  3752.11	 -1117.86	  -185.68	     1.22	    20.23	   -62.31	   -51.29	     4.08	    80.70	 -3989.08	   201.73
  3771.73	 -1117.86	  -185.68	     1.22	    19.61	     0.00	     0.00	     0.00	     0.00	     0.00	     0.00
  3791.72	 -1117.86	  -185.68	     1.22	    19.99	     0.00	     0.00	     0.00	     0.00	     0.00	     0.00
  3812.26	 -1117.86	  -185.68	     1.22	    20.54	     0.00	     0.00	     0.00	     0.00	     0.00	     0.00
  3832.94	 -1101.84	  -113.26	    -0.91	    20.68	    16.03	    72.42	    -2.13	    74.17	 -3586.83	  -102.80
