     Time	    Pos x	    Pos y	    Angle	Diff Time	Diff Posx	Diff Posy	Diff Angl	Diff Long	Rel Speed	Rel AnSpd	
     0.00	 -1347.23	  -537.59	     0.03	     0.00	     0.00	     0.00	     0.00	     0.00	     0.00	     0.00
    18.95	 -1345.84	  -537.57	     0.03	    18.95	     1.39	     0.02	     0.00	     1.39	    73.36	     0.00
    40.11	 -1344.45	  -537.55	     0.00	    21.16	     1.39	     0.02	    -0.03	     1.39	    65.70	    -1.42
    99.06	 -1343.06	  -537.53	     0.03	    58.95	     1.39	     0.02	     0.03	     1.39	    23.58	     0.51
   118.94	 -1341.66	  -537.51	     0.03	    19.88	     1.40	     0.02	     0.00	     1.40	    70.43	     0.00
   183.67	 -1336.10	  -537.43	     0.03	    64.73	     5.56	     0.08	     0.00	     5.56	    85.90	     0.00
   239.30	 -1333.32	  -537.38	     0.00	    55.63	     2.78	     0.05	    -0.03	     2.78	    49.98	    -0.54
   298.97	 -1330.54	  -537.34	     0.03	    59.67	     2.78	     0.04	     0.03	     2.78	    46.59	     0.50
   319.61	 -1327.76	  -537.30	     0.03	    20.64	     2.78	     0.04	     0.00	     2.78	   134.70	     0.00
   340.51	 -1324.97	  -537.26	     0.03	    20.90	     2.79	     0.04	     0.00	     2.79	   133.51	     0.00
   399.08	 -1322.22	  -535.81	    -0.02	    58.57	     2.75	     1.45	    -0.05	     3.11	    53.08	    -0.85
   419.33	 -1319.41	  -537.18	     0.00	    20.25	     2.81	    -1.37	     0.02	     3.13	   154.38	     0.99
   520.38	 -1311.07	  -537.06	     0.00	   101.05	     8.34	     0.12	     0.00	     8.34	    82.54	     0.00
   540.60	 -1308.29	  -537.02	     0.03	    20.22	     2.78	     0.04	     0.03	     2.78	   137.50	     1.48
   560.70	 -1305.51	  -536.98	     0.00	    20.10	     2.78	     0.04	    -0.03	     2.78	   138.32	    -1.49
   599.61	 -1302.73	  -536.94	     0.03	    38.91	     2.78	     0.04	     0.03	     2.78	    71.45	     0.77
   620.02	 -1299.95	  -536.90	     0.00	    20.41	     2.78	     0.04	    -0.03	     2.78	   136.22	    -1.47
   660.10	 -1298.56	  -536.88	     0.03	    40.08	     1.39	     0.02	     0.03	     1.39	    34.68	     0.75
   679.55	 -1297.17	  -536.86	     0.03	    19.45	     1.39	     0.02	     0.00	     1.39	    71.47	     0.00
   759.41	 -1288.81	  -537.45	     0.04	    79.86	     8.36	    -0.59	     0.01	     8.38	   104.94	     0.13
   779.42	 -1286.05	  -536.70	     0.03	    20.01	     2.76	     0.75	    -0.01	     2.86	   142.93	    -0.50
   800.37	 -1283.27	  -536.66	     0.03	    20.95	     2.78	     0.04	     0.00	     2.78	   132.71	     0.00
   820.51	 -1280.49	  -536.62	     0.00	    20.14	     2.78	     0.04	    -0.03	     2.78	   138.05	    -1.49
   840.97	 -1277.71	  -536.58	     0.03	    20.46	     2.78	     0.04	     0.03	     2.78	   135.89	     1.47
   880.98	 -1274.93	  -536.54	     0.00	    40.01	     2.78	     0.04	    -0.03	     2.78	    69.49	    -0.75
   901.02	 -1272.15	  -536.50	     0.03	    20.04	     2.78	     0.04	     0.03	     2.78	   138.74	     1.50
   920.95	 -1269.37	  -536.46	     0.03	    19.93	     2.78	     0.04	     0.00	     2.78	   139.50	     0.00
   959.56	 -1266.59	  -536.42	     0.00	    38.61	     2.78	     0.04	    -0.03	     2.78	    72.01	    -0.78
   979.95	 -1263.81	  -536.38	     0.03	    20.39	     2.78	     0.04	     0.03	     2.78	   136.36	     1.47
  1021.01	 -1258.94	  -536.31	     0.00	    41.06	     4.87	     0.07	    -0.03	     4.87	   118.62	    -0.73
  1100.05	 -1253.39	  -536.23	     0.03	    79.04	     5.55	     0.08	     0.03	     5.55	    70.22	     0.38
  1139.57	 -1247.13	  -536.14	     0.03	    39.52	     6.26	     0.09	     0.00	     6.26	   158.42	     0.00
  1179.79	 -1241.57	  -536.06	     0.03	    40.22	     5.56	     0.08	     0.00	     5.56	   138.25	     0.00
  1239.53	 -1236.02	  -535.98	     0.03	    59.74	     5.55	     0.08	     0.00	     5.55	    92.91	     0.00
  1319.59	 -1229.76	  -535.89	     0.00	    80.06	     6.26	     0.09	    -0.03	     6.26	    78.20	    -0.37
  1581.31	 -1202.67	  -535.49	     0.05	   261.72	    27.09	     0.40	     0.05	    27.09	   103.52	     0.19
  1640.06	 -1192.89	  -538.88	     0.11	    58.75	     9.78	    -3.39	     0.06	    10.35	   176.19	     1.02
  1700.15	 -1187.30	  -540.91	     0.12	    60.09	     5.59	    -2.03	     0.01	     5.95	    98.97	     0.17
  1720.18	 -1186.00	  -535.25	     0.05	    20.03	     1.30	     5.66	    -0.07	     5.81	   289.93	    -3.49
  1740.60	 -1181.75	  -540.12	     0.11	    20.42	     4.25	    -4.87	     0.06	     6.46	   316.54	     2.94
  1761.52	 -1180.45	  -535.17	     0.03	    20.92	     1.30	     4.95	    -0.08	     5.12	   244.64	    -3.82
  1800.47	 -1174.89	  -535.09	     0.03	    38.95	     5.56	     0.08	     0.00	     5.56	   142.76	     0.00
  1880.28	 -1167.80	  -543.45	     0.16	    79.81	     7.09	    -8.36	     0.13	    10.96	   137.35	     1.63
  1983.96	 -1156.67	  -543.99	     0.20	   103.68	    11.13	    -0.54	     0.04	    11.14	   107.48	     0.39
  2003.72	 -1153.87	  -545.36	     0.19	    19.76	     2.80	    -1.37	    -0.01	     3.12	   157.75	    -0.51
  2023.74	 -1150.55	  -536.14	     0.05	    20.02	     3.32	     9.22	    -0.14	     9.80	   489.49	    -6.99
  2066.54	 -1145.64	  -538.89	     0.10	    42.80	     4.91	    -2.75	     0.05	     5.63	   131.49	     1.17
  2103.91	 -1142.24	  -534.61	     0.03	    37.37	     3.40	     4.28	    -0.07	     5.47	   146.27	    -1.87
  2165.14	 -1135.99	  -534.52	     0.03	    61.23	     6.25	     0.09	     0.00	     6.25	   102.08	     0.00
  2204.05	 -1130.44	  -534.44	     0.07	    38.91	     5.55	     0.08	     0.04	     5.55	   142.65	     1.03
  2224.17	 -1129.01	  -536.54	     0.10	    20.12	     1.43	    -2.10	     0.03	     2.54	   126.27	     1.49
  2244.45	 -1124.88	  -534.36	     0.07	    20.28	     4.13	     2.18	    -0.03	     4.67	   230.28	    -1.48
  2325.89	 -1117.90	  -536.37	     0.08	    81.44	     6.98	    -2.01	     0.01	     7.26	    89.19	     0.12
  2364.48	 -1113.76	  -534.20	     0.05	    38.59	     4.14	     2.17	    -0.03	     4.67	   121.13	    -0.78
  2384.47	 -1112.25	  -541.23	     0.19	    19.99	     1.51	    -7.03	     0.14	     7.19	   359.70	     7.00
  2404.47	 -1109.60	  -534.14	     0.05	    20.00	     2.65	     7.09	    -0.14	     7.57	   378.45	    -7.00
  2424.60	 -1106.83	  -533.39	     0.04	    20.13	     2.77	     0.75	    -0.01	     2.87	   142.56	    -0.50
  2464.46	 -1102.65	  -534.03	     0.07	    39.86	     4.18	    -0.64	     0.03	     4.23	   106.09	     0.75
  2484.51	 -1101.28	  -532.60	     0.03	    20.05	     1.37	     1.43	    -0.04	     1.98	    98.77	    -2.00
  2505.30	 -1097.09	  -533.95	     0.07	    20.79	     4.19	    -1.35	     0.04	     4.40	   211.74	     1.92
  2525.45	 -1092.92	  -533.89	     0.05	    20.15	     4.17	     0.06	    -0.02	     4.17	   206.97	    -0.99
  2564.72	 -1091.53	  -533.87	     0.05	    39.27	     1.39	     0.02	     0.00	     1.39	    35.40	     0.00
  2585.31	 -1088.78	  -532.42	     0.05	    20.59	     2.75	     1.45	     0.00	     3.11	   150.99	     0.00
  2605.44	 -1085.98	  -533.79	     0.07	    20.13	     2.80	    -1.37	     0.02	     3.12	   154.85	     0.99
  2706.57	 -1077.64	  -533.67	     0.07	   101.13	     8.34	     0.12	     0.00	     8.34	    82.48	     0.00
  2726.96	 -1073.37	  -539.25	     0.16	    20.39	     4.27	    -5.58	     0.09	     7.03	   344.60	     4.41
  2764.99	 -1069.33	  -532.14	     0.05	    38.03	     4.04	     7.11	    -0.11	     8.18	   215.03	    -2.89
  2864.76	 -1058.22	  -531.27	     0.04	    99.77	    11.11	     0.87	    -0.01	    11.14	   111.70	    -0.10
  2884.98	 -1054.05	  -531.21	     0.04	    20.22	     4.17	     0.06	     0.00	     4.17	   206.25	     0.00
  3006.21	 -1043.58	  -533.87	     0.09	   121.23	    10.47	    -2.66	     0.05	    10.80	    89.11	     0.41
  3065.72	 -1035.99	  -530.24	     0.03	    59.51	     7.59	     3.63	    -0.06	     8.41	   141.38	    -1.01
  3085.66	 -1030.42	  -530.86	     0.09	    19.94	     5.57	    -0.62	     0.06	     5.60	   281.06	     3.01
  3165.37	 -1026.24	  -531.50	     0.09	    79.71	     4.18	    -0.64	     0.00	     4.23	    53.05	     0.00
  3265.85	 -1012.30	  -533.42	     0.10	   100.48	    13.94	    -1.92	     0.01	    14.07	   140.04	     0.10
  3285.95	 -1009.41	  -539.72	     0.23	    20.10	     2.89	    -6.30	     0.13	     6.93	   344.84	     6.47
  3366.25	 -1003.91	  -536.11	     0.17	    80.30	     5.50	     3.61	    -0.06	     6.58	    81.93	    -0.75
  3404.61	  -998.42	  -531.80	     0.08	    38.36	     5.49	     4.31	    -0.09	     6.98	   181.95	    -2.35
  3425.99	  -965.22	  -520.02	    -1.24	    21.38	    33.20	    11.78	    -1.32	    35.23	 -1647.71	   -61.74
  3504.61	  -985.95	  -528.79	     0.06	    78.62	   -20.73	    -8.77	     1.30	    22.51	  -286.30	    16.54
  3525.07	  -984.43	  -535.83	     0.16	    20.46	     1.52	    -7.04	     0.10	     7.20	   352.01	     4.89
  3585.48	  -977.50	  -534.32	     0.12	    60.41	     6.93	     1.51	    -0.04	     7.09	   117.41	    -0.66
  3628.10	  -974.83	  -527.92	     0.05	    42.62	     2.67	     6.40	    -0.07	     6.93	   162.71	    -1.64
  3746.60	  -959.39	  -535.46	     0.20	   118.50	    15.44	    -7.54	     0.15	    17.18	   145.00	     1.27
  3805.79	  -953.87	  -532.55	     0.13	    59.19	     5.52	     2.91	    -0.07	     6.24	   105.42	    -1.18
  3846.70	  -915.11	  -519.27	    -1.34	    40.91	    38.76	    13.28	    -1.47	    40.97	 -1001.51	   -35.93
  3885.50	  -941.44	  -527.43	     0.07	    38.80	   -26.33	    -8.16	     1.41	    27.57	  -710.45	    36.34
  3927.00	  -954.58	  -531.86	     0.12	    41.50	   -13.14	    -4.43	     0.05	    13.87	  -334.14	     1.20
  3965.52	  -937.20	  -530.90	     0.15	    38.52	    17.38	     0.96	     0.03	    17.41	   451.88	     0.78
  3985.59	  -935.89	  -525.94	     0.03	    20.07	     1.31	     4.96	    -0.12	     5.13	   255.61	    -5.98
  4065.95	  -934.34	  -535.09	     0.18	    80.36	     1.55	    -9.15	     0.15	     9.28	  -115.48	     1.87
  4127.16	  -934.41	  -530.86	     0.13	    61.21	    -0.07	     4.23	    -0.05	     4.23	    69.12	    -0.82
  4266.40	  -934.42	  -530.15	     0.14	   139.24	    -0.01	     0.71	     0.01	     0.71	     5.10	     0.07
