     Time	    Pos x	    Pos y	    Angle	Diff Time	Diff Posx	Diff Posy	Diff Angl	Diff Long	Rel Speed	Rel AnSpd	
     0.00	 -1347.18	  -540.41	     0.03	     0.00	     0.00	     0.00	     0.00	     0.00	     0.00	     0.00
    20.15	 -1345.79	  -540.39	     0.03	    20.15	     1.39	     0.02	     0.00	     1.39	    68.99	     0.00
    41.62	 -1344.40	  -540.37	     0.03	    21.47	     1.39	     0.02	     0.00	     1.39	    64.75	     0.00
    81.01	 -1341.62	  -540.33	    -0.02	    39.39	     2.78	     0.04	    -0.05	     2.78	    70.58	    -1.27
   101.13	 -1337.42	  -541.67	    -0.02	    20.12	     4.20	    -1.34	     0.00	     4.41	   219.11	     0.00
   122.59	 -1334.64	  -541.63	    -0.04	    21.46	     2.78	     0.04	    -0.02	     2.78	   129.56	    -0.93
   161.22	 -1331.86	  -541.59	    -0.06	    38.63	     2.78	     0.04	    -0.02	     2.78	    71.97	    -0.52
   181.14	 -1327.67	  -542.94	    -0.09	    19.92	     4.19	    -1.35	    -0.03	     4.40	   220.99	    -1.51
   201.29	 -1322.10	  -542.86	    -0.09	    20.15	     5.57	     0.08	     0.00	     5.57	   276.46	     0.00
   224.40	 -1317.92	  -543.51	    -0.11	    23.11	     4.18	    -0.65	    -0.02	     4.23	   183.05	    -0.87
   245.62	 -1312.36	  -543.43	    -0.15	    21.22	     5.56	     0.08	    -0.04	     5.56	   262.04	    -1.89
   285.32	 -1309.56	  -544.09	    -0.17	    39.70	     2.80	    -0.66	    -0.02	     2.88	    72.46	    -0.50
   305.46	 -1302.59	  -545.40	    -0.16	    20.14	     6.97	    -1.31	     0.01	     7.09	   352.14	     0.50
   364.34	 -1291.45	  -546.65	    -0.18	    58.88	    11.14	    -1.25	    -0.02	    11.21	   190.39	    -0.34
   384.43	 -1285.89	  -546.57	    -0.24	    20.09	     5.56	     0.08	    -0.06	     5.56	   276.78	    -2.99
   406.36	 -1280.30	  -547.90	    -0.27	    21.93	     5.59	    -1.33	    -0.03	     5.75	   262.02	    -1.37
   426.45	 -1273.33	  -549.21	    -0.28	    20.09	     6.97	    -1.31	    -0.01	     7.09	   353.01	    -0.50
   508.17	 -1255.18	  -553.88	    -0.33	    81.72	    18.15	    -4.67	    -0.05	    18.74	   229.33	    -0.61
   588.44	 -1239.12	  -558.58	    -0.41	    80.27	    16.06	    -4.70	    -0.08	    16.73	   208.47	    -1.00
   628.44	 -1220.22	  -566.77	    -0.50	    40.00	    18.90	    -8.19	    -0.09	    20.60	   514.96	    -2.25
   668.38	 -1211.12	  -570.87	    -0.55	    39.94	     9.10	    -4.10	    -0.05	     9.98	   249.90	    -1.25
   688.55	 -1206.89	  -574.34	    -0.64	    20.17	     4.23	    -3.47	    -0.09	     5.47	   271.25	    -4.46
   708.69	 -1197.78	  -579.14	    -0.54	    20.14	     9.11	    -4.80	     0.10	    10.30	   511.28	     4.97
   730.03	 -1190.09	  -581.85	    -0.63	    21.34	     7.69	    -2.71	    -0.09	     8.15	   382.08	    -4.22
   769.13	 -1183.75	  -587.40	    -0.64	    39.10	     6.34	    -5.55	    -0.01	     8.43	   215.50	    -0.26
   789.24	 -1177.44	  -590.84	    -0.59	    20.11	     6.31	    -3.44	     0.05	     7.19	   357.37	     2.49
   809.78	 -1171.80	  -595.70	    -0.64	    20.54	     5.64	    -4.86	    -0.05	     7.45	   362.47	    -2.43
   848.78	 -1164.78	  -599.83	    -0.69	    39.00	     7.02	    -4.13	    -0.05	     8.14	   208.84	    -1.28
   869.04	 -1156.35	  -605.35	    -0.69	    20.26	     8.43	    -5.52	     0.00	    10.08	   497.36	     0.00
   889.30	 -1150.00	  -610.91	    -0.70	    20.26	     6.35	    -5.56	    -0.01	     8.44	   416.59	    -0.49
   910.14	 -1145.07	  -615.07	    -0.71	    20.84	     4.93	    -4.16	    -0.01	     6.45	   309.53	    -0.48
   948.75	 -1137.31	  -622.02	    -0.72	    38.61	     7.76	    -6.95	    -0.01	    10.42	   269.81	    -0.26
   968.78	 -1130.96	  -627.57	    -0.76	    20.03	     6.35	    -5.55	    -0.04	     8.43	   421.05	    -2.00
   990.81	 -1126.72	  -631.75	    -0.72	    22.03	     4.24	    -4.18	     0.04	     5.95	   270.27	     1.82
  1010.95	 -1116.88	  -638.67	    -0.83	    20.14	     9.84	    -6.92	    -0.11	    12.03	   597.30	    -5.46
  1050.35	 -1112.60	  -644.96	    -0.77	    39.40	     4.28	    -6.29	     0.06	     7.61	   193.10	     1.52
  1070.11	 -1106.97	  -649.12	    -0.82	    19.76	     5.63	    -4.16	    -0.05	     7.00	   354.26	    -2.53
  1090.15	 -1104.80	  -654.04	    -0.82	    20.04	     2.17	    -4.92	     0.00	     5.38	   268.33	     0.00
  1128.78	 -1097.06	  -659.58	    -0.88	    38.63	     7.74	    -5.54	    -0.06	     9.52	   246.40	    -1.55
  1150.11	 -1092.80	  -665.17	    -0.86	    21.33	     4.26	    -5.59	     0.02	     7.03	   329.50	     0.94
  1170.39	 -1089.25	  -669.36	    -0.88	    20.28	     3.55	    -4.19	    -0.02	     5.49	   270.79	    -0.99
  1190.15	 -1088.50	  -672.88	    -0.85	    19.76	     0.75	    -3.52	     0.03	     3.60	   182.14	     1.52
  1228.74	 -1084.94	  -677.78	    -0.86	    38.59	     3.56	    -4.90	    -0.01	     6.06	   156.95	    -0.26
  1248.80	 -1081.42	  -680.55	    -0.87	    20.06	     3.52	    -2.77	    -0.01	     4.48	   223.29	    -0.50
  1268.78	 -1077.89	  -683.33	    -0.88	    19.98	     3.53	    -2.78	    -0.01	     4.49	   224.89	    -0.50
  1289.85	 -1077.16	  -685.44	    -0.87	    21.07	     0.73	    -2.11	     0.01	     2.23	   105.97	     0.47
  1328.77	 -1074.33	  -688.23	    -0.90	    38.92	     2.83	    -2.79	    -0.03	     3.97	   102.11	    -0.77
  1348.93	 -1072.21	  -690.32	    -0.88	    20.16	     2.12	    -2.09	     0.02	     2.98	   147.67	     0.99
  1370.12	 -1071.47	  -693.14	    -0.84	    21.19	     0.74	    -2.82	     0.04	     2.92	   137.59	     1.89
  1408.84	 -1068.66	  -694.51	    -0.89	    38.72	     2.81	    -1.37	    -0.05	     3.13	    80.74	    -1.29
  1428.94	 -1067.94	  -695.92	    -0.88	    20.10	     0.72	    -1.41	     0.01	     1.58	    78.77	     0.50
  1449.01	 -1067.22	  -697.32	    -0.86	    20.07	     0.72	    -1.40	     0.02	     1.57	    78.44	     1.00
  1469.71	 -1065.81	  -698.72	    -0.88	    20.70	     1.41	    -1.40	    -0.02	     1.99	    95.99	    -0.97
  1509.79	 -1065.81	  -698.72	    -0.86	    40.08	     0.00	     0.00	     0.02	     0.00	     0.00	     0.50
  1528.84	 -1065.80	  -699.42	    -0.85	    19.05	     0.01	    -0.70	     0.01	     0.70	    36.75	     0.52
  1570.57	 -1065.81	  -698.72	    -0.87	    41.73	    -0.01	     0.70	    -0.02	     0.70	   -16.78	    -0.48
  1588.91	 -1064.39	  -700.11	    -0.87	    18.34	     1.42	    -1.39	     0.00	     1.99	   108.35	     0.00
  1629.30	 -1065.09	  -700.12	    -0.86	    40.39	    -0.70	    -0.01	     0.01	     0.70	   -17.33	     0.25
  1650.51	 -1065.80	  -699.42	    -0.86	    21.21	    -0.71	     0.70	     0.00	     1.00	   -47.01	     0.00
  1689.44	 -1064.39	  -700.11	    -0.86	    38.93	     1.41	    -0.69	     0.00	     1.57	    40.32	     0.00
  1709.61	 -1064.39	  -700.11	    -0.88	    20.17	     0.00	     0.00	    -0.02	     0.00	     0.00	    -0.99
  1729.93	 -1065.09	  -700.12	    -0.86	    20.32	    -0.70	    -0.01	     0.02	     0.70	   -34.45	     0.98
  1750.93	 -1063.70	  -700.10	    -0.88	    21.00	     1.39	     0.02	    -0.02	     1.39	    66.20	    -0.95
  1789.52	 -1064.39	  -700.11	    -0.87	    38.59	    -0.69	    -0.01	     0.01	     0.69	   -17.88	     0.26
  1830.46	 -1063.70	  -700.10	    -0.88	    40.94	     0.69	     0.01	    -0.01	     0.69	    16.86	    -0.24
  1870.06	 -1063.70	  -700.10	    -0.89	    39.60	     0.00	     0.00	    -0.01	     0.00	     0.00	    -0.25
  1890.26	 -1064.37	  -701.52	    -0.86	    20.20	    -0.67	    -1.42	     0.03	     1.57	    77.73	     1.49
  1931.18	 -1065.09	  -700.12	    -0.85	    40.92	    -0.72	     1.40	     0.01	     1.57	   -38.47	     0.24
  1970.15	 -1064.39	  -700.11	    -0.87	    38.97	     0.70	     0.01	    -0.02	     0.70	    17.96	    -0.51
  1990.20	 -1065.79	  -700.13	    -0.86	    20.05	    -1.40	    -0.02	     0.01	     1.40	   -69.83	     0.50
