     Time	    Pos x	    Pos y	    Angle	Diff Time	Diff Posx	Diff Posy	Diff Angl	Diff Long	Rel Speed	Rel AnSpd	
     0.00	 -1349.97	  -540.45	     0.03	     0.00	     0.00	     0.00	     0.00	     0.00	     0.00	     0.00
    19.92	 -1349.27	  -540.44	     0.03	    19.92	     0.70	     0.01	     0.00	     0.70	    35.14	     0.00
    41.04	 -1347.18	  -540.41	     0.05	    21.12	     2.09	     0.03	     0.02	     2.09	    98.97	     0.95
   121.14	 -1309.21	  -523.64	    -1.99	    80.10	    37.97	    16.77	    -2.04	    41.51	  -518.21	   -25.47
   223.04	 -1322.09	  -543.57	     0.31	   101.90	   -12.88	   -19.93	     2.30	    23.73	  -232.87	    22.57
   259.60	 -1288.47	  -516.29	    -2.24	    36.56	    33.62	    27.28	    -2.55	    43.30	 -1184.23	   -69.75
   280.28	 -1312.51	  -534.26	     0.25	    20.68	   -24.04	   -17.97	     2.49	    30.01	 -1451.36	   120.41
   300.25	 -1306.96	  -533.48	     0.28	    19.97	     5.55	     0.78	     0.03	     5.60	   280.65	     1.50
   320.31	 -1301.42	  -531.99	     0.31	    20.06	     5.54	     1.49	     0.03	     5.74	   285.99	     1.50
   358.80	 -1294.51	  -529.07	     0.31	    38.49	     6.91	     2.92	     0.00	     7.50	   194.90	     0.00
   378.83	 -1287.61	  -526.15	     0.33	    20.03	     6.90	     2.92	     0.02	     7.49	   374.06	     1.00
   399.80	 -1282.05	  -526.07	     0.40	    20.97	     5.56	     0.08	     0.07	     5.56	   265.17	     3.34
   438.93	 -1275.10	  -525.97	     0.45	    39.13	     6.95	     0.10	     0.05	     6.95	   177.63	     1.28
   458.95	 -1269.66	  -518.84	     0.40	    20.02	     5.44	     7.13	    -0.05	     8.97	   447.97	    -2.50
   481.67	 -1261.34	  -517.31	     0.45	    22.72	     8.32	     1.53	     0.05	     8.46	   372.34	     2.20
   501.22	 -1255.78	  -517.23	     0.50	    19.55	     5.56	     0.08	     0.05	     5.56	   284.43	     2.56
   538.99	 -1248.93	  -511.49	     0.48	    37.77	     6.85	     5.74	    -0.02	     8.94	   236.62	    -0.53
   560.04	 -1243.44	  -507.18	     0.50	    21.05	     5.49	     4.31	     0.02	     6.98	   331.58	     0.95
   579.92	 -1236.54	  -504.26	     0.54	    19.88	     6.90	     2.92	     0.04	     7.49	   376.88	     2.01
   600.26	 -1231.05	  -500.66	     0.56	    20.34	     5.49	     3.60	     0.02	     6.57	   322.77	     0.98
   638.76	 -1224.17	  -496.33	     0.58	    38.50	     6.88	     4.33	     0.02	     8.13	   211.15	     0.52
   659.27	 -1215.92	  -491.27	     0.61	    20.51	     8.25	     5.06	     0.03	     9.68	   471.87	     1.46
   680.23	 -1192.13	  -460.61	    -1.48	    20.96	    23.79	    30.66	    -2.09	    38.81	 -1851.49	   -99.71
   700.49	 -1202.84	  -484.03	     0.70	    20.26	   -10.71	   -23.42	     2.18	    25.75	 -1271.11	   107.60
   738.85	 -1198.05	  -479.73	     0.71	    38.36	     4.79	     4.30	     0.01	     6.44	   167.80	     0.26
   781.06	 -1184.33	  -469.66	     0.79	    42.21	    13.72	    10.07	     0.08	    17.02	   403.20	     1.90
   820.23	 -1178.87	  -463.94	     0.78	    39.17	     5.46	     5.72	    -0.01	     7.91	   201.88	    -0.26
   840.35	 -1173.42	  -458.22	     0.79	    20.12	     5.45	     5.72	     0.01	     7.90	   392.68	     0.50
   860.36	 -1166.57	  -452.48	     0.84	    20.01	     6.85	     5.74	     0.05	     8.94	   446.63	     2.50
   880.98	 -1161.09	  -448.17	     0.87	    20.62	     5.48	     4.31	     0.03	     6.97	   338.11	     1.45
   918.81	 -1157.07	  -439.65	     0.86	    37.83	     4.02	     8.52	    -0.01	     9.42	   249.03	    -0.26
   939.47	 -1150.22	  -433.91	     0.89	    20.66	     6.85	     5.74	     0.03	     8.94	   432.58	     1.45
   960.36	 -1146.15	  -428.21	     0.90	    20.89	     4.07	     5.70	     0.01	     7.00	   335.28	     0.48
   998.97	 -1139.34	  -420.35	     0.94	    38.61	     6.81	     7.86	     0.04	    10.40	   269.35	     1.04
  1019.78	 -1133.88	  -415.34	     1.01	    20.81	     5.46	     5.01	     0.07	     7.41	   356.09	     3.36
  1041.06	 -1129.86	  -406.81	     0.99	    21.28	     4.02	     8.53	    -0.02	     9.43	   443.13	    -0.94
  1061.10	 -1125.79	  -401.11	     1.02	    20.04	     4.07	     5.70	     0.03	     7.00	   349.50	     1.50
  1099.22	 -1121.77	  -392.59	     1.03	    38.12	     4.02	     8.52	     0.01	     9.42	   247.13	     0.26
  1121.42	 -1119.12	  -385.50	     1.04	    22.20	     2.65	     7.09	     0.01	     7.57	   340.95	     0.45
  1141.40	 -1115.12	  -376.27	     1.05	    19.98	     4.00	     9.23	     0.01	    10.06	   503.48	     0.50
  1161.51	 -1118.49	  -381.96	     1.08	    20.11	    -3.37	    -5.69	     0.03	     6.61	  -328.85	     1.49
  1200.92	 -1105.63	  -362.72	     1.15	    39.41	    12.86	    19.24	     0.07	    23.14	   587.21	     1.78
  1221.10	 -1103.00	  -354.22	     1.16	    20.18	     2.63	     8.50	     0.01	     8.90	   440.91	     0.50
  1240.97	 -1100.35	  -347.12	     1.17	    19.87	     2.65	     7.10	     0.01	     7.58	   381.40	     0.50
  1278.96	 -1097.72	  -338.62	     1.16	    37.99	     2.63	     8.50	    -0.01	     8.90	   234.21	    -0.26
  1300.22	 -1070.55	  -304.32	    -2.48	    21.26	    27.17	    34.30	    -3.64	    43.76	 -2058.20	  -171.21
  1320.33	 -1091.05	  -322.99	     1.26	    20.11	   -20.50	   -18.67	     3.74	    27.73	 -1378.80	   185.98
  1340.51	 -1092.59	  -314.55	     1.22	    20.18	    -1.54	     8.44	    -0.04	     8.58	   425.14	    -1.98
  1379.01	 -1087.19	  -306.00	     1.29	    38.50	     5.40	     8.55	     0.07	    10.11	   262.66	     1.82
  1399.18	 -1082.44	  -299.57	     1.33	    20.17	     4.75	     6.43	     0.04	     7.99	   396.34	     1.98
  1420.26	 -1081.91	  -290.38	     1.36	    21.08	     0.53	     9.19	     0.03	     9.21	   436.68	     1.42
  1440.79	 -1082.06	  -281.92	     1.37	    20.53	    -0.15	     8.46	     0.01	     8.46	   412.14	     0.49
  1479.03	 -1086.41	  -272.10	     1.26	    38.24	    -4.35	     9.82	    -0.11	    10.74	   280.87	    -2.88
  1540.12	 -1081.13	  -256.48	     1.36	    61.09	     5.28	    15.62	     0.10	    16.49	   269.90	     1.64
  1579.02	 -1075.19	  -239.43	     1.51	    38.90	     5.94	    17.05	     0.15	    18.06	   464.14	     3.86
  1599.34	 -1078.83	  -230.31	     1.45	    20.32	    -3.64	     9.12	    -0.06	     9.82	   483.25	    -2.95
  1621.31	 -1072.74	  -221.02	     1.58	    21.97	     6.09	     9.29	     0.13	    11.11	   505.61	     5.92
  1659.41	 -1072.89	  -212.54	     1.58	    38.10	    -0.15	     8.48	     0.00	     8.48	   222.61	     0.00
  1679.53	 -1071.68	  -202.62	     1.62	    20.12	     1.21	     9.92	     0.04	     9.99	   496.70	     1.99
  1700.67	 -1071.84	  -194.14	     1.62	    21.14	    -0.16	     8.48	     0.00	     8.48	   401.21	     0.00
  1721.28	 -1072.67	  -186.38	     1.68	    20.61	    -0.83	     7.76	     0.06	     7.80	   378.66	     2.91
  1759.57	 -1073.54	  -177.20	     1.69	    38.29	    -0.87	     9.18	     0.01	     9.22	   240.82	     0.26
  1888.42	 -1079.88	  -134.85	     1.80	   128.85	    -6.34	    42.35	     0.11	    42.82	   332.34	     0.85
  1939.13	 -1082.95	  -119.32	     1.84	    50.71	    -3.07	    15.53	     0.04	    15.83	   312.18	     0.79
  1959.18	 -1086.59	  -110.17	     1.87	    20.05	    -3.64	     9.15	     0.03	     9.85	   491.14	     1.50
  1979.18	 -1088.85	  -101.00	     1.89	    20.00	    -2.26	     9.17	     0.02	     9.44	   472.22	     1.00
  2088.43	 -1100.61	   -67.17	     2.09	   109.25	   -11.76	    33.83	     0.20	    35.82	   327.83	     1.83
  2139.89	 -1106.43	   -53.79	     2.08	    51.46	    -5.82	    13.38	    -0.01	    14.59	   283.54	    -0.19
  2181.95	 -1107.90	   -49.55	     2.12	    42.06	    -1.47	     4.24	     0.04	     4.49	   106.70	     0.95
  2199.93	 -1110.82	   -42.51	     2.13	    17.98	    -2.92	     7.04	     0.01	     7.62	   423.89	     0.56
  2220.74	 -1112.29	   -38.27	     2.14	    20.81	    -1.47	     4.24	     0.01	     4.49	   215.65	     0.48
  2240.94	 -1114.47	   -33.34	     2.20	    20.20	    -2.18	     4.93	     0.06	     5.39	   266.86	     2.97
  2281.26	 -1116.60	   -31.24	     2.17	    40.32	    -2.13	     2.10	    -0.03	     2.99	    74.18	    -0.74
  2299.90	 -1119.49	   -25.61	     2.17	    18.64	    -2.89	     5.63	     0.00	     6.33	   339.51	     0.00
  2319.89	 -1122.36	   -21.40	     2.32	    19.99	    -2.87	     4.21	     0.15	     5.10	   254.89	     7.50
  2340.09	 -1122.36	   -21.40	     2.17	    20.20	     0.00	     0.00	    -0.15	     0.00	    -0.00	    -7.43
  2360.77	 -1123.83	   -17.16	     2.19	    20.68	    -1.47	     4.24	     0.02	     4.49	   217.00	     0.97
  2400.29	 -1123.86	   -15.74	     2.27	    39.52	    -0.03	     1.42	     0.08	     1.42	    35.94	     2.02
  2420.02	 -1126.67	   -14.37	     2.28	    19.73	    -2.81	     1.37	     0.01	     3.13	   158.45	     0.51
  2440.20	 -1126.72	   -11.53	     2.21	    20.18	    -0.05	     2.84	    -0.07	     2.84	   140.76	    -3.47
  2479.90	 -1126.71	   -12.24	     2.20	    39.70	     0.01	    -0.71	    -0.01	     0.71	   -17.89	    -0.25
  2521.85	 -1129.56	    -8.73	     2.19	    41.95	    -2.85	     3.51	    -0.01	     4.52	   107.78	    -0.24
