     Time	    Pos x	    Pos y	    Angle	Diff Time	Diff Posx	Diff Posy	Diff Angl	Diff Long	Rel Speed	Rel AnSpd	
     0.00	 -1348.57	  -540.43	     0.00	     0.00	     0.00	     0.00	     0.00	     0.00	     0.00	     0.00
    40.38	 -1347.18	  -540.41	     0.00	    40.38	     1.39	     0.02	     0.00	     1.39	    34.43	     0.00
    99.97	 -1343.01	  -540.35	     0.00	    59.59	     4.17	     0.06	     0.00	     4.17	    69.99	     0.00
   120.64	 -1341.62	  -540.33	     0.03	    20.67	     1.39	     0.02	     0.03	     1.39	    67.25	     1.45
   140.65	 -1338.84	  -540.28	     0.00	    20.01	     2.78	     0.05	    -0.03	     2.78	   138.95	    -1.50
   221.82	 -1298.00	  -528.41	    -2.12	    81.17	    40.84	    11.87	    -2.12	    42.53	  -523.96	   -26.12
   242.01	 -1318.67	  -539.99	     0.03	    20.19	   -20.67	   -11.58	     2.15	    23.69	 -1173.49	   106.49
   280.56	 -1316.59	  -539.96	     0.03	    38.55	     2.08	     0.03	     0.00	     2.08	    53.96	     0.00
   300.63	 -1312.41	  -539.90	     0.03	    20.07	     4.18	     0.06	     0.00	     4.18	   208.29	     0.00
   321.42	 -1308.24	  -539.84	     0.03	    20.79	     4.17	     0.06	     0.00	     4.17	   200.60	     0.00
   342.34	 -1301.29	  -539.74	     0.00	    20.92	     6.95	     0.10	    -0.03	     6.95	   332.25	    -1.43
   381.08	 -1296.43	  -539.67	     0.03	    38.74	     4.86	     0.07	     0.03	     4.86	   125.46	     0.77
   482.51	 -1277.64	  -540.81	     0.05	   101.43	    18.79	    -1.14	     0.02	    18.82	   185.59	     0.20
   501.69	 -1271.41	  -539.31	     0.00	    19.18	     6.23	     1.50	    -0.05	     6.41	   334.10	    -2.61
   560.29	 -1252.64	  -539.04	     0.03	    58.60	    18.77	     0.27	     0.03	    18.77	   320.34	     0.51
   601.39	 -1247.09	  -538.96	     0.03	    41.10	     5.55	     0.08	     0.00	     5.55	   135.05	     0.00
   640.35	 -1233.19	  -538.76	     0.03	    38.96	    13.90	     0.20	     0.00	    13.90	   356.81	     0.00
   661.97	 -1226.23	  -539.36	     0.04	    21.62	     6.96	    -0.60	     0.01	     6.99	   323.12	     0.46
   703.23	 -1219.30	  -538.55	     0.03	    41.26	     6.93	     0.81	    -0.01	     6.98	   169.10	    -0.24
   740.42	 -1205.39	  -539.06	     0.04	    37.19	    13.91	    -0.51	     0.01	    13.92	   374.28	     0.27
   802.59	 -1184.53	  -540.16	     0.06	    62.17	    20.86	    -1.10	     0.02	    20.89	   336.00	     0.32
   886.13	 -1169.28	  -537.83	     0.03	    83.54	    15.25	     2.33	    -0.03	    15.43	   184.67	    -0.36
   920.45	 -1153.90	  -543.95	     0.16	    34.32	    15.38	    -6.12	     0.13	    16.55	   482.31	     3.79
   940.59	 -1148.43	  -538.23	     0.06	    20.14	     5.47	     5.72	    -0.10	     7.91	   392.97	    -4.97
   961.18	 -1139.97	  -545.86	     0.18	    20.59	     8.46	    -7.63	     0.12	    11.39	   553.30	     5.83
  1067.58	 -1108.16	  -536.94	     0.07	   106.40	    31.81	     8.92	    -0.11	    33.04	   310.50	    -1.03
  1120.45	 -1101.10	  -543.18	     0.17	    52.87	     7.06	    -6.24	     0.10	     9.42	   178.22	     1.89
  1182.77	 -1069.29	  -534.25	     0.06	    62.32	    31.81	     8.93	    -0.11	    33.04	   530.16	    -1.77
  1263.73	 -1052.60	  -534.71	     0.10	    80.96	    16.69	    -0.46	     0.04	    16.70	   206.23	     0.49
  1321.59	 -1030.35	  -535.09	     0.10	    57.86	    22.25	    -0.38	     0.00	    22.25	   384.60	     0.00
  1341.72	 -1023.42	  -533.58	     0.08	    20.13	     6.93	     1.51	    -0.02	     7.09	   352.34	    -0.99
  1362.55	 -1015.10	  -532.05	     0.10	    20.83	     8.32	     1.53	     0.02	     8.46	   406.12	     0.96
  1420.64	  -997.60	  -538.84	     0.20	    58.09	    17.50	    -6.79	     0.10	    18.77	   323.14	     1.72
  1480.57	  -981.59	  -539.32	     0.23	    59.93	    16.01	    -0.48	     0.03	    16.02	   267.27	     0.50
  1562.39	  -958.10	  -529.79	     0.13	    81.82	    23.49	     9.53	    -0.10	    25.35	   309.82	    -1.22
  1601.82	  -950.41	  -531.80	     0.17	    39.43	     7.69	    -2.01	     0.04	     7.95	   201.58	     1.01
  1622.30	  -932.61	  -514.59	    -0.69	    20.48	    17.80	    17.21	    -0.86	    24.76	  1208.95	   -41.99
  1642.30	  -926.10	  -528.61	     0.16	    20.00	     6.51	   -14.02	     0.85	    15.46	   772.89	    42.50
  1681.96	  -917.63	  -534.84	     0.26	    39.66	     8.47	    -6.23	     0.10	    10.51	   265.11	     2.52
  1702.03	  -907.95	  -530.46	     0.17	    20.07	     9.68	     4.38	    -0.09	    10.62	   529.39	    -4.48
  1760.99	  -892.65	  -528.83	     0.21	    58.96	    15.30	     1.63	     0.04	    15.39	   260.97	     0.68
  1781.05	  -884.39	  -523.05	     0.12	    20.06	     8.26	     5.78	    -0.09	    10.08	   502.57	    -4.49
  1801.51	  -875.91	  -529.99	     0.25	    20.46	     8.48	    -6.94	     0.13	    10.96	   535.57	     6.35
  1861.36	  -860.72	  -521.29	     0.13	    59.85	    15.19	     8.70	    -0.12	    17.51	   292.48	    -2.01
  1881.61	  -852.28	  -525.40	     0.19	    20.25	     8.44	    -4.11	     0.06	     9.39	   463.58	     2.96
  1901.68	  -843.99	  -521.04	     0.13	    20.07	     8.29	     4.36	    -0.06	     9.37	   466.70	    -2.99
  1941.70	  -837.06	  -518.11	     0.11	    40.02	     6.93	     2.93	    -0.02	     7.52	   188.00	    -0.50
  1981.78	  -819.54	  -522.08	     0.19	    40.08	    17.52	    -3.97	     0.08	    17.96	   448.21	     2.00
  2002.96	  -812.62	  -518.45	     0.16	    21.18	     6.92	     3.63	    -0.03	     7.81	   368.95	    -1.42
  2023.13	  -804.27	  -516.91	     0.19	    20.17	     8.35	     1.54	     0.03	     8.49	   420.96	     1.49
  2063.10	  -796.45	  -524.57	     0.31	    39.97	     7.82	    -7.66	     0.12	    10.95	   273.87	     3.00
  2083.18	  -791.01	  -516.00	     0.18	    20.08	     5.44	     8.57	    -0.13	    10.15	   505.52	    -6.47
  2103.46	  -785.45	  -514.50	     0.12	    20.28	     5.56	     1.50	    -0.06	     5.76	   283.96	    -2.96
  2124.15	  -779.21	  -511.58	     0.08	    20.69	     6.24	     2.92	    -0.04	     6.89	   332.98	    -1.93
  2163.54	  -772.85	  -515.73	     0.20	    39.39	     6.36	    -4.15	     0.12	     7.59	   192.80	     3.05
  2184.23	  -768.65	  -515.66	     0.22	    20.69	     4.20	     0.07	     0.02	     4.20	   203.02	     0.97
  2204.55	  -764.51	  -512.77	     0.15	    20.32	     4.14	     2.89	    -0.07	     5.05	   248.47	    -3.44
  2224.44	  -760.21	  -518.36	     0.26	    19.89	     4.30	    -5.59	     0.11	     7.05	   354.58	     5.53
  2283.30	  -754.67	  -515.45	     0.21	    58.86	     5.54	     2.91	    -0.05	     6.26	   106.32	    -0.85
