     Time	    Pos x	    Pos y	    Angle	Diff Time	Diff Posx	Diff Posy	Diff Angl	Diff Long	Rel Speed	Rel AnSpd	
     0.00	 -1726.07	  -936.04	     0.01	     0.00	     0.00	     0.00	     0.00	     0.00	     0.00	     0.00
    18.90	 -1723.25	  -935.98	     0.25	    18.90	     2.82	     0.06	     0.24	     2.82	   149.24	    12.70
    59.19	 -1721.83	  -935.96	     0.27	    40.29	     1.42	     0.02	     0.02	     1.42	    35.25	     0.50
    79.34	 -1720.43	  -935.22	     0.04	    20.15	     1.40	     0.74	    -0.23	     1.58	    78.59	   -11.41
   100.52	 -1717.60	  -935.88	     0.03	    21.18	     2.83	    -0.66	    -0.01	     2.91	   137.20	    -0.47
   180.16	 -1675.95	  -943.66	     2.30	    79.64	    41.65	    -7.78	     2.27	    42.37	  -532.02	    28.50
   198.95	 -1704.85	  -942.05	     0.21	    18.79	   -28.90	     1.61	    -2.09	    28.94	 -1540.44	  -111.23
   240.47	 -1700.65	  -937.69	     0.15	    41.52	     4.20	     4.36	    -0.06	     6.05	   145.81	    -1.45
   259.51	 -1696.40	  -940.47	     0.21	    19.04	     4.25	    -2.78	     0.06	     5.08	   266.73	     3.15
   289.81	 -1692.20	  -936.11	     0.20	    30.30	     4.20	     4.36	    -0.01	     6.05	   199.80	    -0.33
   319.24	 -1682.36	  -931.65	     0.38	    29.43	     9.84	     4.46	     0.18	    10.80	   367.09	     6.12
   339.01	 -1692.90	  -936.12	     0.21	    19.77	   -10.54	    -4.47	    -0.17	    11.45	  -579.09	    -8.60
   380.04	 -1669.66	  -934.27	     0.31	    41.03	    23.24	     1.85	     0.10	    23.31	   568.21	     2.44
   419.70	 -1664.04	  -932.02	     0.29	    39.66	     5.62	     2.25	    -0.02	     6.05	   152.64	    -0.50
   440.77	 -1659.85	  -926.96	     0.25	    21.07	     4.19	     5.06	    -0.04	     6.57	   311.80	    -1.90
   461.85	 -1652.83	  -923.98	     0.27	    21.08	     7.02	     2.98	     0.02	     7.63	   361.78	     0.95
   481.99	 -1648.60	  -925.33	     0.28	    20.14	     4.23	    -1.35	     0.01	     4.44	   220.47	     0.50
   522.45	 -1642.99	  -922.38	     0.45	    40.46	     5.61	     2.95	     0.17	     6.34	   156.66	     4.20
   542.81	 -1637.38	  -920.85	     0.37	    20.36	     5.61	     1.53	    -0.08	     5.81	   285.60	    -3.93
   563.80	 -1631.74	  -922.18	     0.47	    20.99	     5.64	    -1.33	     0.10	     5.79	   276.07	     4.76
   602.62	 -1626.15	  -917.80	     0.31	    38.82	     5.59	     4.38	    -0.16	     7.10	   182.94	    -4.12
   622.64	 -1594.75	  -894.47	    -2.34	    20.02	    31.40	    23.33	    -2.65	    39.12	 -1953.97	  -132.37
   642.86	 -1614.94	  -913.33	     0.33	    20.22	   -20.19	   -18.86	     2.67	    27.63	 -1366.40	   132.05
   682.65	 -1609.33	  -911.81	     0.33	    39.79	     5.61	     1.52	     0.00	     5.81	   146.07	     0.00
   702.83	 -1603.74	  -908.87	     0.33	    20.18	     5.59	     2.94	     0.00	     6.32	   312.98	     0.00
   722.59	 -1596.72	  -907.32	     0.35	    19.76	     7.02	     1.55	     0.02	     7.19	   363.82	     1.01
   743.68	 -1591.13	  -904.37	     0.34	    21.09	     5.59	     2.95	    -0.01	     6.32	   299.70	    -0.47
   764.48	 -1585.52	  -904.28	     0.42	    20.80	     5.61	     0.09	     0.08	     5.61	   269.75	     3.85
   803.34	 -1579.93	  -901.33	     0.39	    38.86	     5.59	     2.95	    -0.03	     6.32	   162.65	    -0.77
   823.48	 -1572.91	  -901.21	     0.44	    20.14	     7.02	     0.12	     0.05	     7.02	   348.61	     2.48
   844.01	 -1568.74	  -896.87	     0.43	    20.53	     4.17	     4.34	    -0.01	     6.02	   293.17	    -0.49
   864.07	 -1562.48	  -891.79	     0.41	    20.06	     6.26	     5.08	    -0.02	     8.06	   401.89	    -1.00
   902.79	 -1556.16	  -892.39	     0.48	    38.72	     6.32	    -0.60	     0.07	     6.35	   163.96	     1.81
   923.18	 -1549.18	  -889.43	     0.50	    20.39	     6.98	     2.96	     0.02	     7.58	   371.83	     0.98
   943.69	 -1545.03	  -883.67	     0.42	    20.51	     4.15	     5.76	    -0.08	     7.10	   346.14	    -3.90
   983.38	 -1536.63	  -882.11	     0.51	    39.69	     8.40	     1.56	     0.09	     8.54	   215.26	     2.27
  1003.79	 -1533.87	  -877.80	     0.44	    20.41	     2.76	     4.31	    -0.07	     5.12	   250.76	    -3.43
  1023.94	 -1525.48	  -876.24	     0.53	    20.15	     8.39	     1.56	     0.09	     8.53	   423.51	     4.47
  1044.12	 -1521.33	  -871.91	     0.52	    20.18	     4.15	     4.33	    -0.01	     6.00	   297.21	    -0.50
  1082.83	 -1514.34	  -870.37	     0.58	    38.71	     6.99	     1.54	     0.06	     7.16	   184.90	     1.55
  1103.30	 -1508.78	  -866.01	     0.53	    20.47	     5.56	     4.36	    -0.05	     7.07	   345.17	    -2.44
  1144.46	 -1496.27	  -858.71	     0.56	    41.16	    12.51	     7.30	     0.03	    14.48	   351.90	     0.73
  1183.53	 -1492.10	  -855.80	     0.55	    39.07	     4.17	     2.91	    -0.01	     5.08	   130.15	    -0.26
  1203.61	 -1483.74	  -852.82	     0.61	    20.08	     8.36	     2.98	     0.06	     8.88	   441.99	     2.99
  1242.89	 -1479.59	  -848.50	     0.60	    39.28	     4.15	     4.32	    -0.01	     5.99	   152.51	    -0.25
  1263.36	 -1472.61	  -846.97	     0.65	    20.47	     6.98	     1.53	     0.05	     7.15	   349.08	     2.44
  1285.00	 -1467.09	  -841.20	     0.64	    21.64	     5.52	     5.77	    -0.01	     7.99	   369.00	    -0.46
  1304.75	 -1461.54	  -836.86	     0.64	    19.75	     5.55	     4.34	     0.00	     7.05	   356.73	     0.00
  1343.22	 -1457.39	  -833.25	     0.62	    38.47	     4.15	     3.61	    -0.02	     5.50	   142.98	    -0.52
  1363.36	 -1450.45	  -829.59	     0.67	    20.14	     6.94	     3.66	     0.05	     7.85	   389.57	     2.48
  1383.46	 -1446.31	  -825.27	     0.68	    20.10	     4.14	     4.32	     0.01	     5.98	   297.69	     0.50
  1403.95	 -1439.39	  -819.49	     0.66	    20.49	     6.92	     5.78	    -0.02	     9.02	   440.04	    -0.98
  1443.69	 -1435.23	  -817.30	     0.69	    39.74	     4.16	     2.19	     0.03	     4.70	   118.30	     0.75
  1463.81	 -1428.29	  -813.64	     0.72	    20.12	     6.94	     3.66	     0.03	     7.85	   389.96	     1.49
  1483.93	 -1424.17	  -807.91	     0.71	    20.12	     4.12	     5.73	    -0.01	     7.06	   350.77	    -0.50
  1505.32	 -1420.02	  -805.01	     0.73	    21.39	     4.15	     2.90	     0.02	     5.06	   236.69	     0.94
  1543.59	 -1413.11	  -799.24	     0.74	    38.27	     6.91	     5.77	     0.01	     9.00	   235.23	     0.26
  1606.63	 -1399.34	  -784.86	     0.86	    63.04	    13.77	    14.38	     0.12	    19.91	   315.83	     1.90
  1643.47	 -1393.82	  -780.53	     0.77	    36.84	     5.52	     4.33	    -0.09	     7.02	   190.44	    -2.44
  1663.58	 -1388.32	  -774.78	     0.79	    20.11	     5.50	     5.75	     0.02	     7.96	   395.67	     0.99
  1703.57	 -1381.39	  -771.13	     0.83	    39.99	     6.93	     3.65	     0.04	     7.83	   195.86	     1.00
  1723.40	 -1378.67	  -766.14	     0.82	    19.83	     2.72	     4.99	    -0.01	     5.68	   286.59	    -0.50
  1786.01	 -1364.94	  -750.37	     0.82	    62.61	    13.73	    15.77	     0.00	    20.91	   333.96	     0.00
  1823.52	 -1359.44	  -744.62	     0.82	    37.51	     5.50	     5.75	     0.00	     7.96	   212.13	     0.00
  1843.54	 -1355.32	  -740.32	     0.85	    20.02	     4.12	     4.30	     0.03	     5.96	   297.46	     1.50
  1863.68	 -1349.83	  -734.58	     0.86	    20.14	     5.49	     5.74	     0.01	     7.94	   394.38	     0.50
  1883.90	 -1347.12	  -728.88	     0.85	    20.22	     2.71	     5.70	    -0.01	     6.31	   312.14	    -0.49
  1923.60	 -1340.24	  -723.12	     0.90	    39.70	     6.88	     5.76	     0.05	     8.97	   226.02	     1.26
  1944.71	 -1336.12	  -718.82	     0.94	    21.11	     4.12	     4.30	     0.04	     5.96	   282.10	     1.89
  1964.73	 -1330.63	  -713.09	     0.95	    20.02	     5.49	     5.73	     0.01	     7.94	   396.38	     0.50
  2003.71	 -1327.93	  -707.39	     0.94	    38.98	     2.70	     5.70	    -0.01	     6.31	   161.80	    -0.26
  2023.73	 -1323.82	  -703.09	     0.94	    20.02	     4.11	     4.30	     0.00	     5.95	   297.12	     0.00
  2044.74	 -1320.41	  -698.10	     0.93	    21.01	     3.41	     4.99	    -0.01	     6.04	   287.67	    -0.48
  2064.75	 -1316.97	  -695.22	     0.97	    20.01	     3.44	     2.88	     0.04	     4.49	   224.21	     2.00
  2124.65	 -1312.91	  -687.39	     0.95	    59.90	     4.06	     7.83	    -0.02	     8.82	   147.25	    -0.33
  2144.63	 -1310.17	  -684.52	     0.96	    19.98	     2.74	     2.87	     0.01	     3.97	   198.60	     0.50
  2165.41	 -1308.84	  -680.26	     0.95	    20.78	     1.33	     4.26	    -0.01	     4.46	   214.76	    -0.48
  2203.79	 -1306.10	  -677.40	     0.97	    38.38	     2.74	     2.86	     0.02	     3.96	   103.20	     0.52
  2224.53	 -1304.73	  -675.97	     0.98	    20.74	     1.37	     1.43	     0.01	     1.98	    95.48	     0.48
  2263.69	 -1301.99	  -673.10	     1.00	    39.16	     2.74	     2.87	     0.02	     3.97	   101.33	     0.51
  2283.76	 -1303.40	  -671.71	     0.95	    20.07	    -1.41	     1.39	    -0.05	     1.98	    98.65	    -2.49
  2303.97	 -1302.03	  -670.28	     0.95	    20.21	     1.37	     1.43	     0.00	     1.98	    97.99	     0.00
  2324.01	 -1300.66	  -668.84	     0.95	    20.04	     1.37	     1.44	     0.00	     1.99	    99.18	     0.00
  2384.42	 -1297.88	  -668.80	     0.99	    60.41	     2.78	     0.04	     0.04	     2.78	    46.02	     0.66
  2404.68	 -1299.29	  -667.41	     0.96	    20.26	    -1.41	     1.39	    -0.03	     1.98	    97.73	    -1.48
  2425.43	 -1297.92	  -665.98	     0.97	    20.75	     1.37	     1.43	     0.01	     1.98	    95.44	     0.48
  2446.16	 -1310.99	  -676.06	     0.89	    20.73	   -13.07	   -10.08	    -0.08	    16.51	  -796.21	    -3.86
  2485.18	 -1299.31	  -666.00	     0.95	    39.02	    11.68	    10.06	     0.06	    15.42	   395.06	     1.54
