     Time	    Pos x	    Pos y	    Angle	Diff Time	Diff Posx	Diff Posy	Diff Angl	Diff Long	Rel Speed	Rel AnSpd	
     0.00	 -1347.21	  -539.00	     2.25	     0.00	     0.00	     0.00	     0.00	     0.00	     0.00	     0.00
    64.29	 -1348.62	  -537.61	    -0.02	    64.29	    -1.41	     1.39	    -2.27	     1.98	   -30.80	   -35.31
   200.70	 -1347.23	  -537.59	    -0.02	   136.41	     1.39	     0.02	     0.00	     1.39	    10.19	     0.00
   239.60	 -1347.21	  -539.00	     0.05	    38.90	     0.02	    -1.41	     0.07	     1.41	   -36.25	     1.80
   280.53	 -1368.71	  -543.53	     0.06	    40.93	   -21.50	    -4.53	     0.01	    21.97	  -536.82	     0.24
   319.64	 -1347.21	  -539.00	     0.05	    39.11	    21.50	     4.53	    -0.01	    21.97	   561.80	    -0.26
   339.70	 -1348.62	  -537.61	     0.03	    20.06	    -1.41	     1.39	    -0.02	     1.98	   -98.70	    -1.00
   360.76	 -1347.21	  -539.00	     0.05	    21.06	     1.41	    -1.39	     0.02	     1.98	    94.01	     0.95
   381.00	 -1347.21	  -539.00	     0.00	    20.24	     0.00	     0.00	    -0.05	     0.00	     0.00	    -2.47
   419.67	 -1316.09	  -527.97	    -2.39	    38.67	    31.12	    11.03	    -2.39	    33.02	  -853.81	   -61.81
   440.80	 -1347.23	  -537.59	     0.03	    21.13	   -31.14	    -9.62	     2.42	    32.59	 -1542.46	   114.53
   460.88	 -1347.21	  -539.00	     0.00	    20.08	     0.02	    -1.41	    -0.03	     1.41	    70.23	    -1.49
   499.84	 -1361.75	  -543.43	     0.10	    38.96	   -14.54	    -4.43	     0.10	    15.20	  -390.14	     2.57
   561.02	 -1348.57	  -540.43	     0.03	    61.18	    13.18	     3.00	    -0.07	    13.52	   220.94	    -1.14
   599.83	 -1347.23	  -537.59	    -0.02	    38.81	     1.34	     2.84	    -0.05	     3.14	    80.91	    -1.29
   641.59	 -1346.53	  -537.58	     0.03	    41.76	     0.70	     0.01	     0.05	     0.70	    16.76	     1.20
   739.98	 -1341.66	  -537.51	     0.03	    98.39	     4.87	     0.07	     0.00	     4.87	    49.50	     0.00
   802.57	 -1336.08	  -538.83	     0.05	    62.59	     5.58	    -1.32	     0.02	     5.73	    91.61	     0.32
   844.09	 -1327.76	  -537.30	     0.03	    41.52	     8.32	     1.53	    -0.02	     8.46	   203.75	    -0.48
   880.07	 -1324.97	  -537.26	     0.08	    35.98	     2.79	     0.04	     0.05	     2.79	    77.55	     1.39
   901.25	 -1320.63	  -547.78	     0.22	    21.18	     4.34	   -10.52	     0.14	    11.38	   537.30	     6.61
   941.23	 -1313.16	  -537.09	    -0.82	    39.98	     7.47	    10.69	    -1.04	    13.04	  -326.20	   -26.01
   980.52	 -1308.79	  -549.02	     0.23	    39.29	     4.37	   -11.93	     1.05	    12.71	   323.37	    26.72
  1000.74	 -1305.45	  -540.51	     0.13	    20.22	     3.34	     8.51	    -0.10	     9.14	   452.13	    -4.95
  1140.42	 -1256.46	  -518.65	    -2.32	   139.68	    48.99	    21.86	    -2.45	    53.65	  -384.06	   -17.54
  1160.41	 -1280.51	  -535.21	     0.14	    19.99	   -24.05	   -16.56	     2.46	    29.20	 -1460.73	   123.06
  1180.45	 -1276.23	  -541.49	     0.21	    20.04	     4.28	    -6.28	     0.07	     7.60	   379.23	     3.49
  1200.41	 -1271.50	  -533.67	     0.12	    19.96	     4.73	     7.82	    -0.09	     9.14	   457.88	    -4.51
  1221.37	 -1266.60	  -535.71	     0.21	    20.96	     4.90	    -2.04	     0.09	     5.31	   253.23	     4.29
  1301.81	 -1254.16	  -531.30	     0.17	    80.44	    12.44	     4.41	    -0.04	    13.20	   164.08	    -0.50
  1323.10	 -1248.58	  -532.63	     0.17	    21.29	     5.58	    -1.33	     0.00	     5.74	   269.44	     0.00
  1361.78	 -1244.39	  -533.98	     0.21	    38.68	     4.19	    -1.35	     0.04	     4.40	   113.81	     1.03
  1382.38	 -1238.79	  -536.02	     0.29	    20.60	     5.60	    -2.04	     0.08	     5.96	   289.32	     3.88
  1402.73	 -1234.76	  -528.20	     0.18	    20.35	     4.03	     7.82	    -0.11	     8.80	   432.30	    -5.41
  1441.76	 -1229.21	  -527.42	     0.14	    39.03	     5.55	     0.78	    -0.04	     5.60	   143.60	    -1.02
  1461.87	 -1223.62	  -529.45	     0.22	    20.11	     5.59	    -2.03	     0.08	     5.95	   295.73	     3.98
  1482.13	 -1219.38	  -533.62	     0.30	    20.26	     4.24	    -4.17	     0.08	     5.95	   293.53	     3.95
  1502.38	 -1215.33	  -526.51	     0.21	    20.25	     4.05	     7.11	    -0.09	     8.18	   404.08	    -4.44
  1542.14	 -1209.75	  -527.84	     0.26	    39.76	     5.58	    -1.33	     0.05	     5.74	   144.27	     1.26
  1562.42	 -1204.21	  -526.35	     0.22	    20.28	     5.54	     1.49	    -0.04	     5.74	   282.88	    -1.97
  1582.81	 -1198.57	  -531.20	     0.35	    20.39	     5.64	    -4.85	     0.13	     7.44	   364.81	     6.38
  1603.68	 -1193.08	  -527.60	     0.31	    20.87	     5.49	     3.60	    -0.04	     6.57	   314.57	    -1.92
  1642.47	 -1190.39	  -521.92	     0.22	    38.79	     2.69	     5.68	    -0.09	     6.28	   162.02	    -2.32
  1663.08	 -1184.86	  -520.43	     0.24	    20.61	     5.53	     1.49	     0.02	     5.73	   277.89	     0.97
  1683.23	 -1179.28	  -521.76	     0.26	    20.15	     5.58	    -1.33	     0.02	     5.74	   284.68	     0.99
  1721.97	 -1173.72	  -521.67	     0.32	    38.74	     5.56	     0.09	     0.06	     5.56	   143.54	     1.55
  1742.68	 -1169.64	  -516.68	     0.25	    20.71	     4.08	     4.99	    -0.07	     6.45	   311.23	    -3.38
  1763.13	 -1164.07	  -517.30	     0.29	    20.45	     5.57	    -0.62	     0.04	     5.60	   274.05	     1.96
  1783.22	 -1158.52	  -517.22	     0.33	    20.09	     5.55	     0.08	     0.04	     5.55	   276.29	     1.99
  1821.84	 -1154.35	  -517.16	     0.32	    38.62	     4.17	     0.06	    -0.01	     4.17	   107.99	    -0.26
  1863.20	 -1144.72	  -511.38	     0.30	    41.36	     9.63	     5.78	    -0.02	    11.23	   271.55	    -0.48
  1901.84	 -1139.21	  -508.48	     0.29	    38.64	     5.51	     2.90	    -0.01	     6.23	   161.14	    -0.26
  1922.58	 -1133.63	  -509.81	     0.34	    20.74	     5.58	    -1.33	     0.05	     5.74	   276.58	     2.41
  1943.03	 -1128.15	  -505.50	     0.30	    20.45	     5.48	     4.31	    -0.04	     6.97	   340.92	    -1.96
  1962.97	 -1122.57	  -506.82	     0.33	    19.94	     5.58	    -1.32	     0.03	     5.73	   287.56	     1.50
  2001.89	 -1117.06	  -503.92	     0.32	    38.92	     5.51	     2.90	    -0.01	     6.23	   159.98	    -0.26
  2022.87	 -1126.00	  -508.99	     0.34	    20.98	    -8.94	    -5.07	     0.02	    10.28	  -489.87	     0.95
  2043.02	 -1107.41	  -499.55	     0.33	    20.15	    18.59	     9.44	    -0.01	    20.85	  1034.71	    -0.50
  2062.99	 -1101.83	  -500.88	     0.38	    19.97	     5.58	    -1.33	     0.05	     5.74	   287.25	     2.50
  2104.21	 -1063.37	  -474.21	    -2.49	    41.22	    38.46	    26.67	    -2.87	    46.80	 -1135.43	   -69.63
  2123.86	 -1092.18	  -496.50	     0.37	    19.65	   -28.81	   -22.29	     2.86	    36.43	 -1853.75	   145.55
  2144.03	 -1088.08	  -492.21	     0.35	    20.17	     4.10	     4.29	    -0.02	     5.93	   294.21	    -0.99
  2182.55	 -1081.09	  -494.93	     0.41	    38.52	     6.99	    -2.72	     0.06	     7.50	   194.72	     1.56
  2202.44	 -1076.99	  -490.64	     0.38	    19.89	     4.10	     4.29	    -0.03	     5.93	   298.35	    -1.51
  2222.44	 -1071.46	  -489.14	     0.38	    20.00	     5.53	     1.50	     0.00	     5.73	   286.49	     0.00
  2244.14	 -1065.95	  -486.24	     0.40	    21.70	     5.51	     2.90	     0.02	     6.23	   286.94	     0.92
  2282.49	 -1061.80	  -484.77	     0.38	    38.35	     4.15	     1.47	    -0.02	     4.40	   114.80	    -0.52
  2302.54	 -1056.27	  -483.27	     0.40	    20.05	     5.53	     1.50	     0.02	     5.73	   285.78	     1.00
  2322.71	 -1051.43	  -481.79	     0.41	    20.17	     4.84	     1.48	     0.01	     5.06	   250.93	     0.50
  2343.75	 -1045.23	  -478.88	     0.39	    21.04	     6.20	     2.91	    -0.02	     6.85	   325.52	    -0.95
  2383.80	 -1041.03	  -480.22	     0.44	    40.05	     4.20	    -1.34	     0.05	     4.41	   110.08	     1.25
  2404.70	 -1034.13	  -477.30	     0.47	    20.90	     6.90	     2.92	     0.03	     7.49	   358.49	     1.44
  2424.87	 -1031.43	  -473.03	     0.40	    20.17	     2.70	     4.27	    -0.07	     5.05	   250.47	    -3.47
  2445.19	 -1027.33	  -468.73	     0.36	    20.32	     4.10	     4.30	    -0.04	     5.94	   292.39	    -1.97
  2483.96	 -1022.47	  -468.66	     0.41	    38.77	     4.86	     0.07	     0.05	     4.86	   125.37	     1.29
  2504.69	 -1014.80	  -469.95	     0.48	    20.73	     7.67	    -1.29	     0.07	     7.78	   375.19	     3.38
  2524.77	 -1011.42	  -464.26	     0.42	    20.08	     3.38	     5.69	    -0.06	     6.62	   329.59	    -2.99
  2564.02	 -1005.91	  -461.35	     0.44	    39.25	     5.51	     2.91	     0.02	     6.23	   158.76	     0.51
  2585.42	 -1001.09	  -458.46	     0.43	    21.40	     4.82	     2.89	    -0.01	     5.62	   262.62	    -0.47
  2605.70	  -995.53	  -458.37	     0.46	    20.28	     5.56	     0.09	     0.03	     5.56	   274.20	     1.48
  2625.73	  -989.99	  -456.88	     0.49	    20.03	     5.54	     1.49	     0.03	     5.74	   286.41	     1.50
  2665.64	  -984.45	  -455.38	     0.51	    39.91	     5.54	     1.50	     0.02	     5.74	   143.81	     0.50
  2687.02	  -979.66	  -451.07	     0.47	    21.38	     4.79	     4.31	    -0.04	     6.44	   301.39	    -1.87
  2707.12	  -974.84	  -448.18	     0.48	    20.10	     4.82	     2.89	     0.01	     5.62	   279.60	     0.50
  2727.14	  -969.33	  -445.27	     0.49	    20.02	     5.51	     2.91	     0.01	     6.23	   311.25	     0.50
  2766.09	  -965.90	  -442.39	     0.49	    38.95	     3.43	     2.88	     0.00	     4.48	   114.99	     0.00
  2786.27	  -958.99	  -439.46	     0.48	    20.18	     6.91	     2.93	    -0.01	     7.51	   371.93	    -0.50
  2806.40	  -955.54	  -438.00	     0.49	    20.13	     3.45	     1.46	     0.01	     3.75	   186.10	     0.50
  2845.69	  -949.30	  -436.49	     0.51	    39.29	     6.24	     1.51	     0.02	     6.42	   163.40	     0.51
  2865.73	  -922.62	  -409.94	    -0.91	    20.04	    26.68	    26.55	    -1.42	    37.64	 -1878.21	   -70.86
  2908.88	  -934.84	  -427.79	     0.50	    43.15	   -12.22	   -17.85	     1.41	    21.63	  -501.32	    32.68
  2945.74	  -930.72	  -424.90	     0.51	    36.86	     4.12	     2.89	     0.01	     5.03	   136.53	     0.27
  2965.73	  -925.20	  -421.99	     0.53	    19.99	     5.52	     2.91	     0.02	     6.24	   312.16	     1.00
  2985.67	  -921.07	  -419.10	     0.52	    19.94	     4.13	     2.89	    -0.01	     5.04	   252.80	    -0.50
  3006.56	  -915.53	  -417.60	     0.54	    20.89	     5.54	     1.50	     0.02	     5.74	   274.75	     0.96
  3045.72	  -914.18	  -414.76	     0.51	    39.16	     1.35	     2.84	    -0.03	     3.14	    80.30	    -0.77
  3065.74	  -910.03	  -413.28	     0.57	    20.02	     4.15	     1.48	     0.06	     4.41	   220.08	     3.00
  3086.58	  -905.88	  -411.80	     0.56	    20.84	     4.15	     1.48	    -0.01	     4.41	   211.42	    -0.48
  3107.15	  -903.07	  -413.17	     0.59	    20.57	     2.81	    -1.37	     0.03	     3.13	   151.98	     1.46
  3167.45	  -898.99	  -407.45	     0.56	    60.30	     4.08	     5.72	    -0.03	     7.03	   116.52	    -0.50
  3187.53	  -895.56	  -404.57	     0.51	    20.08	     3.43	     2.88	    -0.05	     4.48	   223.05	    -2.49
  3226.59	  -896.28	  -403.17	     0.50	    39.06	    -0.72	     1.40	    -0.01	     1.57	    40.30	    -0.26
  3246.67	  -893.47	  -404.54	     0.54	    20.08	     2.81	    -1.37	     0.04	     3.13	   155.69	     1.99
  3266.58	  -893.47	  -404.54	     0.53	    19.91	     0.00	     0.00	    -0.01	     0.00	     0.00	    -0.50
  3288.61	  -892.10	  -403.10	     0.55	    22.03	     1.37	     1.44	     0.02	     1.99	    90.22	     0.91
  3327.37	  -890.71	  -403.08	     0.54	    38.76	     1.39	     0.02	    -0.01	     1.39	    35.87	    -0.26
  3347.46	  -890.73	  -401.67	     0.54	    20.09	    -0.02	     1.41	     0.00	     1.41	    70.19	     0.00
