     Time	    Pos x	    Pos y	    Angle	Diff Time	Diff Posx	Diff Posy	Diff Angl	Diff Leng	Rel Speed	Rel AnSpd	
     0.00	 -1347.21	  -539.00	     0.03	     0.00	     0.00	     0.00	     0.00	     0.00	     0.00	     0.00
    20.26	 -1347.18	  -540.41	     0.00	    20.26	     0.02	    -1.41	    -0.02	     1.41	    69.60	    -1.13
    59.51	 -1341.62	  -540.33	     0.00	    39.25	     5.56	     0.08	    -0.00	     5.56	   141.79	    -0.02
    79.72	 -1336.06	  -540.24	     0.03	    20.21	     5.56	     0.08	     0.02	     5.56	   275.38	     1.14
   122.46	 -1324.93	  -540.08	     0.00	    42.74	    11.13	     0.16	    -0.02	    11.13	   260.33	    -0.52
   240.79	 -1288.78	  -539.56	     0.03	   118.33	    36.15	     0.52	     0.02	    36.15	   305.54	     0.19
   539.82	 -1177.60	  -539.36	     0.07	   299.03	   111.18	     0.20	     0.05	   111.18	   371.81	     0.16
   580.24	 -1141.42	  -542.36	     0.13	    40.42	    36.18	    -3.00	     0.05	    36.30	   898.16	     1.35
   639.88	 -1117.85	  -539.19	     0.11	    59.64	    23.57	     3.16	    -0.02	    23.78	   398.71	    -0.34
   659.91	 -1092.89	  -536.01	     0.06	    20.03	    24.96	     3.19	    -0.05	    25.16	  1256.19	    -2.29
   681.47	 -1081.63	  -544.31	     0.20	    21.56	    11.26	    -8.30	     0.14	    13.99	   648.96	     6.33
   740.86	 -1055.92	  -543.93	     0.22	    59.38	    25.71	     0.38	     0.02	    25.71	   432.98	     0.34
   762.12	 -1040.70	  -539.48	     0.18	    21.27	    15.22	     4.46	    -0.03	    15.86	   745.49	    -1.55
   800.80	 -1030.27	  -539.32	     0.17	    38.68	    10.43	     0.15	    -0.01	    10.43	   269.61	    -0.34
   862.69	  -994.19	  -534.56	     0.13	    61.89	    36.08	     4.76	    -0.04	    36.39	   587.97	    -0.72
   900.79	  -979.64	  -531.52	     0.11	    38.10	    14.56	     3.04	    -0.02	    14.87	   390.26	    -0.45
   962.30	  -942.03	  -533.09	     0.19	    61.50	    37.61	    -1.56	     0.08	    37.64	   612.01	     1.33
  1000.90	  -929.54	  -530.78	     0.16	    38.60	    12.49	     2.30	    -0.03	    12.70	   329.10	    -0.90
  1021.10	  -919.12	  -529.22	     0.13	    20.21	    10.42	     1.57	    -0.03	    10.54	   521.40	    -1.48
  1041.08	  -904.40	  -534.65	     0.28	    19.98	    14.73	    -5.43	     0.16	    15.69	   785.42	     7.84
  1080.85	  -894.07	  -527.43	     0.15	    39.76	    10.32	     7.22	    -0.13	    12.59	   316.74	    -3.38
  1100.89	  -881.41	  -534.31	     0.24	    20.04	    12.67	    -6.88	     0.09	    14.41	   719.28	     4.59
  1121.10	  -869.02	  -524.94	     0.14	    20.21	    12.38	     9.37	    -0.10	    15.53	   768.13	    -4.82
  1180.88	  -841.87	  -522.42	     0.11	    59.78	    27.16	     2.52	    -0.04	    27.27	   456.25	    -0.60
  1201.71	  -832.82	  -520.87	     0.10	    20.84	     9.04	     1.55	    -0.01	     9.17	   440.34	    -0.24
  1221.93	  -816.72	  -523.46	     0.18	    20.22	    16.10	    -2.59	     0.08	    16.31	   806.76	     4.02
  1242.54	  -805.54	  -524.00	     0.21	    20.61	    11.18	    -0.54	     0.03	    11.20	   543.32	     1.27
  1281.18	  -792.98	  -523.10	     0.23	    38.64	    12.56	     0.90	     0.02	    12.59	   325.80	     0.41
  1301.06	  -781.87	  -519.40	     0.16	    19.88	    11.11	     3.70	    -0.07	    11.71	   589.15	    -3.40
  1321.17	  -768.65	  -515.66	     0.13	    20.10	    13.21	     3.74	    -0.03	    13.73	   683.14	    -1.31
  1414.75	  -730.11	  -518.62	     0.23	    93.58	    38.54	    -2.96	     0.10	    38.65	   413.02	     1.07
  1461.43	  -718.90	  -519.16	     0.24	    46.68	    11.22	    -0.54	     0.01	    11.23	   240.53	     0.24
  1481.51	  -693.68	  -518.78	     0.29	    20.09	    25.22	     0.38	     0.04	    25.22	  1255.69	     2.17
  1502.51	  -680.57	  -507.25	     0.11	    20.99	    13.11	    11.53	    -0.18	    17.46	   831.70	    -8.38
  1522.65	  -669.34	  -507.07	     0.13	    20.15	    11.22	     0.17	     0.02	    11.22	   557.16	     0.91
  1561.20	  -655.31	  -506.86	     0.16	    38.54	    14.04	     0.22	     0.03	    14.04	   364.18	     0.84
  1581.15	  -641.82	  -514.45	     0.32	    19.96	    13.49	    -7.59	     0.16	    15.48	   775.49	     7.78
  1602.30	  -630.78	  -503.65	     0.16	    21.14	    11.04	    10.80	    -0.16	    15.45	   730.55	    -7.59
  1641.11	  -618.84	  -502.75	     0.12	    38.81	    11.94	     0.89	    -0.04	    11.97	   308.44	    -0.94
  1662.08	  -606.22	  -500.43	     0.16	    20.97	    12.62	     2.32	     0.03	    12.83	   611.87	     1.65
  1682.70	  -592.01	  -507.30	     0.27	    20.63	    14.21	    -6.87	     0.11	    15.78	   765.12	     5.45
  1702.85	  -579.39	  -504.27	     0.27	    20.15	    12.62	     3.03	    -0.00	    12.98	   644.32	    -0.00
  1741.47	  -566.78	  -500.53	     0.22	    38.62	    12.62	     3.74	    -0.05	    13.16	   340.73	    -1.32
  1761.54	  -554.83	  -498.21	     0.18	    20.06	    11.95	     2.32	    -0.04	    12.17	   606.49	    -1.83
  1782.80	  -541.39	  -500.13	     0.24	    21.26	    13.44	    -1.92	     0.06	    13.58	   638.66	     3.05
  1803.07	  -530.11	  -499.24	     0.25	    20.27	    11.28	     0.89	     0.00	    11.32	   558.33	     0.04
  1843.22	  -516.06	  -494.76	     0.23	    40.15	    14.05	     4.48	    -0.01	    14.74	   367.21	    -0.31
  1863.40	  -504.80	  -491.74	     0.20	    20.18	    11.26	     3.02	    -0.03	    11.65	   577.47	    -1.60
  1883.25	  -492.12	  -488.70	     0.18	    19.85	    12.68	     3.04	    -0.02	    13.04	   656.82	    -0.95
  1921.73	  -480.80	  -488.52	     0.23	    38.48	    11.32	     0.18	     0.05	    11.33	   294.34	     1.20
  1941.73	  -468.05	  -488.31	     0.22	    20.00	    12.75	     0.20	    -0.00	    12.75	   637.27	    -0.24
  1962.31	  -454.64	  -485.26	     0.18	    20.58	    13.41	     3.06	    -0.04	    13.76	   668.59	    -1.91
  1983.61	  -442.61	  -483.64	     0.21	    21.30	    12.03	     1.62	     0.03	    12.14	   569.94	     1.20
  2043.46	  -417.01	  -485.36	     0.28	    59.85	    25.60	    -1.72	     0.07	    25.66	   428.72	     1.15
  2063.42	  -404.36	  -477.33	     0.19	    19.97	    12.65	     8.04	    -0.09	    14.98	   750.52	    -4.62
  2084.06	  -392.93	  -479.99	     0.25	    20.63	    11.44	    -2.66	     0.06	    11.74	   569.09	     3.13
  2123.12	  -380.22	  -474.08	     0.20	    39.06	    12.70	     5.91	    -0.05	    14.01	   358.71	    -1.17
  2143.31	  -367.37	  -475.30	     0.26	    20.19	    12.85	    -1.22	     0.06	    12.91	   639.44	     2.81
  2163.67	  -354.48	  -477.94	     0.30	    20.36	    12.89	    -2.64	     0.04	    13.16	   646.06	     1.94
  2202.42	  -343.12	  -474.90	     0.28	    38.75	    11.36	     3.04	    -0.02	    11.76	   303.54	    -0.58
  2223.49	  -330.33	  -471.12	     0.27	    21.07	    12.79	     3.78	    -0.01	    13.33	   632.72	    -0.26
  2243.53	  -316.87	  -464.48	     0.22	    20.03	    13.46	     6.65	    -0.06	    15.01	   749.29	    -2.83
  2264.23	  -278.45	  -448.83	    -1.54	    20.70	    38.41	    15.65	    -1.76	    41.48	 -2003.55	   -84.97
  2304.55	  -293.29	  -461.94	     0.23	    40.32	   -14.84	   -13.11	     1.77	    19.80	  -491.12	    43.87
  2365.43	  -256.09	  -456.30	     0.24	    60.88	    37.20	     5.63	     0.01	    37.62	   618.00	     0.19
  2403.95	  -243.11	  -458.94	     0.29	    38.52	    12.99	    -2.64	     0.05	    13.25	   343.95	     1.38
  2423.93	  -231.73	  -451.60	     0.20	    19.98	    11.37	     7.34	    -0.09	    13.54	   677.63	    -4.52
  2444.33	  -217.26	  -455.64	     0.31	    20.40	    14.48	    -4.04	     0.11	    15.03	   736.59	     5.57
  2482.81	  -205.76	  -454.01	     0.35	    38.48	    11.50	     1.63	     0.04	    11.62	   301.89	     0.98
  2502.93	  -192.86	  -449.49	     0.28	    20.12	    12.90	     4.52	    -0.07	    13.67	   679.43	    -3.38
  2524.10	  -181.36	  -446.42	     0.28	    21.17	    11.49	     3.07	    -0.00	    11.90	   561.89	    -0.00
  2544.37	  -169.90	  -441.21	     0.20	    20.27	    11.46	     5.22	    -0.08	    12.60	   621.31	    -4.06
  2584.06	  -156.20	  -438.82	     0.19	    39.69	    13.70	     2.39	    -0.01	    13.91	   350.41	    -0.35
  2604.52	  -144.62	  -438.61	     0.21	    20.45	    11.58	     0.21	     0.02	    11.58	   566.28	     1.15
  2624.90	  -132.37	  -434.80	     0.20	    20.38	    12.25	     3.81	    -0.01	    12.83	   629.38	    -0.47
  2644.89	  -119.32	  -433.85	     0.24	    19.99	    13.04	     0.95	     0.04	    13.08	   654.14	     1.78
  2684.55	  -106.27	  -432.90	     0.28	    39.66	    13.05	     0.95	     0.05	    13.09	   330.07	     1.20
  2724.68	   -68.98	  -409.21	    -1.83	    40.14	    37.29	    23.69	    -2.12	    44.18	 -1100.70	   -52.71
  2762.88	   -63.23	  -405.50	    -1.66	    38.20	     5.75	     3.70	     0.17	     6.84	  -179.02	     4.45
  3063.23	  -345.78	  -325.87	     2.87	   300.35	  -282.55	    79.63	     4.53	   293.55	   977.37	    15.08
