     Time	    Pos x	    Pos y	    Angle	Diff Time	Diff Posx	Diff Posy	Diff Angl	Diff Leng	Rel Speed	Rel AnSpd	
     0.00	 -1349.97	  -540.45	     0.03	     0.00	     0.00	     0.00	     0.00	     0.00	     0.00	     0.00
    38.38	 -1348.57	  -540.43	     0.00	    38.38	     1.39	     0.02	    -0.02	     1.39	    36.25	    -0.57
    59.67	 -1347.18	  -540.41	     0.03	    21.29	     1.39	     0.02	     0.02	     1.39	    65.35	     1.10
   118.33	 -1347.18	  -540.41	     0.03	    58.66	     0.00	     0.00	    -0.00	     0.00	     0.00	    -0.01
   138.27	 -1344.40	  -540.37	     0.03	    19.94	     2.78	     0.04	    -0.00	     2.78	   139.55	    -0.01
   180.31	 -1338.84	  -540.28	     0.03	    42.04	     5.56	     0.08	     0.00	     5.56	   132.36	     0.00
   200.71	 -1333.27	  -540.20	     0.07	    20.40	     5.56	     0.08	     0.05	     5.56	   272.79	     2.34
   239.58	 -1329.07	  -542.26	     0.04	    38.88	     4.21	    -2.05	    -0.04	     4.68	   120.43	    -0.95
   299.14	 -1316.59	  -539.96	     0.03	    59.56	    12.48	     2.30	    -0.01	    12.69	   213.06	    -0.17
   319.24	 -1312.34	  -544.13	     0.09	    20.10	     4.24	    -4.17	     0.07	     5.95	   295.91	     3.25
   439.51	 -1276.26	  -540.09	     0.04	   120.27	    36.09	     4.05	    -0.05	    36.31	   301.94	    -0.45
   460.25	 -1269.32	  -539.28	     0.05	    20.75	     6.94	     0.81	     0.01	     6.98	   336.66	     0.62
   480.53	 -1262.29	  -544.11	     0.13	    20.28	     7.03	    -4.83	     0.08	     8.53	   420.71	     3.79
   540.72	 -1245.64	  -542.46	     0.10	    60.19	    16.65	     1.65	    -0.02	    16.73	   278.03	    -0.40
   600.20	 -1227.63	  -538.68	     0.07	    59.48	    18.00	     3.79	    -0.03	    18.40	   309.29	    -0.53
   700.08	 -1192.85	  -540.99	     0.11	    99.88	    34.78	    -2.31	     0.04	    34.86	   348.99	     0.43
   780.02	 -1162.91	  -544.79	     0.18	    79.94	    29.94	    -3.79	     0.07	    30.18	   377.54	     0.88
   900.08	 -1117.90	  -536.37	     0.10	   120.06	    45.02	     8.41	    -0.08	    45.80	   381.46	    -0.66
   920.68	 -1107.44	  -538.34	     0.14	    20.61	    10.46	    -1.96	     0.03	    10.64	   516.29	     1.69
   941.41	 -1098.43	  -536.79	     0.11	    20.73	     9.01	     1.54	    -0.03	     9.14	   440.87	    -1.25
   980.07	 -1087.96	  -539.46	     0.18	    38.66	    10.47	    -2.67	     0.07	    10.80	   279.45	     1.82
  1000.13	 -1078.87	  -542.86	     0.26	    20.06	     9.09	    -3.39	     0.08	     9.71	   483.85	     3.95
  1060.25	 -1059.59	  -532.70	     0.08	    60.12	    19.29	    10.16	    -0.18	    21.80	   362.58	    -3.04
  1080.10	 -1047.67	  -538.17	     0.20	    19.85	    11.91	    -5.47	     0.12	    13.11	   660.29	     5.97
  1101.44	 -1038.70	  -534.51	     0.18	    21.35	     8.97	     3.66	    -0.02	     9.69	   453.98	    -0.79
  1121.60	 -1027.57	  -535.05	     0.20	    20.15	    11.13	    -0.54	     0.02	    11.15	   553.12	     0.95
  1200.19	  -998.47	  -528.98	     0.12	    78.60	    29.10	     6.07	    -0.08	    29.73	   378.22	    -0.98
  1221.41	  -985.97	  -527.38	     0.11	    21.22	    12.49	     1.60	    -0.02	    12.59	   593.62	    -0.84
  1260.18	  -976.94	  -526.54	     0.11	    38.77	     9.03	     0.84	     0.01	     9.07	   233.92	     0.21
  1280.10	  -966.52	  -525.68	     0.08	    19.93	    10.42	     0.86	    -0.03	    10.46	   524.81	    -1.63
  1300.81	  -955.29	  -531.16	     0.25	    20.71	    11.23	    -5.48	     0.16	    12.50	   603.41	     7.93
  1321.40	  -944.11	  -533.82	     0.29	    20.59	    11.18	    -2.66	     0.04	    11.50	   558.32	     2.15
  1361.19	  -933.02	  -530.84	     0.27	    39.79	    11.09	     2.99	    -0.02	    11.48	   288.60	    -0.41
  1381.30	  -924.08	  -524.35	     0.16	    20.11	     8.94	     6.49	    -0.11	    11.04	   549.07	    -5.60
  1440.27	  -902.46	  -526.15	     0.22	    58.97	    21.62	    -1.80	     0.05	    21.70	   368.00	     0.90
  1460.81	  -891.27	  -528.10	     0.29	    20.54	    11.18	    -1.95	     0.08	    11.35	   552.63	     3.75
  1481.22	  -883.05	  -520.21	     0.18	    20.41	     8.22	     7.89	    -0.11	    11.40	   558.47	    -5.56
  1501.16	  -871.90	  -520.04	     0.17	    19.94	    11.15	     0.17	    -0.00	    11.15	   559.24	    -0.18
  1540.26	  -861.44	  -519.88	     0.17	    39.10	    10.46	     0.16	    -0.01	    10.46	   267.45	    -0.13
  1561.60	  -849.51	  -523.94	     0.26	    21.34	    11.93	    -4.06	     0.09	    12.60	   590.53	     4.38
  1602.68	  -838.38	  -522.36	     0.27	    41.08	    11.13	     1.58	     0.01	    11.25	   273.76	     0.13
  1621.51	  -828.76	  -513.74	     0.18	    18.83	     9.62	     8.62	    -0.09	    12.92	   685.96	    -4.58
  1683.37	  -796.63	  -514.67	     0.22	    61.85	    32.14	    -0.93	     0.04	    32.15	   519.79	     0.67
  1721.52	  -788.27	  -513.13	     0.19	    38.15	     8.36	     1.54	    -0.03	     8.50	   222.75	    -0.81
  1741.61	  -774.96	  -515.05	     0.26	    20.10	    13.31	    -1.92	     0.07	    13.45	   669.34	     3.33
  1761.60	  -765.21	  -512.78	     0.26	    19.99	     9.75	     2.27	     0.00	    10.01	   500.70	     0.01
  1801.45	  -754.73	  -511.91	     0.26	    39.85	    10.48	     0.87	     0.00	    10.51	   263.76	     0.07
  1863.77	  -724.11	  -502.25	     0.18	    62.32	    30.62	     9.67	    -0.08	    32.11	   515.27	    -1.36
  1883.52	  -712.25	  -499.94	     0.20	    19.75	    11.87	     2.31	     0.02	    12.09	   611.97	     1.11
  1923.53	  -702.47	  -498.38	     0.17	    40.01	     9.78	     1.57	    -0.03	     9.91	   247.57	    -0.70
  1943.48	  -691.17	  -502.45	     0.25	    19.94	    11.29	    -4.08	     0.08	    12.00	   601.90	     4.12
  1963.64	  -680.74	  -498.04	     0.20	    20.16	    10.44	     4.41	    -0.06	    11.33	   562.01	    -2.80
  1984.78	  -670.80	  -504.26	     0.33	    21.14	     9.94	    -6.22	     0.13	    11.72	   554.52	     6.38
  2023.72	  -658.96	  -499.12	     0.27	    38.94	    11.84	     5.14	    -0.06	    12.91	   331.43	    -1.58
  2043.50	  -649.93	  -494.02	     0.22	    19.78	     9.04	     5.10	    -0.05	    10.37	   524.52	    -2.65
  2064.79	  -638.74	  -491.01	     0.20	    21.29	    11.18	     3.01	    -0.02	    11.58	   544.12	    -0.84
  2103.47	  -627.44	  -494.38	     0.26	    38.68	    11.31	    -3.37	     0.06	    11.80	   304.99	     1.59
  2123.62	  -619.10	  -488.58	     0.24	    20.15	     8.33	     5.80	    -0.03	    10.15	   503.80	    -1.38
  2144.39	  -607.81	  -490.53	     0.27	    20.77	    11.29	    -1.95	     0.04	    11.46	   551.70	     1.87
  2164.62	  -602.26	  -486.18	     0.22	    20.23	     5.55	     4.34	    -0.05	     7.05	   348.39	    -2.71
  2203.84	  -592.32	  -490.99	     0.32	    39.22	     9.94	    -4.81	     0.10	    11.04	   281.60	     2.63
