     Time	    Pos x	    Pos y	    Angle	Diff Time	Diff Posx	Diff Posy	Diff Angl	Diff Leng	Rel Speed	Rel AnSpd	
     0.00	 -1348.57	  -540.43	     0.03	     0.00	     0.00	     0.00	     0.00	     0.00	     0.00	     0.00
    40.00	 -1348.60	  -539.02	     0.00	    40.00	    -0.02	     1.41	    -0.02	     1.41	   -35.26	    -0.56
    60.13	 -1348.62	  -537.61	    -0.04	    20.13	    -0.02	     1.41	    -0.04	     1.41	   -70.03	    -2.16
    81.42	 -1348.60	  -539.02	     0.00	    21.29	     0.02	    -1.41	     0.04	     1.41	    66.22	     2.04
   102.26	 -1348.59	  -539.72	     0.01	    20.85	     0.01	    -0.71	     0.01	     0.71	    33.84	     0.55
   121.48	 -1347.21	  -539.00	     0.05	    19.22	     1.38	     0.73	     0.04	     1.56	    81.15	     1.93
   161.44	 -1347.23	  -537.59	     0.00	    39.96	    -0.02	     1.41	    -0.05	     1.41	   -35.28	    -1.21
   181.80	 -1344.45	  -537.55	     0.03	    20.36	     2.78	     0.04	     0.02	     2.78	   136.69	     1.13
   240.68	 -1336.10	  -537.43	     0.03	    58.88	     8.35	     0.12	    -0.00	     8.35	   141.75	    -0.01
   260.64	 -1330.51	  -538.75	     0.05	    19.96	     5.59	    -1.33	     0.02	     5.74	   287.70	     1.21
   281.90	 -1324.94	  -539.38	     0.04	    21.26	     5.57	    -0.62	    -0.01	     5.61	   263.78	    -0.60
   302.08	 -1319.39	  -538.59	     0.05	    20.17	     5.55	     0.79	     0.01	     5.61	   277.90	     0.60
   340.55	 -1315.23	  -537.83	     0.04	    38.47	     4.16	     0.77	    -0.01	     4.23	   109.94	    -0.31
   360.56	 -1308.27	  -538.43	     0.05	    20.01	     6.96	    -0.60	     0.01	     6.99	   349.23	     0.64
   546.57	 -1254.01	  -540.47	     0.19	   186.01	    54.26	    -2.03	     0.14	    54.29	   291.90	     0.75
   608.84	 -1236.73	  -534.58	     0.12	    62.27	    17.28	     5.89	    -0.07	    18.25	   293.10	    -1.13
   648.38	 -1220.74	  -535.05	     0.15	    39.53	    15.99	    -0.47	     0.03	    16.00	   404.64	     0.83
   668.29	 -1210.98	  -537.02	     0.21	    19.92	     9.76	    -1.97	     0.06	     9.96	   499.97	     2.82
   688.45	 -1202.71	  -533.38	     0.17	    20.16	     8.28	     3.65	    -0.03	     9.04	   448.65	    -1.66
   708.61	 -1194.40	  -531.85	     0.17	    20.16	     8.31	     1.53	    -0.00	     8.45	   419.29	    -0.17
   748.21	 -1186.12	  -528.20	     0.14	    39.60	     8.28	     3.65	    -0.04	     9.04	   228.34	    -0.90
   769.33	 -1174.97	  -530.15	     0.22	    21.12	    11.15	    -1.95	     0.09	    11.32	   535.97	     4.20
   789.34	 -1166.56	  -534.26	     0.28	    20.01	     8.41	    -4.11	     0.06	     9.36	   467.55	     2.75
   809.65	 -1156.30	  -524.95	     0.17	    20.31	    10.26	     9.32	    -0.11	    13.86	   682.48	    -5.44
   848.65	 -1149.36	  -524.84	     0.16	    39.00	     6.95	     0.10	    -0.01	     6.95	   178.10	    -0.26
   870.10	 -1137.54	  -525.38	     0.23	    21.45	    11.82	    -0.53	     0.07	    11.83	   551.63	     3.27
   889.34	 -1128.52	  -524.54	     0.23	    19.24	     9.02	     0.84	     0.00	     9.06	   470.74	     0.21
   910.46	 -1118.88	  -519.46	     0.21	    21.12	     9.64	     5.08	    -0.02	    10.90	   515.77	    -1.18
   949.49	 -1109.80	  -522.15	     0.24	    39.03	     9.08	    -2.69	     0.03	     9.47	   242.60	     0.86
   969.56	 -1100.08	  -522.01	     0.27	    20.07	     9.72	     0.14	     0.03	     9.73	   484.52	     1.36
   990.21	 -1090.43	  -516.93	     0.23	    20.64	     9.64	     5.08	    -0.04	    10.90	   527.84	    -1.86
  1028.82	 -1082.13	  -514.69	     0.24	    38.61	     8.30	     2.24	     0.01	     8.60	   222.64	     0.29
  1048.91	 -1069.60	  -515.92	     0.27	    20.10	    12.53	    -1.23	     0.03	    12.59	   626.42	     1.36
  1070.41	 -1062.73	  -511.58	     0.24	    21.49	     6.87	     4.33	    -0.03	     8.13	   378.12	    -1.27
  1090.46	 -1051.64	  -510.01	     0.25	    20.05	    11.09	     1.58	     0.01	    11.20	   558.75	     0.52
  1128.78	 -1042.62	  -509.17	     0.28	    38.32	     9.02	     0.84	     0.03	     9.06	   236.44	     0.65
  1148.79	 -1032.23	  -506.90	     0.30	    20.02	    10.39	     2.27	     0.02	    10.63	   531.26	     1.01
  1169.95	 -1023.18	  -507.47	     0.31	    21.15	     9.05	    -0.57	     0.02	     9.07	   428.57	     0.78
  1190.42	 -1014.25	  -500.99	     0.25	    20.47	     8.93	     6.48	    -0.06	    11.03	   538.79	    -3.01
  1230.34	 -1003.13	  -500.82	     0.29	    39.92	    11.12	     0.17	     0.04	    11.12	   278.65	     0.98
  1250.45	  -993.37	  -502.09	     0.37	    20.10	     9.76	    -1.26	     0.08	     9.84	   489.49	     3.96
  1270.44	  -983.76	  -494.89	     0.27	    19.99	     9.61	     7.20	    -0.10	    12.01	   600.68	    -5.08
  1308.92	  -975.40	  -495.47	     0.34	    38.49	     8.36	    -0.58	     0.08	     8.38	   217.70	     1.97
  1329.36	  -964.34	  -491.77	     0.30	    20.43	    11.07	     3.70	    -0.04	    11.67	   571.02	    -2.01
  1349.47	  -954.65	  -488.80	     0.31	    20.12	     9.69	     2.97	     0.01	    10.13	   503.84	     0.45
  1369.61	  -944.93	  -487.24	     0.35	    20.14	     9.72	     1.56	     0.04	     9.84	   488.67	     1.78
  1409.76	  -936.64	  -483.59	     0.32	    40.15	     8.29	     3.66	    -0.03	     9.06	   225.62	    -0.63
  1430.61	  -925.50	  -483.42	     0.38	    20.85	    11.14	     0.17	     0.05	    11.14	   534.23	     2.51
  1450.83	  -917.20	  -480.47	     0.36	    20.22	     8.30	     2.95	    -0.02	     8.81	   435.73	    -0.86
  1470.76	  -907.56	  -473.96	     0.34	    19.93	     9.64	     6.50	    -0.02	    11.62	   583.31	    -0.86
  1509.49	  -899.26	  -471.01	     0.29	    38.73	     8.31	     2.95	    -0.06	     8.82	   227.62	    -1.45
  1529.68	  -888.16	  -468.02	     0.30	    20.18	    11.09	     3.00	     0.01	    11.49	   569.34	     0.61
  1549.79	  -879.83	  -466.47	     0.34	    20.11	     8.34	     1.54	     0.04	     8.48	   421.54	     2.19
  1589.83	  -869.43	  -463.49	     0.34	    40.05	    10.40	     2.99	    -0.00	    10.82	   270.24	    -0.09
  1630.88	  -852.11	  -456.86	     0.32	    41.04	    17.31	     6.63	    -0.02	    18.54	   451.71	    -0.50
  1650.94	  -840.98	  -455.27	     0.37	    20.06	    11.13	     1.59	     0.06	    11.24	   560.62	     2.82
  1690.88	  -831.97	  -451.59	     0.36	    39.94	     9.01	     3.68	    -0.01	     9.73	   243.50	    -0.36
  1711.00	  -820.06	  -454.23	     0.47	    20.12	    11.91	    -2.64	     0.12	    12.20	   606.38	     5.72
  1731.38	  -813.18	  -448.47	     0.43	    20.38	     6.88	     5.76	    -0.05	     8.97	   440.26	    -2.40
  1752.14	  -803.49	  -444.07	     0.39	    20.76	     9.70	     4.40	    -0.03	    10.65	   512.83	    -1.60
  1791.11	  -795.21	  -438.29	     0.39	    38.97	     8.28	     5.79	     0.00	    10.10	   259.22	     0.00
  1811.92	  -784.06	  -436.69	     0.39	    20.81	    11.15	     1.59	    -0.00	    11.26	   541.15	    -0.00
  1832.61	  -777.17	  -430.92	     0.36	    20.68	     6.89	     5.77	    -0.03	     8.98	   434.33	    -1.42
  1870.94	  -767.44	  -427.93	     0.40	    38.33	     9.73	     2.99	     0.04	    10.18	   265.60	     0.99
  1890.97	  -756.30	  -424.92	     0.43	    20.02	    11.13	     3.01	     0.03	    11.54	   576.06	     1.54
  1910.91	  -747.19	  -426.19	     0.49	    19.95	     9.12	    -1.26	     0.06	     9.20	   461.32	     2.91
  1931.08	  -738.96	  -416.85	     0.39	    20.17	     8.23	     9.33	    -0.10	    12.44	   617.01	    -5.15
  1970.90	  -729.16	  -416.69	     0.48	    39.82	     9.80	     0.16	     0.09	     9.80	   246.05	     2.35
  1992.06	  -720.17	  -410.17	     0.42	    21.16	     8.99	     6.52	    -0.06	    11.10	   524.82	    -2.70
  2012.38	  -711.82	  -407.20	     0.46	    20.32	     8.35	     2.97	     0.04	     8.87	   436.21	     2.06
  2032.17	  -700.69	  -402.76	     0.46	    19.79	    11.13	     4.44	    -0.00	    11.98	   605.61	    -0.05
  2071.05	  -693.06	  -398.39	     0.40	    38.88	     7.63	     4.38	    -0.07	     8.80	   226.30	    -1.71
  2112.86	  -673.53	  -392.39	     0.47	    41.81	    19.53	     6.00	     0.07	    20.43	   488.71	     1.74
  2150.96	  -664.48	  -387.98	     0.46	    38.10	     9.04	     4.41	    -0.01	    10.06	   264.04	    -0.16
  2172.16	  -656.11	  -385.00	     0.50	    21.20	     8.37	     2.98	     0.03	     8.89	   419.17	     1.49
  2212.84	  -638.06	  -373.34	     0.46	    40.68	    18.06	    11.66	    -0.03	    21.49	   528.36	    -0.78
  2272.01	  -620.64	  -364.52	     0.46	    59.17	    17.42	     8.82	    -0.01	    19.52	   329.93	    -0.09
  2292.08	  -612.95	  -361.55	     0.44	    20.07	     7.68	     2.97	    -0.01	     8.24	   410.50	    -0.72
  2312.95	  -602.50	  -355.68	     0.49	    20.87	    10.45	     5.86	     0.05	    11.98	   574.33	     2.22
  2351.62	  -593.37	  -354.81	     0.54	    38.67	     9.14	     0.88	     0.05	     9.18	   237.33	     1.19
  2371.93	  -585.03	  -348.27	     0.51	    20.31	     8.34	     6.54	    -0.03	    10.60	   521.74	    -1.50
  2392.58	  -575.24	  -343.83	     0.53	    20.65	     9.79	     4.44	     0.02	    10.75	   520.35	     0.99
  2413.24	  -567.59	  -338.01	     0.49	    20.65	     7.65	     5.82	    -0.04	     9.62	   465.56	    -1.74
  2451.93	  -557.77	  -334.98	     0.55	    38.69	     9.82	     3.02	     0.06	    10.28	   265.57	     1.59
  2492.06	  -548.67	  -330.55	     0.55	    40.13	     9.09	     4.43	    -0.00	    10.12	   252.10	    -0.06
  2512.05	  -521.64	  -299.46	    -1.13	    19.99	    27.04	    31.09	    -1.68	    41.20	 -2061.35	   -84.11
  2532.91	  -531.91	  -320.28	     0.57	    20.86	   -10.27	   -20.82	     1.70	    23.22	 -1113.10	    81.58
  2552.82	  -522.13	  -313.70	     0.55	    19.92	     9.78	     6.59	    -0.02	    11.79	   592.01	    -0.94
  2572.90	  -513.71	  -309.98	     0.54	    20.08	     8.42	     3.72	    -0.01	     9.20	   458.38	    -0.68
  2611.89	  -506.74	  -304.15	     0.55	    38.99	     6.97	     5.83	     0.01	     9.09	   233.00	     0.30
  2631.92	  -498.26	  -303.28	     0.62	    20.03	     8.47	     0.88	     0.07	     8.52	   425.34	     3.46
  2652.10	  -491.29	  -296.74	     0.56	    20.18	     6.97	     6.54	    -0.06	     9.56	   473.69	    -3.02
  2672.62	  -485.68	  -293.78	     0.60	    20.52	     5.61	     2.96	     0.04	     6.35	   309.22	     1.90
  2712.03	  -479.38	  -289.38	     0.56	    39.41	     6.30	     4.40	    -0.03	     7.68	   194.93	    -0.84
  2731.91	  -472.35	  -285.68	     0.59	    19.87	     7.03	     3.70	     0.02	     7.94	   399.59	     1.13
  2751.97	  -468.87	  -282.05	     0.56	    20.07	     3.48	     3.63	    -0.03	     5.03	   250.70	    -1.42
  2772.94	  -462.54	  -279.07	     0.59	    20.97	     6.33	     2.98	     0.03	     7.00	   333.71	     1.49
  2811.95	  -457.60	  -277.55	     0.60	    39.02	     4.94	     1.53	     0.01	     5.17	   132.48	     0.35
  2854.46	  -451.29	  -273.14	     0.60	    42.50	     6.31	     4.40	     0.00	     7.70	   181.10	     0.01
  2874.55	  -450.64	  -269.57	     0.56	    20.09	     0.65	     3.58	    -0.04	     3.63	   180.85	    -2.15
  2912.43	  -444.96	  -269.45	     0.60	    37.88	     5.68	     0.12	     0.04	     5.68	   149.90	     1.05
  2932.66	  -441.45	  -267.24	     0.58	    20.23	     3.51	     2.21	    -0.02	     4.15	   205.24	    -1.16
  2973.33	  -440.76	  -265.80	     0.58	    40.67	     0.69	     1.44	     0.00	     1.59	    39.22	     0.03
  2992.00	  -437.94	  -264.31	     0.58	    18.68	     2.82	     1.48	     0.00	     3.18	   170.42	     0.27
  3033.10	  -435.15	  -261.41	     0.57	    41.10	     2.79	     2.91	    -0.01	     4.03	    98.13	    -0.31
  3053.00	  -434.49	  -258.54	     0.55	    19.90	     0.66	     2.86	    -0.02	     2.94	   147.81	    -0.90
  3092.00	  -430.21	  -259.16	     0.59	    39.00	     4.27	    -0.62	     0.03	     4.32	   110.72	     0.88
  3113.32	  -429.48	  -260.57	     0.61	    21.33	     0.73	    -1.41	     0.03	     1.59	   -74.48	     1.23
  3133.54	  -429.49	  -259.86	     0.58	    20.22	    -0.01	     0.71	    -0.03	     0.71	    35.24	    -1.73
  3153.45	  -429.52	  -258.44	     0.58	    19.91	    -0.02	     1.42	     0.01	     1.43	    71.59	     0.25
  3192.30	  -429.52	  -258.44	     0.60	    38.85	     0.00	     0.00	     0.01	     0.00	     0.00	     0.37
  3213.01	  -428.82	  -257.71	     0.57	    20.71	     0.70	     0.73	    -0.02	     1.01	    48.69	    -1.11
  3233.42	  -428.14	  -255.56	     0.56	    20.40	     0.68	     2.15	    -0.02	     2.26	   110.58	    -0.78
  3272.05	  -428.85	  -255.57	     0.56	    38.64	    -0.71	    -0.01	     0.01	     0.71	   -18.42	     0.15
  3292.31	  -429.52	  -258.44	     0.61	    20.26	    -0.66	    -2.87	     0.05	     2.94	  -145.21	     2.24
  3312.40	  -429.54	  -257.01	     0.56	    20.09	    -0.02	     1.43	    -0.05	     1.43	    70.93	    -2.56
