     Time	    Pos x	    Pos y	    Angle	Diff Time	Diff Posx	Diff Posy	Diff Angl	Diff Leng	Rel Speed	Rel AnSpd	
     0.00	 -1347.18	  -540.41	     0.03	     0.00	     0.00	     0.00	     0.00	     0.00	     0.00	     0.00
   120.36	 -1341.62	  -540.33	     0.03	   120.36	     5.56	     0.08	     0.00	     5.56	    46.23	     0.00
   143.26	 -1353.38	  -544.72	     0.08	    22.90	   -11.76	    -4.40	     0.05	    12.55	  -548.14	     2.32
   181.01	 -1334.66	  -540.22	    -0.02	    37.74	    18.71	     4.50	    -0.10	    19.24	   509.87	    -2.64
   201.08	 -1330.49	  -540.16	    -0.02	    20.07	     4.17	     0.06	    -0.00	     4.17	   207.95	    -0.04
   241.69	 -1322.12	  -541.45	    -0.06	    40.61	     8.37	    -1.29	    -0.04	     8.47	   208.46	    -1.07
   302.31	 -1311.00	  -541.29	    -0.05	    60.63	    11.12	     0.16	     0.02	    11.13	   183.51	     0.28
   321.94	 -1305.42	  -542.62	    -0.09	    19.63	     5.58	    -1.33	    -0.04	     5.74	   292.42	    -2.00
   360.30	 -1315.80	  -545.59	    -0.05	    38.35	   -10.38	    -2.97	     0.04	    10.80	  -281.54	     1.00
   381.57	 -1294.29	  -542.46	    -0.11	    21.28	    21.50	     3.13	    -0.06	    21.73	  1021.41	    -2.85
   401.72	 -1288.69	  -545.20	    -0.11	    20.15	     5.61	    -2.74	    -0.00	     6.24	   309.66	    -0.00
   440.47	 -1283.13	  -545.12	    -0.11	    38.75	     5.56	     0.08	    -0.00	     5.56	   143.50	    -0.00
   460.92	 -1274.79	  -545.00	    -0.16	    20.44	     8.34	     0.12	    -0.05	     8.34	   407.98	    -2.53
   481.11	 -1267.82	  -546.31	    -0.14	    20.19	     6.97	    -1.31	     0.02	     7.09	   351.32	     0.96
   540.35	 -1253.87	  -548.93	    -0.19	    59.24	    13.94	    -2.62	    -0.05	    14.19	   239.49	    -0.79
   560.73	 -1248.29	  -550.26	    -0.20	    20.39	     5.58	    -1.33	    -0.01	     5.74	   281.47	    -0.42
   580.71	 -1239.93	  -551.55	    -0.19	    19.98	     8.36	    -1.29	     0.01	     8.46	   423.42	     0.42
   601.84	 -1231.55	  -554.24	    -0.24	    21.13	     8.38	    -2.70	    -0.06	     8.81	   416.79	    -2.68
   640.38	 -1224.55	  -556.96	    -0.21	    38.54	     6.99	    -2.72	     0.04	     7.50	   194.72	     1.00
   661.33	 -1217.60	  -556.86	    -0.23	    20.95	     6.95	     0.10	    -0.03	     6.95	   331.63	    -1.33
   682.28	 -1207.83	  -559.54	    -0.22	    20.95	     9.77	    -2.68	     0.02	    10.13	   483.66	     0.83
   702.80	 -1202.23	  -562.28	    -0.23	    20.52	     5.60	    -2.74	    -0.01	     6.24	   304.03	    -0.58
   741.46	 -1193.87	  -563.57	    -0.25	    38.66	     8.36	    -1.29	    -0.02	     8.46	   218.77	    -0.57
   820.33	 -1168.71	  -572.38	    -0.27	    78.87	    25.16	    -8.80	    -0.02	    26.66	   337.97	    -0.30
   842.69	 -1162.42	  -574.40	    -0.31	    22.35	     6.29	    -2.03	    -0.04	     6.61	   295.51	    -1.68
   900.88	 -1163.73	  -579.36	    -0.24	    58.20	    -1.31	    -4.96	     0.08	     5.13	   -88.10	     1.30
   920.73	 -1136.55	  -583.90	    -0.29	    19.85	    27.17	    -4.54	    -0.06	    27.55	  1388.35	    -2.85
   940.79	 -1144.16	  -586.13	    -0.25	    20.06	    -7.61	    -2.23	     0.04	     7.92	  -395.07	     1.89
  1021.47	 -1102.28	  -596.82	    -0.43	    80.68	    41.88	   -10.69	    -0.17	    43.22	   535.63	    -2.15
  1090.45	 -1076.37	  -608.44	    -0.49	    68.98	    25.92	   -11.63	    -0.06	    28.41	   411.77	    -0.92
  1162.41	 -1058.87	  -615.26	    -0.45	    71.95	    17.50	    -6.81	     0.04	    18.78	   260.94	     0.59
  1221.74	 -1033.66	  -625.49	    -0.48	    59.33	    25.21	   -10.24	    -0.03	    27.21	   458.58	    -0.52
  1241.60	 -1027.32	  -630.35	    -0.55	    19.86	     6.34	    -4.86	    -0.07	     7.99	   402.25	    -3.69
  1322.84	  -997.86	  -644.06	    -0.49	    81.24	    29.46	   -13.72	     0.07	    32.50	   399.99	     0.80
  1342.74	  -989.43	  -648.19	    -0.56	    19.90	     8.42	    -4.12	    -0.07	     9.38	   471.30	    -3.70
  1362.93	  -981.70	  -652.32	    -0.50	    20.19	     7.73	    -4.13	     0.06	     8.76	   434.08	     3.00
  1422.70	  -964.82	  -661.99	    -0.58	    59.77	    16.88	    -9.67	    -0.08	    19.45	   325.45	    -1.38
  1443.08	  -955.67	  -667.52	    -0.53	    20.38	     9.15	    -5.53	     0.05	    10.69	   524.69	     2.42
  1481.60	  -948.66	  -670.25	    -0.54	    38.52	     7.01	    -2.73	    -0.00	     7.53	   195.40	    -0.10
  1502.45	  -939.51	  -675.79	    -0.62	    20.85	     9.15	    -5.53	    -0.08	    10.70	   513.13	    -3.71
  1522.40	  -933.15	  -680.65	    -0.52	    19.94	     6.36	    -4.87	     0.10	     8.01	   401.43	     4.80
  1543.03	  -924.72	  -684.08	    -0.56	    20.63	     8.42	    -3.42	    -0.04	     9.09	   440.85	    -2.03
  1582.14	  -919.79	  -686.84	    -0.52	    39.11	     4.93	    -2.76	     0.04	     5.65	   144.48	     1.05
  1602.14	  -910.63	  -692.38	    -0.51	    20.00	     9.16	    -5.54	     0.01	    10.71	   535.36	     0.56
  1622.52	  -906.41	  -694.45	    -0.59	    20.38	     4.22	    -2.07	    -0.08	     4.70	   230.65	    -3.82
  1643.12	  -900.78	  -697.21	    -0.55	    20.61	     5.63	    -2.76	     0.04	     6.27	   304.17	     2.05
  1684.96	  -894.44	  -700.67	    -0.60	    41.83	     6.34	    -3.46	    -0.05	     7.22	   172.62	    -1.29
  1704.57	  -859.43	  -706.60	    -2.47	    19.61	    35.01	    -5.93	    -1.87	    35.51	 -1810.87	   -95.16
  1764.62	  -882.46	  -707.59	    -0.53	    60.06	   -23.03	    -0.99	     1.94	    23.05	  -383.78	    32.22
  1785.49	  -878.25	  -708.95	    -0.54	    20.87	     4.21	    -1.36	    -0.01	     4.43	   212.11	    -0.38
  1805.29	  -875.40	  -711.75	    -0.59	    19.80	     2.84	    -2.80	    -0.05	     3.99	   201.39	    -2.68
  1826.07	  -870.49	  -713.10	    -0.51	    20.79	     4.91	    -1.35	     0.08	     5.09	   245.05	     3.80
  1846.35	  -869.07	  -714.50	    -0.50	    20.28	     1.42	    -1.40	     0.01	     1.99	    98.36	     0.56
  1885.96	  -864.86	  -715.86	    -0.54	    39.61	     4.21	    -1.36	    -0.04	     4.43	   111.80	    -0.89
  1906.36	  -863.44	  -717.26	    -0.60	    20.39	     1.42	    -1.40	    -0.06	     2.00	    97.83	    -3.08
  1926.34	  -862.01	  -718.66	    -0.51	    19.99	     1.42	    -1.40	     0.09	     1.99	    99.81	     4.34
  1964.72	  -859.19	  -720.04	    -0.53	    38.38	     2.82	    -1.38	    -0.02	     3.14	    81.77	    -0.41
  1986.26	  -857.77	  -721.44	    -0.59	    21.54	     1.42	    -1.40	    -0.06	     1.99	    92.63	    -2.97
  2027.21	  -856.35	  -722.84	    -0.46	    40.95	     1.42	    -1.40	     0.13	     2.00	    48.73	     3.22
  2106.31	  -854.95	  -722.82	    -0.50	    79.10	     1.40	     0.02	    -0.04	     1.40	    17.65	    -0.55
  2144.82	  -854.97	  -722.12	    -0.51	    38.51	    -0.01	     0.71	    -0.01	     0.71	   -18.39	    -0.27
  2165.55	  -854.95	  -722.82	    -0.48	    20.74	     0.01	    -0.71	     0.03	     0.71	    34.16	     1.59
  2185.70	  -854.98	  -721.41	    -0.52	    20.14	    -0.03	     1.42	    -0.04	     1.42	   -70.33	    -2.14
  2206.35	  -854.98	  -721.41	    -0.55	    20.65	     0.00	     0.00	    -0.03	     0.00	     0.00	    -1.21
  2246.61	  -853.56	  -722.81	    -0.54	    40.26	     1.42	    -1.40	     0.01	     1.99	    49.56	     0.20
