     Time	    Pos x	    Pos y	    Angle	Diff Time	Diff Posx	Diff Posy	Diff Angl	Diff Leng	Rel Speed	Rel AnSpd	
     0.00	 -1349.97	  -540.45	     0.03	     0.00	     0.00	     0.00	     0.00	     0.00	     0.00	     0.00
    38.59	 -1347.21	  -539.00	     0.00	    38.59	     2.76	     1.45	    -0.02	     3.12	    80.80	    -0.60
    58.89	 -1347.18	  -540.41	     0.05	    20.30	     0.02	    -1.41	     0.05	     1.41	   -69.46	     2.24
   101.27	 -1343.04	  -538.23	     0.08	    42.39	     4.14	     2.18	     0.04	     4.68	   110.32	     0.83
   200.72	 -1327.74	  -538.01	     0.22	    99.44	    15.30	     0.22	     0.14	    15.30	   153.88	     1.41
   239.26	 -1322.09	  -543.57	     0.36	    38.54	     5.65	    -5.56	     0.14	     7.93	   205.73	     3.56
   259.39	 -1318.10	  -532.23	     0.24	    20.13	     3.99	    11.34	    -0.12	    12.02	   597.09	    -5.94
   298.70	 -1312.52	  -533.56	     0.33	    39.31	     5.59	    -1.33	     0.09	     5.74	   146.04	     2.18
   318.77	 -1307.01	  -529.95	     0.32	    20.07	     5.50	     3.60	    -0.00	     6.58	   327.72	    -0.19
   339.01	 -1301.44	  -530.58	     0.40	    20.24	     5.57	    -0.62	     0.08	     5.61	   277.10	     4.02
   359.08	 -1295.95	  -526.27	     0.40	    20.07	     5.49	     4.31	     0.00	     6.98	   347.84	     0.00
   380.36	 -1290.46	  -521.96	     0.40	    21.28	     5.49	     4.31	    -0.00	     6.98	   327.96	    -0.19
   420.22	 -1283.51	  -521.86	     0.47	    39.86	     6.95	     0.10	     0.07	     6.95	   174.39	     1.86
   439.99	 -1278.02	  -517.55	     0.46	    19.77	     5.49	     4.31	    -0.01	     6.98	   352.99	    -0.53
   460.12	 -1272.48	  -516.06	     0.51	    20.14	     5.54	     1.49	     0.05	     5.73	   284.70	     2.46
   480.78	 -1265.63	  -510.32	     0.48	    20.66	     6.85	     5.74	    -0.03	     8.94	   432.74	    -1.41
   519.24	 -1258.70	  -508.81	     0.55	    38.46	     6.92	     1.51	     0.07	     7.09	   184.29	     1.82
   539.32	 -1253.23	  -503.80	     0.54	    20.08	     5.48	     5.01	    -0.01	     7.42	   369.70	    -0.48
   560.70	 -1244.90	  -502.97	     0.65	    21.38	     8.32	     0.83	     0.11	     8.37	   391.35	     5.05
   599.13	 -1238.05	  -497.23	     0.63	    38.44	     6.85	     5.74	    -0.02	     8.94	   232.53	    -0.61
   619.37	 -1232.57	  -492.92	     0.65	    20.24	     5.49	     4.31	     0.02	     6.98	   344.61	     0.92
   640.51	 -1227.08	  -488.61	     0.67	    21.14	     5.49	     4.31	     0.02	     6.98	   330.05	     0.86
   661.45	 -1218.82	  -484.27	     0.73	    20.94	     8.26	     4.35	     0.06	     9.34	   445.95	     2.89
   699.21	 -1211.97	  -478.53	     0.76	    37.77	     6.85	     5.74	     0.03	     8.94	   236.62	     0.91
   720.33	 -1206.51	  -472.81	     0.78	    21.11	     5.46	     5.72	     0.02	     7.91	   374.50	     0.73
   740.68	 -1202.44	  -467.11	     0.79	    20.36	     4.07	     5.70	     0.02	     7.00	   344.03	     0.83
   760.73	 -1194.18	  -462.76	     0.86	    20.05	     8.26	     4.35	     0.06	     9.34	   465.75	     3.15
   800.30	 -1190.13	  -455.65	     0.86	    39.57	     4.05	     7.11	     0.00	     8.18	   206.70	     0.04
   820.54	 -1184.67	  -449.93	     0.89	    20.24	     5.46	     5.72	     0.03	     7.91	   390.56	     1.49
   859.18	 -1179.22	  -444.21	     0.93	    38.64	     5.46	     5.72	     0.04	     7.91	   204.60	     1.07
   879.15	 -1175.20	  -435.69	     0.93	    19.97	     4.02	     8.52	     0.00	     9.42	   471.76	     0.19
   899.54	 -1168.35	  -429.95	     0.99	    20.39	     6.85	     5.74	     0.05	     8.93	   438.16	     2.65
   919.70	 -1165.72	  -421.45	     0.97	    20.16	     2.63	     8.50	    -0.02	     8.90	   441.30	    -0.91
   941.31	 -1158.87	  -415.71	     1.03	    21.61	     6.85	     5.74	     0.06	     8.93	   413.49	     2.87
   980.25	 -1154.83	  -408.60	     1.04	    38.94	     4.04	     7.11	     0.01	     8.18	   210.03	     0.18
  1000.37	 -1150.79	  -401.49	     1.09	    20.13	     4.04	     7.11	     0.05	     8.18	   406.44	     2.64
  1020.49	 -1145.36	  -394.36	     1.13	    20.12	     5.43	     7.13	     0.04	     8.96	   445.61	     1.94
  1040.83	 -1144.12	  -385.88	     1.11	    20.34	     1.24	     8.48	    -0.02	     8.57	   421.27	    -0.96
  1079.40	 -1141.44	  -380.20	     1.12	    38.57	     2.68	     5.68	     0.01	     6.28	   162.86	     0.26
  1100.83	 -1137.37	  -374.49	     1.15	    21.43	     4.07	     5.70	     0.03	     7.00	   326.86	     1.39
  1120.79	 -1134.70	  -368.81	     1.18	    19.96	     2.68	     5.68	     0.03	     6.28	   314.76	     1.48
  1159.21	 -1132.04	  -361.72	     1.21	    38.43	     2.65	     7.09	     0.03	     7.57	   197.06	     0.75
  1179.59	 -1129.34	  -357.45	     1.20	    20.38	     2.70	     4.27	    -0.01	     5.06	   248.06	    -0.41
  1199.71	 -1125.25	  -353.15	     1.27	    20.11	     4.09	     4.29	     0.07	     5.93	   294.88	     3.51
  1220.31	 -1125.35	  -347.51	     1.24	    20.60	    -0.10	     5.64	    -0.03	     5.64	   273.82	    -1.65
  1260.18	 -1122.65	  -343.24	     1.28	    39.87	     2.70	     4.27	     0.04	     5.06	   126.82	     1.03
  1282.35	 -1124.09	  -340.44	     1.24	    22.16	    -1.44	     2.80	    -0.04	     3.15	   142.01	    -1.85
  1302.26	 -1121.36	  -337.57	     1.26	    19.92	     2.73	     2.86	     0.02	     3.95	   198.55	     1.02
  1322.27	 -1120.05	  -333.32	     1.29	    20.00	     1.31	     4.25	     0.03	     4.45	   222.51	     1.37
  1359.91	 -1120.07	  -331.91	     1.26	    37.64	    -0.03	     1.41	    -0.03	     1.41	    37.48	    -0.72
  1381.32	 -1118.73	  -329.07	     1.26	    21.41	     1.34	     2.84	     0.00	     3.14	   146.75	     0.00
  1401.20	 -1119.36	  -294.50	    -1.55	    19.88	    -0.62	    34.57	    -2.81	    34.58	 -1739.29	  -141.38
  1439.89	 -1117.40	  -326.23	     1.24	    38.69	     1.96	   -31.73	     2.80	    31.79	  -821.58	    72.26
  1460.86	 -1116.01	  -326.20	     1.31	    20.96	     1.39	     0.02	     0.07	     1.39	    66.28	     3.28
  1480.95	 -1118.84	  -323.43	     1.26	    20.09	    -2.83	     2.78	    -0.05	     3.96	   197.33	    -2.68
  1501.57	 -1118.84	  -323.43	     1.24	    20.62	     0.00	     0.00	    -0.02	     0.00	     0.00	    -0.99
  1559.93	 -1116.06	  -323.38	     1.29	    58.36	     2.78	     0.04	     0.05	     2.78	    47.61	     0.82
  1581.29	 -1118.17	  -322.00	     1.26	    21.35	    -2.11	     1.38	    -0.02	     2.52	   117.98	    -1.13
  1601.45	 -1117.45	  -323.40	     1.26	    20.16	     0.72	    -1.40	    -0.00	     1.57	   -78.07	    -0.16
  1662.84	 -1116.06	  -323.38	     1.28	    61.39	     1.39	     0.02	     0.02	     1.39	    22.63	     0.34
