     Time	    Pos x	    Pos y	    Angle	Diff Time	Diff Posx	Diff Posy	Diff Angl	Diff Long	Rel Speed	Rel AnSpd	
     0.00	 -1726.08	  -935.32	    -0.03	     0.00	     0.00	     0.00	     0.00	     0.00	     0.00	     0.00
    20.44	 -1695.67	  -946.88	     2.24	    20.44	    30.40	   -11.55	     2.27	    32.53	  1591.54	   110.92
    39.88	 -1695.67	  -946.88	     2.24	    19.44	     0.00	     0.00	     0.00	    -0.00	    -0.00	     0.00
    59.97	 -1726.07	  -936.04	     0.06	    20.09	   -30.40	    10.84	    -2.18	   -32.28	 -1606.29	  -108.65
    79.96	 -1726.07	  -936.04	     0.06	    19.99	     0.00	     0.00	     0.00	    -0.00	    -0.00	     0.00
   100.17	 -1726.07	  -936.04	     0.06	    20.20	     0.00	     0.00	     0.00	    -0.00	    -0.00	     0.00
   121.85	 -1722.55	  -934.55	     0.03	    21.68	     3.52	     1.49	    -0.02	     3.82	   176.33	    -1.13
   139.97	 -1742.29	  -940.62	     0.10	    18.12	   -19.74	    -6.08	     0.06	   -20.66	 -1139.68	     3.59
   160.28	 -1742.29	  -940.62	     0.10	    20.31	     0.00	     0.00	     0.00	    -0.00	    -0.00	     0.00
   180.60	 -1684.41	  -943.82	     2.45	    20.33	    57.88	    -3.20	     2.35	    57.97	  2851.77	   115.75
   200.46	 -1684.41	  -943.82	     2.45	    19.85	     0.00	     0.00	     0.00	    -0.00	    -0.00	     0.00
   219.94	 -1684.41	  -943.82	     2.45	    19.48	     0.00	     0.00	     0.00	    -0.00	    -0.00	     0.00
   240.02	 -1684.41	  -943.82	     2.45	    20.08	     0.00	     0.00	     0.00	    -0.00	    -0.00	     0.00
   260.06	 -1684.41	  -943.82	     2.45	    20.05	     0.00	     0.00	     0.00	    -0.00	    -0.00	     0.00
   280.29	 -1673.16	  -939.33	     2.27	    20.23	    11.25	     4.49	    -0.17	    12.11	   598.57	    -8.62
   300.82	 -1673.16	  -939.33	     2.27	    20.52	     0.00	     0.00	     0.00	    -0.00	    -0.00	     0.00
   319.90	 -1673.16	  -939.33	     2.27	    19.08	     0.00	     0.00	     0.00	    -0.00	    -0.00	     0.00
   340.24	 -1673.16	  -939.33	     2.27	    20.34	     0.00	     0.00	     0.00	    -0.00	    -0.00	     0.00
   359.96	 -1673.16	  -939.33	     2.27	    19.73	     0.00	     0.00	     0.00	    -0.00	    -0.00	     0.00
   381.71	 -1673.16	  -939.33	     2.27	    21.74	     0.00	     0.00	     0.00	    -0.00	    -0.00	     0.00
   400.85	 -1673.16	  -939.33	     2.27	    19.14	     0.00	     0.00	     0.00	    -0.00	    -0.00	     0.00
   420.84	 -1673.16	  -939.33	     2.27	    19.99	     0.00	     0.00	     0.00	    -0.00	    -0.00	     0.00
   440.98	 -1648.59	  -927.47	     2.39	    20.14	    24.57	    11.86	     0.11	    27.28	  1354.64	     5.61
   460.93	 -1648.59	  -927.47	     2.39	    19.95	     0.00	     0.00	     0.00	    -0.00	    -0.00	     0.00
   480.99	 -1648.59	  -927.47	     2.39	    20.06	     0.00	     0.00	     0.00	    -0.00	    -0.00	     0.00
   501.14	 -1648.59	  -927.47	     2.39	    20.15	     0.00	     0.00	     0.00	    -0.00	    -0.00	     0.00
   520.86	 -1648.59	  -927.47	     2.39	    19.72	     0.00	     0.00	     0.00	    -0.00	    -0.00	     0.00
   542.24	 -1648.59	  -927.47	     2.39	    21.37	     0.00	     0.00	     0.00	    -0.00	    -0.00	     0.00
   561.02	 -1648.59	  -927.47	     2.39	    18.79	     0.00	     0.00	     0.00	    -0.00	    -0.00	     0.00
   581.43	 -1648.59	  -927.47	     2.39	    20.41	     0.00	     0.00	     0.00	    -0.00	    -0.00	     0.00
   601.01	 -1799.02	  -825.61	    -0.40	    19.57	  -150.43	   101.86	    -2.78	  -181.67	 -9282.19	  -142.26
   621.41	 -1799.02	  -825.61	    -0.40	    20.40	     0.00	     0.00	     0.00	    -0.00	    -0.00	     0.00
   641.61	 -1798.21	  -752.34	    -1.56	    20.20	     0.81	    73.27	    -1.17	    73.27	  3627.21	   -57.74
   661.48	 -1798.21	  -752.34	    -1.56	    19.87	     0.00	     0.00	     0.00	    -0.00	    -0.00	     0.00
   681.57	 -1798.21	  -752.34	    -1.56	    20.08	     0.00	     0.00	     0.00	    -0.00	    -0.00	     0.00
   701.58	 -1798.21	  -752.34	    -1.56	    20.02	     0.00	     0.00	     0.00	    -0.00	    -0.00	     0.00
   721.55	 -1798.21	  -752.34	    -1.56	    19.96	     0.00	     0.00	     0.00	    -0.00	    -0.00	     0.00
   741.57	 -1798.21	  -752.34	    -1.56	    20.03	     0.00	     0.00	     0.00	    -0.00	    -0.00	     0.00
   761.57	 -1798.21	  -752.34	    -1.56	    20.00	     0.00	     0.00	     0.00	    -0.00	    -0.00	     0.00
   782.52	 -1798.21	  -752.34	    -1.56	    20.95	     0.00	     0.00	     0.00	    -0.00	    -0.00	     0.00
   801.58	 -1798.21	  -752.34	    -1.56	    19.06	     0.00	     0.00	     0.00	    -0.00	    -0.00	     0.00
   821.58	 -1798.21	  -752.34	    -1.56	    20.00	     0.00	     0.00	     0.00	    -0.00	    -0.00	     0.00
   841.77	 -1798.21	  -752.34	    -1.56	    20.19	     0.00	     0.00	     0.00	    -0.00	    -0.00	     0.00
   862.21	 -1802.75	  -722.62	    -1.38	    20.45	    -4.55	    29.73	     0.18	   -30.07	 -1470.96	     8.73
   881.93	 -1798.81	  -763.00	     1.63	    19.71	     3.94	   -40.39	     3.02	    40.58	  2058.38	   152.94
   901.68	 -1801.81	  -746.02	     1.59	    19.76	    -2.99	    16.99	    -0.04	   -17.25	  -873.12	    -2.09
   921.62	 -1801.81	  -746.02	     1.59	    19.93	     0.00	     0.00	     0.00	    -0.00	    -0.00	     0.00
   941.58	 -1801.81	  -746.02	     1.59	    19.97	     0.00	     0.00	     0.00	    -0.00	    -0.00	     0.00
   962.26	 -1801.81	  -746.02	     1.59	    20.68	     0.00	     0.00	     0.00	    -0.00	    -0.00	     0.00
   981.60	 -1801.81	  -746.02	     1.59	    19.34	     0.00	     0.00	     0.00	    -0.00	    -0.00	     0.00
  1001.99	 -1801.81	  -746.02	     1.59	    20.39	     0.00	     0.00	     0.00	    -0.00	    -0.00	     0.00
  1021.68	 -1801.81	  -746.02	     1.59	    19.69	     0.00	     0.00	     0.00	    -0.00	    -0.00	     0.00
  1042.13	 -1801.81	  -746.02	     1.59	    20.46	     0.00	     0.00	     0.00	    -0.00	    -0.00	     0.00
  1062.13	 -1801.81	  -746.02	     1.59	    19.99	     0.00	     0.00	     0.00	    -0.00	    -0.00	     0.00
  1082.09	 -1801.81	  -746.02	     1.59	    19.96	     0.00	     0.00	     0.00	    -0.00	    -0.00	     0.00
  1102.08	 -1801.81	  -746.02	     1.59	    19.99	     0.00	     0.00	     0.00	    -0.00	    -0.00	     0.00
  1122.19	 -1801.81	  -746.02	     1.59	    20.11	     0.00	     0.00	     0.00	    -0.00	    -0.00	     0.00
  1142.92	 -1801.81	  -746.02	     1.59	    20.73	     0.00	     0.00	     0.00	    -0.00	    -0.00	     0.00
  1162.12	 -1801.81	  -746.02	     1.59	    19.20	     0.00	     0.00	     0.00	    -0.00	    -0.00	     0.00
  1182.09	 -1801.81	  -746.02	     1.59	    19.97	     0.00	     0.00	     0.00	    -0.00	    -0.00	     0.00
  1202.86	 -1801.81	  -746.02	     1.59	    20.77	     0.00	     0.00	     0.00	    -0.00	    -0.00	     0.00
  1222.97	 -1801.81	  -746.02	     1.59	    20.12	     0.00	     0.00	     0.00	    -0.00	    -0.00	     0.00
  1242.93	 -1801.81	  -746.02	     1.59	    19.96	     0.00	     0.00	     0.00	    -0.00	    -0.00	     0.00
  1262.96	 -1801.81	  -746.02	     1.59	    20.03	     0.00	     0.00	     0.00	    -0.00	    -0.00	     0.00
  1282.99	 -1801.81	  -746.02	     1.59	    20.03	     0.00	     0.00	     0.00	    -0.00	    -0.00	     0.00
  1302.91	 -1801.81	  -746.02	     1.59	    19.92	     0.00	     0.00	     0.00	    -0.00	    -0.00	     0.00
  1322.94	 -1801.81	  -746.02	     1.59	    20.04	     0.00	     0.00	     0.00	    -0.00	    -0.00	     0.00
  1343.96	 -1801.81	  -746.02	     1.59	    21.01	     0.00	     0.00	     0.00	    -0.00	    -0.00	     0.00
  1362.93	 -1801.81	  -746.02	     1.59	    18.97	     0.00	     0.00	     0.00	    -0.00	    -0.00	     0.00
  1383.02	 -1801.81	  -746.02	     1.59	    20.09	     0.00	     0.00	     0.00	    -0.00	    -0.00	     0.00
  1403.73	 -1801.81	  -746.02	     1.59	    20.71	     0.00	     0.00	     0.00	    -0.00	    -0.00	     0.00
  1424.41	 -1801.81	  -746.02	     1.59	    20.68	     0.00	     0.00	     0.00	    -0.00	    -0.00	     0.00
  1444.50	 -1801.81	  -746.02	     1.59	    20.09	     0.00	     0.00	     0.00	    -0.00	    -0.00	     0.00
  1464.50	 -1801.81	  -746.02	     1.59	    20.00	     0.00	     0.00	     0.00	    -0.00	    -0.00	     0.00
  1484.43	 -1801.81	  -746.02	     1.59	    19.93	     0.00	     0.00	     0.00	    -0.00	    -0.00	     0.00
  1505.23	 -1801.81	  -746.02	     1.59	    20.80	     0.00	     0.00	     0.00	    -0.00	    -0.00	     0.00
  1525.17	 -1801.81	  -746.02	     1.59	    19.94	     0.00	     0.00	     0.00	    -0.00	    -0.00	     0.00
  1544.45	 -1801.81	  -746.02	     1.59	    19.28	     0.00	     0.00	     0.00	    -0.00	    -0.00	     0.00
  1564.47	 -1801.81	  -746.02	     1.59	    20.03	     0.00	     0.00	     0.00	    -0.00	    -0.00	     0.00
  1585.26	 -1801.81	  -746.02	     1.59	    20.79	     0.00	     0.00	     0.00	    -0.00	    -0.00	     0.00
  1605.35	 -1801.81	  -746.02	     1.59	    20.09	     0.00	     0.00	     0.00	    -0.00	    -0.00	     0.00
  1626.37	 -1801.81	  -746.02	     1.59	    21.02	     0.00	     0.00	     0.00	    -0.00	    -0.00	     0.00
  1645.34	 -1801.81	  -746.02	     1.59	    18.97	     0.00	     0.00	     0.00	    -0.00	    -0.00	     0.00
  1665.83	 -1801.81	  -746.02	     1.59	    20.48	     0.00	     0.00	     0.00	    -0.00	    -0.00	     0.00
  1685.49	 -1801.81	  -746.02	     1.59	    19.67	     0.00	     0.00	     0.00	    -0.00	    -0.00	     0.00
  1705.34	 -1801.81	  -746.02	     1.59	    19.85	     0.00	     0.00	     0.00	    -0.00	    -0.00	     0.00
  1725.94	 -1801.81	  -746.02	     1.59	    20.60	     0.00	     0.00	     0.00	    -0.00	    -0.00	     0.00
  1745.37	 -1801.81	  -746.02	     1.59	    19.44	     0.00	     0.00	     0.00	    -0.00	    -0.00	     0.00
  1765.34	 -1801.81	  -746.02	     1.59	    19.97	     0.00	     0.00	     0.00	    -0.00	    -0.00	     0.00
  1785.62	 -1801.81	  -746.02	     1.59	    20.28	     0.00	     0.00	     0.00	    -0.00	    -0.00	     0.00
  1805.74	 -1801.81	  -746.02	     1.59	    20.11	     0.00	     0.00	     0.00	    -0.00	    -0.00	     0.00
  1825.37	 -1801.81	  -746.02	     1.59	    19.63	     0.00	     0.00	     0.00	    -0.00	    -0.00	     0.00
  1845.39	 -1801.81	  -746.02	     1.59	    20.02	     0.00	     0.00	     0.00	    -0.00	    -0.00	     0.00
  1865.69	 -1801.81	  -746.02	     1.59	    20.30	     0.00	     0.00	     0.00	    -0.00	    -0.00	     0.00
  1885.58	 -1801.81	  -746.02	     1.59	    19.89	     0.00	     0.00	     0.00	    -0.00	    -0.00	     0.00
  1905.63	 -1801.81	  -746.02	     1.59	    20.05	     0.00	     0.00	     0.00	    -0.00	    -0.00	     0.00
  1925.67	 -1801.81	  -746.02	     1.59	    20.04	     0.00	     0.00	     0.00	    -0.00	    -0.00	     0.00
  1945.62	 -1801.81	  -746.02	     1.59	    19.94	     0.00	     0.00	     0.00	    -0.00	    -0.00	     0.00
  1965.61	 -1801.81	  -746.02	     1.59	    19.99	     0.00	     0.00	     0.00	    -0.00	    -0.00	     0.00
  1986.45	 -1801.81	  -746.02	     1.59	    20.84	     0.00	     0.00	     0.00	    -0.00	    -0.00	     0.00
  2006.31	 -1801.81	  -746.02	     1.59	    19.86	     0.00	     0.00	     0.00	    -0.00	    -0.00	     0.00
  2025.65	 -1801.81	  -746.02	     1.59	    19.33	     0.00	     0.00	     0.00	    -0.00	    -0.00	     0.00
  2045.69	 -1801.81	  -746.02	     1.59	    20.05	     0.00	     0.00	     0.00	    -0.00	    -0.00	     0.00
  2065.65	 -1801.81	  -746.02	     1.59	    19.96	     0.00	     0.00	     0.00	    -0.00	    -0.00	     0.00
  2086.36	 -1801.81	  -746.02	     1.59	    20.71	     0.00	     0.00	     0.00	    -0.00	    -0.00	     0.00
  2106.07	 -1801.81	  -746.02	     1.59	    19.71	     0.00	     0.00	     0.00	    -0.00	    -0.00	     0.00
  2126.07	 -1801.81	  -746.02	     1.59	    20.00	     0.00	     0.00	     0.00	    -0.00	    -0.00	     0.00
  2146.09	 -1801.81	  -746.02	     1.59	    20.02	     0.00	     0.00	     0.00	    -0.00	    -0.00	     0.00
  2166.11	 -1801.81	  -746.02	     1.59	    20.03	     0.00	     0.00	     0.00	    -0.00	    -0.00	     0.00
  2187.00	 -1801.81	  -746.02	     1.59	    20.89	     0.00	     0.00	     0.00	    -0.00	    -0.00	     0.00
  2206.17	 -1801.81	  -746.02	     1.59	    19.17	     0.00	     0.00	     0.00	    -0.00	    -0.00	     0.00
  2226.11	 -1801.81	  -746.02	     1.59	    19.94	     0.00	     0.00	     0.00	    -0.00	    -0.00	     0.00
  2246.08	 -1801.81	  -746.02	     1.59	    19.96	     0.00	     0.00	     0.00	    -0.00	    -0.00	     0.00
  2266.55	 -1801.81	  -746.02	     1.59	    20.47	     0.00	     0.00	     0.00	    -0.00	    -0.00	     0.00
  2286.73	 -1801.81	  -746.02	     1.59	    20.17	     0.00	     0.00	     0.00	    -0.00	    -0.00	     0.00
  2306.13	 -1801.81	  -746.02	     1.59	    19.40	     0.00	     0.00	     0.00	    -0.00	    -0.00	     0.00
  2326.54	 -1801.81	  -746.02	     1.59	    20.41	     0.00	     0.00	     0.00	    -0.00	    -0.00	     0.00
  2346.72	 -1801.81	  -746.02	     1.59	    20.18	     0.00	     0.00	     0.00	    -0.00	    -0.00	     0.00
  2367.47	 -1801.81	  -746.02	     1.59	    20.75	     0.00	     0.00	     0.00	    -0.00	    -0.00	     0.00
  2387.51	 -1801.81	  -746.02	     1.59	    20.05	     0.00	     0.00	     0.00	    -0.00	    -0.00	     0.00
  2406.69	 -1801.81	  -746.02	     1.59	    19.18	     0.00	     0.00	     0.00	    -0.00	    -0.00	     0.00
  2426.69	 -1801.81	  -746.02	     1.59	    20.00	     0.00	     0.00	     0.00	    -0.00	    -0.00	     0.00
  2447.14	 -1801.81	  -746.02	     1.59	    20.46	     0.00	     0.00	     0.00	    -0.00	    -0.00	     0.00
  2466.75	 -1801.81	  -746.02	     1.59	    19.61	     0.00	     0.00	     0.00	    -0.00	    -0.00	     0.00
  2486.73	 -1801.81	  -746.02	     1.59	    19.98	     0.00	     0.00	     0.00	    -0.00	    -0.00	     0.00
  2506.75	 -1801.81	  -746.02	     1.59	    20.02	     0.00	     0.00	     0.00	    -0.00	    -0.00	     0.00
  2526.77	 -1801.81	  -746.02	     1.59	    20.02	     0.00	     0.00	     0.00	    -0.00	    -0.00	     0.00
  2547.29	 -1801.81	  -746.02	     1.59	    20.52	     0.00	     0.00	     0.00	    -0.00	    -0.00	     0.00
  2567.68	 -1801.81	  -746.02	     1.59	    20.39	     0.00	     0.00	     0.00	    -0.00	    -0.00	     0.00
  2587.24	 -1801.81	  -746.02	     1.59	    19.57	     0.00	     0.00	     0.00	    -0.00	    -0.00	     0.00
  2607.28	 -1801.81	  -746.02	     1.59	    20.04	     0.00	     0.00	     0.00	    -0.00	    -0.00	     0.00
  2627.34	 -1801.81	  -746.02	     1.59	    20.05	     0.00	     0.00	     0.00	    -0.00	    -0.00	     0.00
  2648.10	 -1801.81	  -746.02	     1.59	    20.76	     0.00	     0.00	     0.00	    -0.00	    -0.00	     0.00
  2668.08	 -1801.81	  -746.02	     1.59	    19.98	     0.00	     0.00	     0.00	    -0.00	    -0.00	     0.00
  2687.24	 -1801.81	  -746.02	     1.59	    19.17	     0.00	     0.00	     0.00	    -0.00	    -0.00	     0.00
  2707.41	 -1801.81	  -746.02	     1.59	    20.17	     0.00	     0.00	     0.00	    -0.00	    -0.00	     0.00
  2727.32	 -1801.81	  -746.02	     1.59	    19.91	     0.00	     0.00	     0.00	    -0.00	    -0.00	     0.00
  2747.38	 -1801.81	  -746.02	     1.59	    20.06	     0.00	     0.00	     0.00	    -0.00	    -0.00	     0.00
  2767.31	 -1801.81	  -746.02	     1.59	    19.93	     0.00	     0.00	     0.00	    -0.00	    -0.00	     0.00
  2787.29	 -1801.81	  -746.02	     1.59	    19.98	     0.00	     0.00	     0.00	    -0.00	    -0.00	     0.00
  2807.29	 -1801.81	  -746.02	     1.59	    20.00	     0.00	     0.00	     0.00	    -0.00	    -0.00	     0.00
  2827.82	 -1801.81	  -746.02	     1.59	    20.53	     0.00	     0.00	     0.00	    -0.00	    -0.00	     0.00
  2847.38	 -1801.81	  -746.02	     1.59	    19.56	     0.00	     0.00	     0.00	    -0.00	    -0.00	     0.00
  2867.26	 -1801.81	  -746.02	     1.59	    19.88	     0.00	     0.00	     0.00	    -0.00	    -0.00	     0.00
  2887.31	 -1801.81	  -746.02	     1.59	    20.05	     0.00	     0.00	     0.00	    -0.00	    -0.00	     0.00
  2907.29	 -1801.81	  -746.02	     1.59	    19.99	     0.00	     0.00	     0.00	    -0.00	    -0.00	     0.00
  2927.63	 -1801.81	  -746.02	     1.59	    20.34	     0.00	     0.00	     0.00	    -0.00	    -0.00	     0.00
  2947.39	 -1801.81	  -746.02	     1.59	    19.75	     0.00	     0.00	     0.00	    -0.00	    -0.00	     0.00
  2967.33	 -1801.81	  -746.02	     1.59	    19.95	     0.00	     0.00	     0.00	    -0.00	    -0.00	     0.00
  2987.35	 -1801.81	  -746.02	     1.59	    20.02	     0.00	     0.00	     0.00	    -0.00	    -0.00	     0.00
  3008.10	 -1801.81	  -746.02	     1.59	    20.75	     0.00	     0.00	     0.00	    -0.00	    -0.00	     0.00
  3027.42	 -1801.81	  -746.02	     1.59	    19.31	     0.00	     0.00	     0.00	    -0.00	    -0.00	     0.00
  3047.37	 -1801.81	  -746.02	     1.59	    19.95	     0.00	     0.00	     0.00	    -0.00	    -0.00	     0.00
  3067.32	 -1801.81	  -746.02	     1.59	    19.95	     0.00	     0.00	     0.00	    -0.00	    -0.00	     0.00
  3087.46	 -1801.81	  -746.02	     1.59	    20.14	     0.00	     0.00	     0.00	    -0.00	    -0.00	     0.00
  3107.37	 -1801.81	  -746.02	     1.59	    19.91	     0.00	     0.00	     0.00	    -0.00	    -0.00	     0.00
  3127.41	 -1801.81	  -746.02	     1.59	    20.04	     0.00	     0.00	     0.00	    -0.00	    -0.00	     0.00
  3147.36	 -1801.81	  -746.02	     1.59	    19.95	     0.00	     0.00	     0.00	    -0.00	    -0.00	     0.00
  3167.38	 -1801.81	  -746.02	     1.59	    20.02	     0.00	     0.00	     0.00	    -0.00	    -0.00	     0.00
  3187.34	 -1801.81	  -746.02	     1.59	    19.97	     0.00	     0.00	     0.00	    -0.00	    -0.00	     0.00
  3207.38	 -1801.81	  -746.02	     1.59	    20.04	     0.00	     0.00	     0.00	    -0.00	    -0.00	     0.00
  3227.35	 -1801.81	  -746.02	     1.59	    19.97	     0.00	     0.00	     0.00	    -0.00	    -0.00	     0.00
  3247.38	 -1801.81	  -746.02	     1.59	    20.03	     0.00	     0.00	     0.00	    -0.00	    -0.00	     0.00
  3267.35	 -1801.81	  -746.02	     1.59	    19.97	     0.00	     0.00	     0.00	    -0.00	    -0.00	     0.00
  3287.41	 -1801.81	  -746.02	     1.59	    20.06	     0.00	     0.00	     0.00	    -0.00	    -0.00	     0.00
  3307.87	 -1801.81	  -746.02	     1.59	    20.46	     0.00	     0.00	     0.00	    -0.00	    -0.00	     0.00
  3327.33	 -1801.81	  -746.02	     1.59	    19.46	     0.00	     0.00	     0.00	    -0.00	    -0.00	     0.00
  3347.36	 -1801.81	  -746.02	     1.59	    20.02	     0.00	     0.00	     0.00	    -0.00	    -0.00	     0.00
  3367.38	 -1801.81	  -746.02	     1.59	    20.02	     0.00	     0.00	     0.00	    -0.00	    -0.00	     0.00
  3387.33	 -1801.81	  -746.02	     1.59	    19.95	     0.00	     0.00	     0.00	    -0.00	    -0.00	     0.00
  3407.34	 -1801.81	  -746.02	     1.59	    20.01	     0.00	     0.00	     0.00	    -0.00	    -0.00	     0.00
  3427.41	 -1801.81	  -746.02	     1.59	    20.07	     0.00	     0.00	     0.00	    -0.00	    -0.00	     0.00
  3447.40	 -1801.81	  -746.02	     1.59	    19.99	     0.00	     0.00	     0.00	    -0.00	    -0.00	     0.00
  3468.12	 -1801.81	  -746.02	     1.59	    20.72	     0.00	     0.00	     0.00	    -0.00	    -0.00	     0.00
  3488.70	 -1801.81	  -746.02	     1.59	    20.58	     0.00	     0.00	     0.00	    -0.00	    -0.00	     0.00
  3508.98	 -1801.81	  -746.02	     1.59	    20.28	     0.00	     0.00	     0.00	    -0.00	    -0.00	     0.00
  3528.53	 -1801.81	  -746.02	     1.59	    19.56	     0.00	     0.00	     0.00	    -0.00	    -0.00	     0.00
  3548.54	 -1801.81	  -746.02	     1.59	    20.01	     0.00	     0.00	     0.00	    -0.00	    -0.00	     0.00
  3568.45	 -1801.81	  -746.02	     1.59	    19.91	     0.00	     0.00	     0.00	    -0.00	    -0.00	     0.00
  3588.92	 -1801.81	  -746.02	     1.59	    20.46	     0.00	     0.00	     0.00	    -0.00	    -0.00	     0.00
  3608.56	 -1801.81	  -746.02	     1.59	    19.64	     0.00	     0.00	     0.00	    -0.00	    -0.00	     0.00
  3628.46	 -1801.81	  -746.02	     1.59	    19.90	     0.00	     0.00	     0.00	    -0.00	    -0.00	     0.00
  3648.59	 -1839.42	  -461.75	    -0.91	    20.13	   -37.61	   284.27	    -2.50	  -286.74	-14242.51	  -124.22
