     Time	    Pos x	    Pos y	    Angle	Diff Time	Diff Posx	Diff Posy	Diff Angl	Diff Long	Rel Speed	Rel AnSpd	
     0.00	 -1347.18	  -540.41	     0.00	     0.00	     0.00	     0.00	     0.00	     0.00	     0.00	     0.00
    20.49	 -1345.79	  -540.39	    -0.02	    20.49	     1.39	     0.02	    -0.02	     1.39	    67.90	    -1.22
    41.44	 -1344.38	  -541.78	     0.00	    20.96	     1.41	    -1.39	     0.03	     1.98	    94.59	     1.21
    60.30	 -1344.38	  -541.78	     0.00	    18.85	     0.00	     0.00	     0.00	     0.00	     0.00	     0.00
    80.75	 -1344.38	  -541.78	     0.00	    20.45	     0.00	     0.00	     0.00	     0.00	     0.00	     0.00
   101.18	 -1337.45	  -540.26	    -0.02	    20.43	     6.93	     1.51	    -0.02	     7.10	   347.24	    -1.09
   120.98	 -1331.88	  -540.18	    -0.04	    19.80	     5.56	     0.08	    -0.02	     5.56	   281.02	    -1.24
   141.04	 -1327.71	  -540.12	    -0.04	    20.06	     4.17	     0.06	     0.00	     4.17	   208.04	     0.06
   162.14	 -1327.71	  -540.12	    -0.04	    21.10	     0.00	     0.00	     0.00	     0.00	     0.00	     0.00
   180.59	 -1327.71	  -540.12	    -0.04	    18.46	     0.00	     0.00	     0.00	     0.00	     0.00	     0.00
   201.23	 -1327.71	  -540.12	    -0.04	    20.64	     0.00	     0.00	     0.00	     0.00	     0.00	     0.00
   221.97	 -1309.59	  -542.68	    -0.04	    20.74	    18.12	    -2.56	    -0.00	    18.30	   882.39	    -0.06
   242.78	 -1301.25	  -542.56	    -0.07	    20.81	     8.34	     0.12	    -0.03	     8.34	   400.99	    -1.29
   262.89	 -1294.99	  -542.47	    -0.09	    20.11	     6.26	     0.09	    -0.02	     6.26	   311.06	    -0.89
   282.45	 -1294.99	  -542.47	    -0.09	    19.56	     0.00	     0.00	     0.00	     0.00	     0.00	     0.00
   301.65	 -1288.71	  -543.79	    -0.09	    19.20	     6.28	    -1.32	    -0.00	     6.42	   334.16	    -0.06
   321.87	 -1281.74	  -545.10	    -0.06	    20.22	     6.97	    -1.31	     0.02	     7.09	   350.92	     1.22
   343.42	 -1272.00	  -545.66	    -0.10	    21.55	     9.74	    -0.56	    -0.04	     9.76	   452.70	    -1.79
   363.20	 -1262.97	  -544.83	    -0.12	    19.78	     9.02	     0.84	    -0.02	     9.06	   458.10	    -0.82
   381.71	 -1262.97	  -544.83	    -0.12	    18.51	     0.00	     0.00	     0.00	     0.00	     0.00	     0.00
   402.26	 -1262.97	  -544.83	    -0.12	    20.55	     0.00	     0.00	     0.00	     0.00	     0.00	     0.00
   423.09	 -1255.28	  -547.54	    -0.11	    20.83	     7.69	    -2.71	     0.00	     8.15	   391.45	     0.22
   443.40	 -1246.92	  -548.83	    -0.11	    20.31	     8.36	    -1.29	    -0.00	     8.46	   416.59	    -0.00
   465.12	 -1238.56	  -550.12	    -0.11	    21.72	     8.36	    -1.29	    -0.00	     8.46	   389.50	    -0.00
   482.22	 -1227.44	  -550.66	    -0.17	    17.11	    11.13	    -0.54	    -0.06	    11.14	   651.27	    -3.36
   501.89	 -1227.44	  -550.66	    -0.17	    19.67	     0.00	     0.00	     0.00	     0.00	     0.00	     0.00
   523.19	 -1227.44	  -550.66	    -0.17	    21.30	     0.00	     0.00	     0.00	     0.00	     0.00	     0.00
   544.30	 -1202.34	  -555.23	    -0.15	    21.11	    25.09	    -4.57	     0.02	    25.50	  1208.08	     0.90
   562.29	 -1202.34	  -555.23	    -0.15	    17.99	     0.00	     0.00	     0.00	     0.00	     0.00	     0.00
   583.07	 -1191.21	  -556.48	    -0.14	    20.78	    11.14	    -1.25	     0.01	    11.21	   539.38	     0.39
   603.66	 -1198.79	  -560.12	    -0.10	    20.59	    -7.58	    -3.64	     0.05	     8.41	  -408.31	     2.34
   624.23	 -1172.40	  -559.03	    -0.21	    20.57	    26.38	     1.09	    -0.11	    26.41	  1283.74	    -5.43
   644.28	 -1172.40	  -559.03	    -0.21	    20.05	     0.00	     0.00	     0.00	     0.00	     0.00	     0.00
   661.91	 -1172.40	  -559.03	    -0.21	    17.63	     0.00	     0.00	     0.00	     0.00	     0.00	     0.00
   681.96	 -1172.40	  -559.03	    -0.21	    20.05	     0.00	     0.00	     0.00	     0.00	     0.00	     0.00
   704.60	 -1143.78	  -567.08	    -0.18	    22.64	    28.62	    -8.05	     0.03	    29.73	  1313.18	     1.11
   724.67	 -1134.02	  -569.05	    -0.19	    20.07	     9.76	    -1.97	    -0.01	     9.96	   496.22	    -0.33
   744.58	 -1122.88	  -570.30	    -0.24	    19.91	    11.14	    -1.25	    -0.05	    11.21	   563.10	    -2.48
   762.34	 -1122.88	  -570.30	    -0.24	    17.77	     0.00	     0.00	     0.00	     0.00	     0.00	     0.00
   781.95	 -1122.88	  -570.30	    -0.24	    19.61	     0.00	     0.00	     0.00	     0.00	     0.00	     0.00
   803.04	 -1122.88	  -570.30	    -0.24	    21.09	     0.00	     0.00	     0.00	     0.00	     0.00	     0.00
   824.10	 -1092.18	  -577.62	    -0.21	    21.07	    30.70	    -7.32	     0.03	    31.56	  1498.21	     1.58
   845.48	 -1092.18	  -577.62	    -0.21	    21.37	     0.00	     0.00	     0.00	     0.00	     0.00	     0.00
   863.39	 -1081.71	  -580.29	    -0.23	    17.92	    10.47	    -2.67	    -0.03	    10.81	   603.13	    -1.40
   885.29	 -1074.02	  -583.00	    -0.22	    21.90	     7.69	    -2.71	     0.01	     8.16	   372.49	     0.37
   905.14	 -1074.02	  -583.00	    -0.22	    19.85	     0.00	     0.00	     0.00	     0.00	     0.00	     0.00
   923.02	 -1074.02	  -583.00	    -0.22	    17.88	     0.00	     0.00	     0.00	     0.00	     0.00	     0.00
   943.48	 -1051.68	  -588.33	    -0.27	    20.46	    22.34	    -5.33	    -0.05	    22.96	  1122.34	    -2.41
   964.56	 -1051.68	  -588.33	    -0.27	    21.08	     0.00	     0.00	     0.00	     0.00	     0.00	     0.00
   983.33	 -1051.68	  -588.33	    -0.27	    18.77	     0.00	     0.00	     0.00	     0.00	     0.00	     0.00
  1020.64	 -1029.34	  -593.66	    -0.24	    37.31	    22.34	    -5.33	     0.03	    22.97	   615.69	     0.87
  1022.95	 -1029.34	  -593.66	    -0.24	     2.31	     0.00	     0.00	     0.00	     0.00	     0.00	     0.00
  1043.02	 -1029.34	  -593.66	    -0.24	    20.07	     0.00	     0.00	     0.00	     0.00	     0.00	     0.00
  1063.14	 -1029.34	  -593.66	    -0.24	    20.12	     0.00	     0.00	     0.00	     0.00	     0.00	     0.00
  1084.51	  -989.45	  -607.21	    -0.24	    21.37	    39.89	   -13.56	    -0.00	    42.13	  1971.34	    -0.14
  1103.10	  -989.45	  -607.21	    -0.24	    18.59	     0.00	     0.00	     0.00	     0.00	     0.00	     0.00
  1123.12	  -989.45	  -607.21	    -0.24	    20.01	     0.00	     0.00	     0.00	     0.00	     0.00	     0.00
  1143.08	  -989.45	  -607.21	    -0.24	    19.96	     0.00	     0.00	     0.00	     0.00	     0.00	     0.00
  1163.05	  -989.45	  -607.21	    -0.24	    19.97	     0.00	     0.00	     0.00	     0.00	     0.00	     0.00
  1189.40	  -956.59	  -615.23	    -0.29	    26.35	    32.86	    -8.01	    -0.04	    33.82	  1283.48	    -1.62
  1204.53	  -956.59	  -615.23	    -0.29	    15.14	     0.00	     0.00	     0.00	     0.00	     0.00	     0.00
  1223.38	  -956.59	  -615.23	    -0.29	    18.85	     0.00	     0.00	     0.00	     0.00	     0.00	     0.00
  1243.50	  -956.59	  -615.23	    -0.29	    20.12	     0.00	     0.00	     0.00	     0.00	     0.00	     0.00
  1265.24	  -918.77	  -627.42	    -0.26	    21.73	    37.83	   -12.19	     0.03	    39.75	  1828.65	     1.33
  1285.56	  -918.77	  -627.42	    -0.26	    20.32	     0.00	     0.00	     0.00	     0.00	     0.00	     0.00
  1307.04	  -910.33	  -631.54	    -0.29	    21.49	     8.44	    -4.12	    -0.03	     9.39	   437.03	    -1.43
  1323.31	  -910.33	  -631.54	    -0.29	    16.27	     0.00	     0.00	     0.00	     0.00	     0.00	     0.00
  1343.74	  -910.33	  -631.54	    -0.29	    20.43	     0.00	     0.00	     0.00	     0.00	     0.00	     0.00
  1363.71	  -910.33	  -631.54	    -0.29	    19.98	     0.00	     0.00	     0.00	     0.00	     0.00	     0.00
  1383.51	  -910.33	  -631.54	    -0.29	    19.79	     0.00	     0.00	     0.00	     0.00	     0.00	     0.00
  1406.40	  -887.90	  -638.31	    -0.29	    22.89	    22.43	    -6.76	    -0.00	    23.43	  1023.51	    -0.00
  1423.83	  -882.30	  -639.65	    -0.28	    17.43	     5.60	    -1.34	     0.01	     5.76	   330.44	     0.49
  1444.90	  -882.30	  -639.65	    -0.28	    21.07	     0.00	     0.00	     0.00	     0.00	     0.00	     0.00
  1464.41	  -882.30	  -639.65	    -0.28	    19.51	     0.00	     0.00	     0.00	     0.00	     0.00	     0.00
  1483.43	  -882.30	  -639.65	    -0.28	    19.02	     0.00	     0.00	     0.00	     0.00	     0.00	     0.00
  1504.01	  -858.43	  -647.81	    -0.28	    20.58	    23.87	    -8.17	    -0.00	    25.23	  1225.53	    -0.00
  1523.86	  -858.43	  -647.81	    -0.28	    19.85	     0.00	     0.00	     0.00	     0.00	     0.00	     0.00
  1544.26	  -858.43	  -647.81	    -0.28	    20.39	     0.00	     0.00	     0.00	     0.00	     0.00	     0.00
  1563.73	  -858.43	  -647.81	    -0.28	    19.47	     0.00	     0.00	     0.00	     0.00	     0.00	     0.00
  1584.23	  -858.43	  -647.81	    -0.28	    20.50	     0.00	     0.00	     0.00	     0.00	     0.00	     0.00
  1603.36	  -858.43	  -647.81	    -0.28	    19.13	     0.00	     0.00	     0.00	     0.00	     0.00	     0.00
  1623.70	  -858.43	  -647.81	    -0.28	    20.33	     0.00	     0.00	     0.00	     0.00	     0.00	     0.00
  1648.36	  -835.96	  -654.59	    -0.25	    24.67	    22.46	    -6.78	     0.03	    23.46	   951.12	     1.14
  1668.33	  -835.96	  -654.59	    -0.25	    19.96	     0.00	     0.00	     0.00	     0.00	     0.00	     0.00
  1683.45	  -835.96	  -654.59	    -0.25	    15.12	     0.00	     0.00	     0.00	     0.00	     0.00	     0.00
  1703.78	  -835.96	  -654.59	    -0.25	    20.33	     0.00	     0.00	     0.00	     0.00	     0.00	     0.00
  1725.39	  -828.96	  -655.91	    -0.27	    21.62	     7.01	    -1.32	    -0.02	     7.13	   329.91	    -1.01
  1746.21	  -826.84	  -657.30	    -0.25	    20.82	     2.12	    -1.39	     0.02	     2.54	   121.79	     0.90
  1766.24	  -826.84	  -657.30	    -0.25	    20.03	     0.00	     0.00	     0.00	     0.00	     0.00	     0.00
  1783.62	  -826.84	  -657.30	    -0.25	    17.38	     0.00	     0.00	     0.00	     0.00	     0.00	     0.00
  1803.72	  -826.84	  -657.30	    -0.25	    20.10	     0.00	     0.00	     0.00	     0.00	     0.00	     0.00
  1823.75	  -826.84	  -657.30	    -0.25	    20.03	     0.00	     0.00	     0.00	     0.00	     0.00	     0.00
  1844.29	  -826.84	  -657.30	    -0.25	    20.54	     0.00	     0.00	     0.00	     0.00	     0.00	     0.00
  1863.90	  -826.84	  -657.30	    -0.25	    19.61	     0.00	     0.00	     0.00	     0.00	     0.00	     0.00
  1884.11	  -821.92	  -658.65	    -0.27	    20.22	     4.91	    -1.35	    -0.02	     5.10	   252.10	    -0.93
