     Time	    Pos x	    Pos y	    Angle	Diff Time	Diff Posx	Diff Posy	Diff Angl	Diff Long	Rel Speed	Rel AnSpd	
     0.00	 -1720.45	  -538.67	     0.00	     0.00	     0.00	     0.00	     0.00	     0.00	     0.00	     0.00
    19.95	 -1719.04	  -538.65	     0.00	    19.95	     1.41	     0.02	    -0.00	     1.41	    70.51	    -0.05
    40.17	 -1719.04	  -538.65	     0.00	    20.22	     0.00	     0.00	     0.00	     0.00	     0.00	     0.00
    61.01	 -1717.64	  -538.63	    -0.02	    20.84	     1.41	     0.02	    -0.02	     1.41	    67.50	    -1.03
    81.31	 -1716.23	  -538.61	     0.00	    20.31	     1.41	     0.02	     0.02	     1.41	    69.28	     1.08
   100.16	 -1716.23	  -538.61	     0.05	    18.85	     0.00	     0.00	     0.05	     0.00	     0.00	     2.60
   119.92	 -1714.82	  -538.59	     0.00	    19.76	     1.41	     0.02	    -0.05	     1.41	    71.18	    -2.47
   140.05	 -1713.42	  -538.57	     0.00	    20.13	     1.41	     0.02	    -0.00	     1.41	    69.87	    -0.01
   160.08	 -1726.70	  -544.41	     0.08	    20.03	   -13.28	    -5.84	     0.08	    14.51	  -724.29	     3.95
   181.64	 -1726.70	  -544.41	     0.08	    21.55	     0.00	     0.00	     0.00	     0.00	     0.00	     0.00
   200.00	 -1710.60	  -538.53	     0.00	    18.36	    16.09	     5.88	    -0.08	    17.13	   933.09	    -4.31
   220.71	 -1710.60	  -538.53	     0.00	    20.71	     0.00	     0.00	     0.00	     0.00	     0.00	     0.00
   240.23	 -1710.60	  -538.53	     0.00	    19.52	     0.00	     0.00	     0.00	     0.00	     0.00	     0.00
   260.56	 -1710.60	  -538.53	     0.00	    20.33	     0.00	     0.00	     0.00	     0.00	     0.00	     0.00
   280.11	 -1710.60	  -538.53	     0.00	    19.55	     0.00	     0.00	     0.00	     0.00	     0.00	     0.00
   300.56	 -1702.87	  -538.42	     0.00	    20.45	     7.73	     0.11	     0.00	     7.73	   378.02	     0.01
   320.09	 -1702.17	  -538.41	     0.00	    19.53	     0.70	     0.01	     0.00	     0.70	    36.00	     0.02
   340.92	 -1702.17	  -538.41	     0.00	    20.83	     0.00	     0.00	     0.00	     0.00	     0.00	     0.00
   360.74	 -1700.74	  -539.80	     0.03	    19.82	     1.43	    -1.39	     0.02	     1.99	   100.60	     1.18
   380.34	 -1696.55	  -538.33	     0.00	    19.60	     4.20	     1.47	    -0.02	     4.45	   226.90	    -1.19
   401.27	 -1693.72	  -539.70	     0.00	    20.93	     2.83	    -1.37	     0.00	     3.15	   150.32	     0.00
   421.35	 -1692.33	  -538.27	    -0.02	    20.08	     1.38	     1.43	    -0.02	     1.99	    99.25	    -1.17
   441.56	 -1690.91	  -539.67	     0.03	    20.21	     1.43	    -1.39	     0.05	     1.99	    98.64	     2.29
   462.30	 -1688.10	  -539.63	     0.03	    20.74	     2.81	     0.04	     0.00	     2.81	   135.46	     0.03
   480.38	 -1688.10	  -539.63	     0.03	    18.08	     0.00	     0.00	     0.00	     0.00	     0.00	     0.00
   502.14	 -1685.31	  -538.17	     0.00	    21.76	     2.79	     1.45	    -0.02	     3.14	   144.53	    -1.10
   522.35	 -1682.48	  -539.55	     0.03	    20.21	     2.83	    -1.37	     0.02	     3.15	   155.61	     1.22
   542.29	 -1682.48	  -539.55	     0.03	    19.94	     0.00	     0.00	     0.00	     0.00	     0.00	     0.00
   561.55	 -1682.48	  -539.55	     0.03	    19.26	     0.00	     0.00	     0.00	     0.00	     0.00	     0.00
   580.38	 -1676.86	  -539.47	     0.03	    18.83	     5.62	     0.08	     0.00	     5.62	   298.36	     0.00
   600.90	 -1676.86	  -539.47	     0.03	    20.51	    -0.00	    -0.00	    -0.00	     0.00	    -0.06	    -0.03
   621.83	 -1672.65	  -539.41	     0.03	    20.93	     4.21	     0.06	     0.00	     4.21	   201.21	     0.04
   642.43	 -1671.25	  -539.39	     0.03	    20.60	     1.40	     0.02	    -0.00	     1.40	    68.15	    -0.04
   660.45	 -1671.25	  -539.39	     0.03	    18.02	     0.00	     0.00	     0.00	     0.00	     0.00	     0.00
   680.62	 -1639.88	  -526.93	    -2.21	    20.17	    31.37	    12.46	    -2.24	    33.75	 -1673.22	  -110.96
   701.76	 -1665.63	  -539.31	     0.03	    21.14	   -25.76	   -12.38	     2.24	    28.58	 -1351.73	   105.90
   722.04	 -1662.83	  -539.27	     0.03	    20.28	     2.81	     0.04	    -0.00	     2.81	   138.41	    -0.03
   742.47	 -1660.00	  -540.64	     0.05	    20.42	     2.83	    -1.37	     0.03	     3.14	   153.93	     1.23
   760.40	 -1660.00	  -540.64	     0.05	    17.94	     0.00	     0.00	     0.00	     0.00	     0.00	     0.00
   782.03	 -1657.21	  -539.19	     0.25	    21.63	     2.78	     1.45	     0.20	     3.14	   145.21	     9.23
   801.96	 -1654.41	  -539.15	     0.03	    19.93	     2.81	     0.04	    -0.22	     2.81	   140.82	   -11.25
   821.86	 -1651.60	  -539.11	     0.00	    19.91	     2.81	     0.04	    -0.02	     2.81	   140.94	    -1.21
   842.50	 -1648.78	  -540.48	     0.05	    20.63	     2.83	    -1.37	     0.05	     3.14	   152.30	     2.35
   860.38	 -1648.78	  -540.48	     0.05	    17.88	     0.00	     0.00	     0.00	     0.00	     0.00	     0.00
   882.11	 -1648.78	  -540.48	     0.05	    21.73	     0.00	     0.00	     0.00	     0.00	     0.00	     0.00
   900.27	 -1648.78	  -540.48	     0.05	    18.17	     0.00	     0.00	     0.00	     0.00	     0.00	     0.00
   922.25	 -1640.38	  -538.95	     0.03	    21.98	     8.39	     1.53	    -0.02	     8.53	   388.18	    -1.09
   940.51	 -1640.38	  -538.95	     0.03	    18.26	     0.00	     0.00	     0.00	     0.00	     0.00	     0.00
   960.51	 -1637.58	  -538.91	     0.03	    19.99	     2.80	     0.04	    -0.00	     2.80	   140.25	    -0.03
   980.02	 -1637.58	  -538.91	     0.03	    19.52	     0.00	     0.00	     0.00	     0.00	     0.00	     0.00
  1000.33	 -1637.58	  -538.91	     0.03	    20.31	     0.00	     0.00	     0.00	     0.00	     0.00	     0.00
  1020.31	 -1637.58	  -538.91	     0.03	    19.98	     0.00	     0.00	     0.00	     0.00	     0.00	     0.00
  1040.04	 -1637.58	  -538.91	     0.03	    19.72	     0.00	     0.00	     0.00	     0.00	     0.00	     0.00
  1060.45	 -1627.77	  -538.77	     0.03	    20.41	     9.81	     0.14	    -0.00	     9.81	   480.66	    -0.01
  1081.98	 -1627.77	  -538.77	     0.03	    21.53	     0.00	     0.00	     0.00	     0.00	     0.00	     0.00
  1100.07	 -1627.77	  -538.77	     0.03	    18.08	     0.00	     0.00	     0.00	     0.00	     0.00	     0.00
  1120.41	 -1627.77	  -538.77	     0.03	    20.35	     0.00	     0.00	     0.00	     0.00	     0.00	     0.00
  1140.94	 -1627.77	  -538.77	     0.03	    20.52	     0.00	     0.00	     0.00	     0.00	     0.00	     0.00
  1160.98	 -1627.77	  -538.77	     0.03	    20.04	     0.00	     0.00	     0.00	     0.00	     0.00	     0.00
  1181.87	 -1627.77	  -538.77	     0.03	    20.89	     0.00	     0.00	     0.00	     0.00	     0.00	     0.00
  1209.39	 -1615.16	  -538.59	     0.03	    27.52	    12.61	     0.18	     0.00	    12.61	   458.28	     0.01
  1220.88	 -1615.16	  -538.59	     0.03	    11.49	     0.00	     0.00	     0.00	     0.00	     0.00	     0.00
  1241.15	 -1615.16	  -538.59	     0.03	    20.27	     0.00	     0.00	     0.00	     0.00	     0.00	     0.00
  1263.12	 -1605.33	  -539.87	     0.05	    21.97	     9.83	    -1.27	     0.02	     9.91	   451.02	     1.08
  1283.13	 -1603.96	  -538.44	     0.03	    20.02	     1.38	     1.43	    -0.02	     1.99	    99.29	    -1.19
  1301.71	 -1603.96	  -538.44	     0.03	    18.57	     0.00	     0.00	     0.00	     0.00	     0.00	     0.00
  1321.76	 -1603.96	  -538.44	     0.03	    20.06	     0.00	     0.00	     0.00	     0.00	     0.00	     0.00
  1342.16	 -1598.33	  -539.77	     0.20	    20.40	     5.62	    -1.33	     0.17	     5.78	   283.21	     8.57
  1362.43	 -1594.15	  -538.30	     0.15	    20.27	     4.18	     1.47	    -0.05	     4.43	   218.58	    -2.42
  1383.80	 -1592.76	  -538.28	     0.03	    21.37	     1.40	     0.02	    -0.13	     1.40	    65.44	    -5.91
  1403.65	 -1588.54	  -539.63	     0.05	    19.85	     4.22	    -1.35	     0.03	     4.43	   223.28	     1.32
  1422.95	 -1588.54	  -539.63	     0.05	    19.30	     0.00	     0.00	     0.00	     0.00	     0.00	     0.00
  1443.54	 -1587.16	  -538.20	     0.03	    20.59	     1.38	     1.43	    -0.03	     1.99	    96.49	    -1.27
  1462.57	 -1587.16	  -538.20	     0.03	    19.03	     0.00	     0.00	     0.00	     0.00	     0.00	     0.00
  1483.57	 -1587.16	  -538.20	     0.03	    21.00	     0.00	     0.00	     0.00	     0.00	     0.00	     0.00
  1505.56	 -1578.74	  -539.49	     0.12	    21.99	     8.42	    -1.29	     0.10	     8.52	   387.25	     4.37
  1523.07	 -1578.74	  -539.49	     0.12	    17.51	     0.00	     0.00	     0.00	     0.00	     0.00	     0.00
  1544.06	 -1578.74	  -539.49	     0.12	    21.00	     0.00	     0.00	     0.00	     0.00	     0.00	     0.00
  1562.88	 -1578.74	  -539.49	     0.12	    18.82	     0.00	     0.00	     0.00	     0.00	     0.00	     0.00
  1582.92	 -1578.74	  -539.49	     0.12	    20.04	     0.00	     0.00	     0.00	     0.00	     0.00	     0.00
  1602.65	 -1578.74	  -539.49	     0.12	    19.73	     0.00	     0.00	     0.00	     0.00	     0.00	     0.00
  1622.94	 -1566.15	  -539.31	     0.12	    20.28	    12.59	     0.18	     0.00	    12.59	   620.68	     0.08
  1644.22	 -1563.36	  -539.27	     0.05	    21.28	     2.80	     0.04	    -0.07	     2.80	   131.44	    -3.45
  1663.51	 -1563.36	  -539.27	     0.05	    19.29	     0.00	     0.00	     0.00	     0.00	     0.00	     0.00
  1684.70	 -1557.70	  -543.42	     0.12	    21.19	     5.66	    -4.15	     0.07	     7.02	   331.18	     3.39
  1703.78	 -1557.70	  -543.42	     0.12	    19.08	     0.00	     0.00	     0.00	     0.00	     0.00	     0.00
  1723.86	 -1553.59	  -537.72	     0.03	    20.08	     4.11	     5.70	    -0.10	     7.03	   350.00	    -4.76
  1744.70	 -1520.95	  -525.96	    -2.33	    20.84	    32.65	    11.76	    -2.36	    34.70	 -1665.32	  -113.03
  1764.75	 -1547.98	  -539.05	     0.05	    20.06	   -27.03	   -13.09	     2.38	    30.04	 -1497.65	   118.66
  1784.82	 -1547.98	  -539.05	     0.05	    20.07	     0.00	     0.00	     0.00	     0.00	     0.00	     0.00
  1803.38	 -1547.98	  -539.05	     0.05	    18.56	     0.00	     0.00	     0.00	     0.00	     0.00	     0.00
  1823.65	 -1547.98	  -539.05	     0.05	    20.27	     0.00	     0.00	     0.00	     0.00	     0.00	     0.00
  1845.39	 -1542.39	  -538.97	     0.05	    21.73	     5.59	     0.08	    -0.00	     5.59	   257.23	    -0.04
  1864.13	 -1542.39	  -538.97	     0.05	    18.75	     0.00	     0.00	     0.00	     0.00	     0.00	     0.00
  1883.84	 -1536.80	  -538.89	     0.05	    19.70	     5.59	     0.08	     0.00	     5.59	   283.69	     0.05
  1903.82	 -1550.01	  -543.31	     0.10	    19.98	   -13.21	    -4.42	     0.05	    13.93	  -697.23	     2.32
  1924.70	 -1531.21	  -538.81	     0.05	    20.89	    18.80	     4.50	    -0.05	    19.33	   925.44	    -2.21
  1945.43	 -1531.21	  -538.81	     0.05	    20.72	     0.00	     0.00	     0.00	     0.00	     0.00	     0.00
  1965.81	 -1529.82	  -538.79	     0.05	    20.39	     1.40	     0.02	    -0.00	     1.40	    68.51	    -0.12
  1983.88	 -1525.65	  -537.32	     0.03	    18.06	     4.17	     1.47	    -0.02	     4.42	   244.68	    -1.22
  2004.28	 -1525.65	  -537.32	     0.03	    20.40	     0.00	     0.00	     0.00	     0.00	     0.00	     0.00
  2024.64	 -1525.65	  -537.32	     0.03	    20.36	     0.00	     0.00	     0.00	     0.00	     0.00	     0.00
  2045.46	 -1517.25	  -538.61	     0.03	    20.82	     8.40	    -1.29	    -0.00	     8.50	   408.24	    -0.03
  2065.40	 -1517.25	  -538.61	     0.03	    19.95	     0.00	     0.00	     0.00	     0.00	     0.00	     0.00
  2083.39	 -1517.25	  -538.61	     0.03	    17.98	     0.00	     0.00	     0.00	     0.00	     0.00	     0.00
  2103.85	 -1513.06	  -538.55	     0.03	    20.46	     4.19	     0.06	    -0.00	     4.19	   204.74	    -0.01
  2125.34	 -1513.06	  -538.55	     0.03	    21.50	     0.00	     0.00	     0.00	     0.00	     0.00	     0.00
  2144.42	 -1513.06	  -538.55	     0.03	    19.08	     0.00	     0.00	     0.00	     0.00	     0.00	     0.00
  2163.93	 -1506.08	  -538.45	     0.03	    19.51	     6.98	     0.10	     0.00	     6.98	   357.89	     0.01
  2183.89	 -1503.29	  -538.41	     0.50	    19.96	     2.79	     0.04	     0.47	     2.79	   139.85	    23.77
  2205.28	 -1500.50	  -538.37	     0.05	    21.39	     2.79	     0.04	    -0.45	     2.79	   130.54	   -21.09
  2225.34	 -1497.73	  -536.92	     0.03	    20.07	     2.77	     1.45	    -0.02	     3.13	   155.77	    -1.17
  2245.52	 -1494.91	  -538.29	     0.05	    20.18	     2.81	    -1.37	     0.03	     3.13	   155.07	     1.25
  2263.81	 -1494.91	  -538.29	     0.05	    18.28	     0.00	     0.00	     0.00	     0.00	     0.00	     0.00
  2284.05	 -1506.71	  -542.69	     0.10	    20.24	   -11.80	    -4.40	     0.05	    12.59	  -622.17	     2.36
  2304.12	 -1490.74	  -537.53	     0.04	    20.07	    15.97	     5.16	    -0.06	    16.79	   836.27	    -3.13
  2324.99	 -1486.56	  -536.76	     0.03	    20.87	     4.17	     0.76	    -0.01	     4.24	   203.32	    -0.49
  2345.91	 -1483.77	  -536.72	     0.03	    20.92	     2.79	     0.04	    -0.00	     2.79	   133.42	    -0.04
  2363.94	 -1483.77	  -536.72	     0.03	    18.03	     0.00	     0.00	     0.00	     0.00	     0.00	     0.00
  2383.84	 -1480.96	  -538.10	     0.05	    19.91	     2.81	    -1.37	     0.02	     3.13	   157.16	     1.22
  2404.09	 -1493.45	  -542.50	     0.10	    20.25	   -12.49	    -4.41	     0.05	    13.25	  -654.28	     2.26
  2427.62	 -1475.39	  -537.31	     0.04	    23.53	    18.06	     5.19	    -0.06	    18.79	   798.71	    -2.45
  2447.67	 -1472.62	  -536.57	     0.00	    20.05	     2.78	     0.74	    -0.03	     2.88	   143.45	    -1.73
  2465.68	 -1472.62	  -536.57	     0.00	    18.01	     0.00	     0.00	     0.00	     0.00	     0.00	     0.00
  2485.91	 -1469.83	  -536.53	     0.03	    20.22	     2.79	     0.04	     0.02	     2.79	   137.92	     1.11
  2506.54	 -1467.04	  -536.49	     0.00	    20.63	     2.79	     0.04	    -0.02	     2.79	   135.18	    -1.09
  2526.80	 -1464.25	  -536.45	     0.03	    20.26	     2.79	     0.04	     0.02	     2.79	   137.65	     1.11
  2545.70	 -1464.25	  -536.45	     0.03	    18.89	     0.00	     0.00	     0.00	     0.00	     0.00	     0.00
  2565.22	 -1464.25	  -536.45	     0.03	    19.52	     0.00	     0.00	     0.00	     0.00	     0.00	     0.00
  2585.76	 -1458.67	  -536.37	     0.03	    20.54	     5.58	     0.08	     0.00	     5.58	   271.53	     0.03
  2605.21	 -1458.67	  -536.37	     0.03	    19.45	     0.00	     0.00	     0.00	     0.00	     0.00	     0.00
  2625.75	 -1458.67	  -536.37	     0.03	    20.54	     0.00	     0.00	     0.00	     0.00	     0.00	     0.00
  2646.13	 -1453.10	  -536.29	     0.03	    20.38	     5.58	     0.08	    -0.00	     5.58	   273.68	    -0.03
  2665.66	 -1453.10	  -536.29	     0.03	    19.53	     0.00	     0.00	     0.00	     0.00	     0.00	     0.00
  2686.73	 -1453.10	  -536.29	     0.03	    21.07	     0.00	     0.00	     0.00	     0.00	     0.00	     0.00
  2707.63	 -1441.95	  -536.13	     0.03	    20.90	    11.15	     0.16	     0.00	    11.15	   533.52	     0.05
  2728.97	 -1441.95	  -536.13	     0.03	    21.34	     0.00	     0.00	    -0.00	     0.00	     0.00	    -0.05
  2748.48	 -1441.95	  -536.13	     0.03	    19.51	     0.00	     0.00	     0.00	     0.00	     0.00	     0.00
  2768.13	 -1441.95	  -536.13	     0.03	    19.65	     0.00	     0.00	     0.00	     0.00	     0.00	     0.00
  2788.72	 -1434.96	  -537.44	     0.05	    20.59	     6.99	    -1.31	     0.02	     7.11	   345.38	     1.21
  2809.66	 -1432.12	  -540.22	     0.15	    20.94	     2.83	    -2.78	     0.10	     3.97	   189.48	     4.57
  2829.68	 -1432.12	  -540.22	     0.15	    20.02	     0.00	     0.00	     0.00	     0.00	     0.00	     0.00
  2848.11	 -1432.12	  -540.22	     0.15	    18.42	     0.00	     0.00	     0.00	     0.00	     0.00	     0.00
  2868.09	 -1432.12	  -540.22	     0.15	    19.98	     0.00	     0.00	     0.00	     0.00	     0.00	     0.00
  2888.49	 -1423.74	  -541.51	     0.18	    20.40	     8.38	    -1.29	     0.03	     8.48	   415.65	     1.53
  2909.77	 -1421.01	  -537.94	     0.11	    21.28	     2.73	     3.56	    -0.07	     4.49	   210.93	    -3.15
  2928.57	 -1421.01	  -537.94	     0.11	    18.79	     0.00	     0.00	     0.00	     0.00	     0.00	     0.00
  2948.55	 -1416.89	  -534.36	     0.18	    19.99	     4.12	     3.59	     0.07	     5.46	   273.34	     3.44
  2969.39	 -1414.08	  -535.73	     0.08	    20.84	     2.81	    -1.37	    -0.10	     3.12	   149.91	    -4.96
  2989.61	 -1414.08	  -535.73	     0.08	    20.21	     0.00	     0.00	     0.00	     0.00	     0.00	     0.00
  3010.50	 -1411.30	  -535.69	     0.08	    20.90	     2.79	     0.04	     0.00	     2.79	   133.30	     0.00
  3028.09	 -1411.30	  -535.69	     0.08	    17.59	     0.00	     0.00	     0.00	     0.00	     0.00	     0.00
  3048.51	 -1407.11	  -536.33	     0.09	    20.42	     4.19	    -0.64	     0.01	     4.24	   207.55	     0.52
  3070.17	 -1402.94	  -535.57	     0.07	    21.65	     4.17	     0.76	    -0.01	     4.24	   195.61	    -0.62
  3090.37	 -1400.88	  -534.13	     0.05	    20.20	     2.07	     1.44	    -0.02	     2.52	   124.64	    -1.22
  3110.24	 -1397.37	  -535.49	     0.05	    19.87	     3.50	    -1.36	    -0.00	     3.76	   189.17	    -0.02
  3129.25	 -1397.37	  -535.49	     0.05	    19.02	     0.00	     0.00	     0.00	     0.00	     0.00	     0.00
  3149.32	 -1395.82	  -545.34	     0.20	    20.07	     1.55	    -9.85	     0.15	     9.97	  -496.83	     7.54
  3169.81	 -1391.83	  -534.00	     0.05	    20.49	     4.00	    11.34	    -0.15	    12.02	   586.67	    -7.23
  3192.19	 -1389.02	  -535.37	     0.07	    22.37	     2.81	    -1.37	     0.02	     3.12	   139.58	     0.86
  3212.05	 -1389.02	  -535.37	     0.07	    19.87	     0.00	     0.00	     0.00	     0.00	     0.00	     0.00
  3229.74	 -1386.24	  -535.33	     0.07	    17.69	     2.78	     0.04	     0.00	     2.78	   157.41	     0.15
  3251.46	 -1383.45	  -535.29	     0.07	    21.72	     2.78	     0.04	     0.00	     2.78	   128.18	     0.00
  3271.07	 -1380.67	  -535.25	     0.07	    19.61	     2.78	     0.04	     0.00	     2.78	   141.97	     0.00
  3291.18	 -1380.67	  -535.25	     0.07	    20.11	     0.00	     0.00	     0.00	     0.00	     0.00	     0.00
  3309.31	 -1380.67	  -535.25	     0.07	    18.13	     0.00	     0.00	     0.00	     0.00	     0.00	     0.00
  3329.52	 -1380.67	  -535.25	     0.07	    20.21	     0.00	     0.00	     0.00	     0.00	     0.00	     0.00
  3350.19	 -1375.11	  -534.46	     0.04	    20.67	     5.56	     0.78	    -0.04	     5.61	   271.43	    -1.76
  3369.46	 -1375.11	  -534.46	     0.04	    19.27	     0.00	     0.00	     0.00	     0.00	     0.00	     0.00
  3389.51	 -1375.11	  -534.46	     0.04	    20.05	     0.00	     0.00	     0.00	     0.00	     0.00	     0.00
  3409.29	 -1375.11	  -534.46	     0.04	    19.78	     0.00	     0.00	     0.00	     0.00	     0.00	     0.00
  3429.27	 -1375.11	  -534.46	     0.04	    19.98	     0.00	     0.00	     0.00	     0.00	     0.00	     0.00
  3449.50	 -1375.11	  -534.46	     0.04	    20.24	     0.00	     0.00	     0.00	     0.00	     0.00	     0.00
  3471.07	 -1359.77	  -536.36	     0.07	    21.56	    15.34	    -1.89	     0.03	    15.46	   716.90	     1.57
  3489.25	 -1359.77	  -536.36	     0.07	    18.18	     0.00	     0.00	     0.00	     0.00	     0.00	     0.00
  3509.58	 -1359.77	  -536.36	     0.07	    20.33	     0.00	     0.00	     0.00	     0.00	     0.00	     0.00
  3530.90	 -1352.86	  -533.44	     0.05	    21.32	     6.91	     2.92	    -0.02	     7.50	   351.84	    -0.98
  3549.46	 -1352.86	  -533.44	     0.05	    18.56	     0.00	     0.00	     0.00	     0.00	     0.00	     0.00
  3571.10	 -1347.30	  -533.36	     0.03	    21.64	     5.56	     0.08	    -0.02	     5.57	   257.20	    -1.11
  3589.37	 -1347.30	  -533.36	     0.03	    18.27	     0.00	     0.00	     0.00	     0.00	     0.00	     0.00
  3609.41	 -1347.30	  -533.36	     0.03	    20.04	     0.00	     0.00	     0.00	     0.00	     0.00	     0.00
  3630.58	 -1340.36	  -531.85	     0.03	    21.17	     6.93	     1.51	     0.00	     7.09	   335.16	     0.04
  3650.87	 -1336.88	  -532.50	     0.04	    20.29	     3.49	    -0.65	     0.01	     3.55	   174.99	     0.50
  3670.73	 -1334.78	  -533.18	     0.05	    19.86	     2.10	    -0.67	     0.01	     2.20	   110.95	     0.70
  3689.77	 -1334.78	  -533.18	     0.05	    19.04	     0.00	     0.00	     0.00	     0.00	     0.00	     0.00
  3712.66	 -1330.63	  -531.71	     0.03	    22.89	     4.15	     1.47	    -0.02	     4.40	   192.30	    -1.09
  3732.74	 -1327.85	  -531.67	     0.08	    20.08	     2.78	     0.04	     0.05	     2.78	   138.55	     2.51
  3752.64	 -1325.04	  -533.03	     0.10	    19.90	     2.80	    -1.37	     0.02	     3.12	   156.85	     1.04
  3772.44	 -1325.04	  -533.03	     0.10	    19.80	     0.00	     0.00	     0.00	     0.00	     0.00	     0.00
  3791.16	 -1322.29	  -531.59	     0.05	    18.72	     2.76	     1.45	    -0.05	     3.12	   166.43	    -2.51
  3811.67	 -1319.50	  -531.55	     0.07	    20.51	     2.78	     0.04	     0.02	     2.78	   135.63	     1.15
  3832.59	 -1319.50	  -531.55	     0.07	    20.93	     0.00	     0.00	     0.00	     0.00	     0.00	     0.00
  3850.99	 -1319.50	  -531.55	     0.07	    18.39	     0.00	     0.00	     0.00	     0.00	     0.00	     0.00
  3871.20	 -1313.94	  -531.46	     0.03	    20.21	     5.56	     0.08	    -0.05	     5.56	   275.19	    -2.33
  3892.52	 -1313.94	  -531.46	     0.03	    21.32	     0.00	     0.00	     0.00	     0.00	     0.00	     0.00
  3912.59	 -1313.94	  -531.46	     0.03	    20.07	     0.00	     0.00	     0.00	     0.00	     0.00	     0.00
  3932.61	 -1313.94	  -531.46	     0.03	    20.03	     0.00	     0.00	     0.00	     0.00	     0.00	     0.00
  3955.19	 -1305.60	  -531.34	     0.07	    22.58	     8.34	     0.12	     0.04	     8.34	   369.55	     1.92
  3972.61	 -1305.60	  -531.34	     0.07	    17.42	     0.00	     0.00	     0.00	     0.00	     0.00	     0.00
  3992.77	 -1305.60	  -531.34	     0.07	    20.16	     0.00	     0.00	     0.00	     0.00	     0.00	     0.00
  4013.18	 -1300.04	  -531.26	     0.07	    20.41	     5.56	     0.08	     0.00	     5.56	   272.56	     0.00
  4032.71	 -1300.04	  -531.26	     0.07	    19.53	     0.00	     0.00	     0.00	     0.00	     0.00	     0.00
  4053.87	 -1300.04	  -531.26	     0.07	    21.16	     0.00	     0.00	     0.00	     0.00	     0.00	     0.00
  4072.61	 -1300.04	  -531.26	     0.07	    18.74	     0.00	     0.00	     0.00	     0.00	     0.00	     0.00
  4092.64	 -1300.04	  -531.26	     0.07	    20.03	     0.00	     0.00	     0.00	     0.00	     0.00	     0.00
  4112.97	 -1300.04	  -531.26	     0.07	    20.33	     0.00	     0.00	     0.00	     0.00	     0.00	     0.00
  4134.50	 -1284.69	  -534.57	     0.13	    21.53	    15.35	    -3.30	     0.06	    15.70	   729.19	     2.77
  4154.08	 -1284.69	  -534.57	     0.13	    19.58	     0.00	     0.00	     0.00	     0.00	     0.00	     0.00
  4172.69	 -1284.69	  -534.57	     0.13	    18.61	     0.00	     0.00	     0.00	     0.00	     0.00	     0.00
  4193.08	 -1281.84	  -538.75	     0.19	    20.40	     2.85	    -4.19	     0.06	     5.07	   248.38	     3.12
  4213.24	 -1280.60	  -529.57	     0.05	    20.15	     1.24	     9.18	    -0.14	     9.26	   459.74	    -7.18
  4233.34	 -1280.61	  -528.87	     0.04	    20.10	    -0.01	     0.71	    -0.01	     0.71	    35.09	    -0.51
  4253.35	 -1280.61	  -528.87	     0.04	    20.01	     0.00	     0.00	     0.00	     0.00	     0.00	     0.00
  4274.56	 -1280.60	  -529.57	     0.03	    21.21	     0.01	    -0.70	    -0.01	     0.70	   -33.23	    -0.58
  4294.16	 -1280.60	  -529.57	     0.03	    19.60	     0.00	     0.00	     0.00	     0.00	     0.00	     0.00
  4314.37	 -1280.60	  -529.57	     0.03	    20.21	     0.00	     0.00	     0.00	     0.00	     0.00	     0.00
  4336.25	 -1280.61	  -528.87	     0.01	    21.88	    -0.01	     0.70	    -0.01	     0.70	   -32.21	    -0.52
  4356.28	 -1280.61	  -528.87	     0.01	    20.03	     0.00	     0.00	     0.00	     0.00	     0.00	     0.00
  4376.23	 -1280.58	  -530.98	     0.07	    19.95	     0.03	    -2.11	     0.06	     2.11	  -106.02	     2.82
  4397.95	 -1280.58	  -530.98	     0.07	    21.72	     0.00	     0.00	     0.00	     0.00	     0.00	     0.00
  4418.71	 -1280.58	  -530.98	     0.07	    20.75	     0.00	     0.00	     0.00	     0.00	     0.00	     0.00
  4437.24	 -1280.58	  -530.98	     0.07	    18.53	     0.00	     0.00	     0.00	     0.00	     0.00	     0.00
  4457.47	 -1280.62	  -528.16	     0.03	    20.23	    -0.05	     2.82	    -0.05	     2.82	   139.38	    -2.25
