     Time	    Pos x	    Pos y	    Angle	Diff Time	Diff Posx	Diff Posy	Diff Angl	Diff Long	Rel Speed	Rel AnSpd	
     0.00	  -695.50	  -457.91	     0.27	     0.00	     0.00	     0.00	     0.00	     0.00	     0.00	     0.00
    20.19	 -1319.93	  -548.47	     2.26	    20.19	  -624.44	   -90.57	     1.98	   630.97	-31251.54	    98.32
    39.74	 -1319.93	  -548.47	     2.26	    19.55	     0.00	     0.00	     0.00	     0.00	    -0.00	     0.00
    60.17	 -1317.83	  -549.15	     2.35	    20.43	     2.10	    -0.67	     0.09	     2.20	  -107.81	     4.26
    81.28	 -1317.83	  -549.15	     2.35	    21.11	     0.00	     0.00	     0.00	     0.00	    -0.00	     0.00
   101.94	 -1319.92	  -549.18	     2.41	    20.66	    -2.09	    -0.03	     0.06	     2.09	  -100.98	     2.86
   120.43	 -1319.92	  -549.18	     2.41	    18.50	     0.00	     0.00	     0.00	     0.00	    -0.00	     0.00
   141.08	 -1318.54	  -548.45	     2.43	    20.64	     1.38	     0.73	     0.03	     1.56	   -75.55	     1.37
   161.20	 -1319.24	  -548.46	     2.43	    20.12	    -0.70	    -0.01	    -0.00	     0.70	   -34.61	    -0.05
   181.16	 -1317.14	  -549.14	     2.34	    19.96	     2.10	    -0.67	    -0.09	     2.20	  -110.40	    -4.46
   200.87	 -1317.14	  -549.14	     2.34	    19.71	     0.00	     0.00	     0.00	     0.00	    -0.00	     0.00
   220.92	 -1317.14	  -549.14	     2.34	    20.05	     0.00	     0.00	     0.00	     0.00	    -0.00	     0.00
   241.43	 -1319.91	  -549.88	     2.39	    20.51	    -2.77	    -0.75	     0.05	     2.87	  -139.89	     2.39
   261.94	 -1319.93	  -548.47	     2.42	    20.51	    -0.02	     1.41	     0.02	     1.41	    68.75	     1.07
   281.93	 -1318.51	  -550.57	     2.24	    19.99	     1.42	    -2.09	    -0.17	     2.53	  -126.73	    -8.72
   302.64	 -1318.53	  -549.16	     2.36	    20.71	    -0.02	     1.41	     0.12	     1.41	    68.09	     5.57
   321.29	 -1318.53	  -549.16	     2.36	    18.64	     0.00	     0.00	     0.00	     0.00	    -0.00	     0.00
   341.72	 -1319.93	  -548.47	     2.34	    20.43	    -1.40	     0.68	    -0.02	     1.56	    76.33	    -0.76
   362.14	 -1318.54	  -548.45	     2.39	    20.42	     1.39	     0.02	     0.05	     1.39	   -68.15	     2.59
   382.50	 -1318.52	  -549.86	     2.42	    20.36	     0.02	    -1.41	     0.03	     1.41	   -69.27	     1.23
   401.44	 -1318.52	  -549.86	     2.42	    18.94	     0.00	     0.00	     0.00	     0.00	    -0.00	     0.00
   421.47	 -1349.99	  -539.04	     0.05	    20.03	   -31.47	    10.83	    -2.37	    33.28	 -1661.35	  -118.29
   442.08	 -1349.99	  -539.04	     0.05	    20.61	     0.00	     0.00	     0.00	     0.00	     0.00	     0.00
   461.61	 -1349.99	  -539.04	     0.05	    19.53	     0.00	     0.00	     0.00	     0.00	     0.00	     0.00
   481.30	 -1349.99	  -539.04	     0.05	    19.69	     0.00	     0.00	     0.00	     0.00	     0.00	     0.00
   501.37	 -1347.21	  -539.00	     0.05	    20.07	     2.78	     0.04	    -0.00	     2.78	   138.64	    -0.04
   522.22	 -1340.97	  -537.50	     0.03	    20.85	     6.24	     1.50	    -0.02	     6.41	   307.69	    -1.05
   541.23	 -1340.97	  -537.50	     0.03	    19.01	     0.00	     0.00	     0.00	     0.00	     0.00	     0.00
   561.39	 -1340.97	  -537.50	     0.03	    20.17	     0.00	     0.00	     0.00	     0.00	     0.00	     0.00
   581.10	 -1340.97	  -537.50	     0.03	    19.71	     0.00	     0.00	     0.00	     0.00	     0.00	     0.00
   601.42	 -1340.97	  -537.50	     0.03	    20.31	     0.00	     0.00	     0.00	     0.00	     0.00	     0.00
   621.35	 -1340.97	  -537.50	     0.03	    19.93	     0.00	     0.00	     0.00	     0.00	     0.00	     0.00
   641.94	 -1340.97	  -537.50	     0.03	    20.59	     0.00	     0.00	     0.00	     0.00	     0.00	     0.00
   662.45	 -1306.90	  -537.00	     0.07	    20.51	    34.07	     0.49	     0.04	    34.07	  1661.44	     2.16
   682.35	 -1306.90	  -537.00	     0.07	    19.91	     0.00	     0.00	     0.00	     0.00	     0.00	     0.00
   702.42	 -1297.19	  -535.45	     0.05	    20.07	     9.71	     1.55	    -0.02	     9.83	   489.83	    -1.00
   723.16	 -1288.84	  -536.04	     0.08	    20.74	     8.35	    -0.58	     0.03	     8.37	   403.75	     1.51
   742.86	 -1288.84	  -536.04	     0.08	    19.70	     0.00	     0.00	     0.00	     0.00	     0.00	     0.00
   762.62	 -1288.84	  -536.04	     0.08	    19.76	     0.00	     0.00	     0.00	     0.00	     0.00	     0.00
   782.42	 -1239.06	  -519.80	    -2.36	    19.80	    49.77	    16.23	    -2.44	    52.35	 -2644.48	  -123.14
   802.42	 -1260.95	  -541.27	     0.20	    20.00	   -21.88	   -21.47	     2.56	    30.65	 -1532.71	   127.85
   822.66	 -1251.17	  -543.95	     0.28	    20.25	     9.77	    -2.68	     0.08	    10.13	   500.54	     4.12
   842.96	 -1241.62	  -533.24	     0.09	    20.29	     9.55	    10.71	    -0.19	    14.35	   707.26	    -9.43
   864.07	 -1231.92	  -531.69	     0.10	    21.11	     9.70	     1.55	     0.00	     9.83	   465.47	     0.09
   882.55	 -1231.92	  -531.69	     0.10	    18.48	     0.00	     0.00	     0.00	     0.00	     0.00	     0.00
   902.52	 -1222.18	  -532.25	     0.16	    19.97	     9.74	    -0.56	     0.06	     9.75	   488.44	     3.01
   923.59	 -1211.12	  -528.56	     0.10	    21.08	    11.06	     3.69	    -0.06	    11.65	   552.94	    -2.76
   943.80	 -1201.32	  -533.36	     0.22	    20.21	     9.81	    -4.79	     0.12	    10.92	   540.08	     6.05
   962.45	 -1201.32	  -533.36	     0.22	    18.65	     0.00	     0.00	     0.00	     0.00	     0.00	     0.00
   982.61	 -1188.81	  -533.17	     0.23	    20.16	    12.50	     0.18	     0.01	    12.50	   620.10	     0.72
  1003.69	 -1179.92	  -525.29	     0.07	    21.07	     8.90	     7.88	    -0.16	    11.89	   564.18	    -7.70
  1023.77	 -1166.54	  -535.67	     0.29	    20.08	    13.38	   -10.38	     0.22	    16.93	   843.09	    10.92
  1043.47	 -1166.54	  -535.67	     0.29	    19.70	     0.00	     0.00	     0.00	     0.00	     0.00	     0.00
  1062.10	 -1166.54	  -535.67	     0.29	    18.62	     0.00	     0.00	     0.00	     0.00	     0.00	     0.00
  1082.39	 -1166.54	  -535.67	     0.29	    20.30	     0.00	     0.00	     0.00	     0.00	     0.00	     0.00
  1103.34	 -1133.27	  -530.95	     0.29	    20.95	    33.27	     4.72	     0.00	    33.60	  1603.92	     0.00
  1124.02	 -1133.27	  -530.95	     0.29	    20.68	     0.00	     0.00	     0.00	     0.00	     0.00	     0.00
  1143.31	 -1133.27	  -530.95	     0.29	    19.28	     0.00	     0.00	     0.00	     0.00	     0.00	     0.00
  1163.35	 -1111.07	  -529.22	     0.32	    20.04	    22.20	     1.74	     0.03	    22.27	  1111.24	     1.42
  1183.72	 -1121.57	  -524.44	     0.22	    20.37	   -10.50	     4.78	    -0.10	    11.54	  -566.43	    -5.12
  1204.22	 -1087.59	  -520.41	     0.23	    20.50	    33.98	     4.03	     0.01	    34.21	  1669.02	     0.68
  1224.38	 -1087.59	  -520.41	     0.23	    20.17	     0.00	     0.00	     0.00	     0.00	     0.00	     0.00
  1243.29	 -1087.59	  -520.41	     0.23	    18.91	     0.00	     0.00	     0.00	     0.00	     0.00	     0.00
  1263.74	 -1066.78	  -518.70	     0.25	    20.45	    20.82	     1.72	     0.02	    20.89	  1021.36	     0.86
  1283.78	 -1054.25	  -519.92	     0.31	    20.04	    12.53	    -1.23	     0.07	    12.59	   628.29	     3.29
  1305.63	 -1043.25	  -512.71	     0.22	    21.84	    11.00	     7.22	    -0.10	    13.15	   602.14	    -4.46
  1325.00	 -1033.52	  -512.56	     0.24	    19.38	     9.73	     0.14	     0.02	     9.73	   502.18	     1.11
  1344.08	 -1033.52	  -512.56	     0.24	    19.07	     0.00	     0.00	     0.00	     0.00	     0.00	     0.00
  1364.12	 -1019.59	  -513.77	     0.31	    20.04	    13.93	    -1.20	     0.08	    13.98	   697.43	     3.79
  1384.00	 -1011.37	  -506.59	     0.24	    19.88	     8.22	     7.18	    -0.07	    10.91	   548.81	    -3.57
  1404.11	  -998.91	  -503.58	     0.20	    20.11	    12.46	     3.01	    -0.04	    12.82	   637.56	    -2.20
  1425.68	  -984.95	  -506.19	     0.27	    21.56	    13.96	    -2.61	     0.07	    14.20	   658.53	     3.32
  1444.10	  -984.95	  -506.19	     0.27	    18.42	     0.00	     0.00	     0.00	     0.00	     0.00	     0.00
  1463.96	  -973.88	  -503.21	     0.28	    19.87	    11.08	     2.99	     0.01	    11.47	   577.55	     0.60
  1484.21	  -962.16	  -496.68	     0.19	    20.25	    11.71	     6.53	    -0.09	    13.41	   662.25	    -4.38
  1505.42	  -962.16	  -496.68	     0.19	    21.21	     0.00	     0.00	     0.00	     0.00	     0.00	     0.00
  1524.03	  -951.70	  -497.93	     0.26	    18.62	    10.46	    -1.25	     0.07	    10.54	   565.95	     3.83
  1544.46	  -939.95	  -493.52	     0.17	    20.42	    11.75	     4.41	    -0.10	    12.56	   614.79	    -4.80
  1564.61	  -928.85	  -491.23	     0.21	    20.15	    11.10	     2.29	     0.05	    11.33	   562.33	     2.36
  1584.59	  -916.24	  -495.28	     0.32	    19.98	    12.61	    -4.04	     0.10	    13.24	   662.67	     5.15
  1605.33	  -904.45	  -492.28	     0.32	    20.74	    11.79	     3.00	     0.00	    12.16	   586.48	     0.16
  1624.08	  -904.45	  -492.28	     0.32	    18.75	     0.00	     0.00	     0.00	     0.00	     0.00	     0.00
  1644.66	  -893.44	  -485.05	     0.20	    20.59	    11.02	     7.23	    -0.12	    13.18	   640.09	    -5.92
  1665.12	  -879.43	  -489.07	     0.31	    20.45	    14.01	    -4.02	     0.12	    14.58	   712.70	     5.63
  1685.47	  -869.77	  -483.27	     0.28	    20.35	     9.66	     5.80	    -0.03	    11.26	   553.44	    -1.56
  1705.77	  -858.01	  -478.15	     0.24	    20.31	    11.76	     5.13	    -0.04	    12.83	   631.89	    -2.10
  1724.66	  -858.01	  -478.15	     0.24	    18.89	     0.00	     0.00	     0.00	     0.00	     0.00	     0.00
  1744.77	  -846.89	  -475.85	     0.20	    20.11	    11.12	     2.29	    -0.04	    11.35	   564.55	    -2.12
  1764.73	  -835.06	  -474.26	     0.23	    19.96	    11.83	     1.60	     0.03	    11.94	   598.22	     1.69
  1785.98	  -824.63	  -471.97	     0.21	    21.25	    10.43	     2.28	    -0.02	    10.67	   502.25	    -1.06
  1804.75	  -824.63	  -471.97	     0.21	    18.77	     0.00	     0.00	     0.00	     0.00	     0.00	     0.00
  1825.16	  -811.24	  -478.83	     0.37	    20.41	    13.39	    -6.86	     0.17	    15.04	   736.89	     8.16
  1845.28	  -801.66	  -468.08	     0.22	    20.12	     9.58	    10.75	    -0.15	    14.40	   716.02	    -7.63
  1865.35	  -787.65	  -469.98	     0.37	    20.08	    14.01	    -1.90	     0.15	    14.13	   704.06	     7.35
  1885.78	  -776.46	  -470.51	     0.35	    20.43	    11.19	    -0.53	    -0.02	    11.20	   548.51	    -0.95
  1904.78	  -776.46	  -470.51	     0.35	    19.00	     0.00	     0.00	     0.00	     0.00	     0.00	     0.00
  1924.83	  -764.65	  -466.79	     0.36	    20.06	    11.82	     3.72	     0.01	    12.39	   617.73	     0.38
  1945.51	  -752.82	  -463.07	     0.35	    20.67	    11.82	     3.72	    -0.01	    12.40	   599.61	    -0.35
  1965.72	  -741.73	  -457.23	     0.28	    20.22	    11.09	     5.84	    -0.07	    12.53	   619.80	    -3.64
  1986.22	  -730.56	  -455.64	     0.33	    20.49	    11.17	     1.59	     0.05	    11.28	   550.61	     2.51
  2004.72	  -730.56	  -455.64	     0.33	    18.50	     0.00	     0.00	     0.00	     0.00	     0.00	     0.00
  2024.77	  -719.39	  -454.04	     0.34	    20.05	    11.17	     1.59	     0.01	    11.29	   562.85	     0.74
  2045.72	  -719.39	  -454.04	     0.34	    20.95	     0.00	     0.00	     0.00	     0.00	     0.00	     0.00
  2066.02	  -697.11	  -445.90	     0.30	    20.30	    22.27	     8.15	    -0.04	    23.72	  1168.14	    -1.93
  2084.87	  -697.11	  -445.90	     0.30	    18.85	     0.00	     0.00	     0.00	     0.00	     0.00	     0.00
  2104.90	  -684.50	  -445.69	     0.35	    20.03	    12.62	     0.21	     0.05	    12.62	   629.82	     2.49
  2125.62	  -674.75	  -441.99	     0.30	    20.73	     9.75	     3.70	    -0.05	    10.43	   503.34	    -2.49
  2146.11	  -659.26	  -444.57	     0.41	    20.48	    15.48	    -2.58	     0.11	    15.70	   766.44	     5.50
  2166.54	  -652.42	  -434.54	     0.31	    20.44	     6.84	    10.03	    -0.11	    12.14	   594.13	    -5.21
  2185.29	  -652.42	  -434.54	     0.31	    18.75	     0.00	     0.00	     0.00	     0.00	     0.00	     0.00
  2205.32	  -637.72	  -431.46	     0.29	    20.04	    14.70	     3.08	    -0.02	    15.01	   749.41	    -0.79
  2226.21	  -625.87	  -426.30	     0.26	    20.89	    11.86	     5.16	    -0.03	    12.93	   619.08	    -1.28
  2247.08	  -616.02	  -426.84	     0.33	    20.87	     9.85	    -0.54	     0.06	     9.87	   472.71	     2.99
  2267.68	  -604.83	  -423.11	     0.31	    20.59	    11.19	     3.73	    -0.02	    11.79	   572.82	    -0.87
  2287.03	  -604.83	  -423.11	     0.31	    19.35	     0.00	     0.00	     0.00	     0.00	     0.00	     0.00
  2307.71	  -594.35	  -418.67	     0.28	    20.69	    10.48	     4.43	    -0.03	    11.38	   550.03	    -1.22
  2327.96	  -581.72	  -416.33	     0.29	    20.24	    12.63	     2.34	     0.01	    12.85	   634.76	     0.54
  2347.81	  -581.72	  -416.33	     0.29	    19.86	     0.00	     0.00	     0.00	     0.00	     0.00	     0.00
  2369.52	  -557.08	  -414.49	     0.41	    21.71	    24.64	     1.84	     0.11	    24.70	  1137.92	     5.28
  2386.49	  -557.08	  -414.49	     0.41	    16.96	     0.00	     0.00	     0.00	     0.00	     0.00	     0.00
  2406.59	  -548.06	  -405.81	     0.30	    20.11	     9.02	     8.68	    -0.11	    12.51	   622.18	    -5.38
  2427.72	  -536.02	  -408.44	     0.40	    21.13	    12.04	    -2.63	     0.10	    12.33	   583.46	     4.70
  2447.96	  -524.85	  -401.14	     0.33	    20.24	    11.17	     7.30	    -0.07	    13.34	   659.27	    -3.64
  2466.44	  -524.85	  -401.14	     0.33	    18.48	     0.00	     0.00	     0.00	     0.00	     0.00	     0.00
  2486.53	  -512.16	  -399.50	     0.41	    20.10	    12.69	     1.65	     0.08	    12.80	   636.76	     4.11
  2506.54	  -502.39	  -392.22	     0.32	    20.01	     9.77	     7.28	    -0.09	    12.18	   609.02	    -4.47
  2526.61	  -489.63	  -393.41	     0.41	    20.07	    12.76	    -1.19	     0.09	    12.81	   638.35	     4.45
  2548.22	  -479.85	  -386.13	     0.33	    21.61	     9.78	     7.29	    -0.08	    12.20	   564.44	    -3.48
  2566.54	  -479.85	  -386.13	     0.33	    18.32	     0.00	     0.00	     0.00	     0.00	     0.00	     0.00
  2588.10	  -468.59	  -381.65	     0.31	    21.56	    11.25	     4.47	    -0.02	    12.11	   561.66	    -1.06
  2608.11	  -457.33	  -377.18	     0.29	    20.01	    11.26	     4.47	    -0.02	    12.12	   605.69	    -1.15
  2627.93	  -447.40	  -377.00	     0.35	    19.82	     9.93	     0.18	     0.06	     9.93	   500.79	     3.06
  2648.16	  -434.71	  -372.49	     0.33	    20.22	    12.70	     4.50	    -0.01	    13.47	   666.20	    -0.73
  2666.55	  -434.71	  -372.49	     0.33	    18.39	     0.00	     0.00	     0.00	     0.00	     0.00	     0.00
  2687.35	  -424.79	  -370.88	     0.39	    20.80	     9.91	     1.61	     0.05	    10.04	   482.95	     2.54
  2707.66	  -412.10	  -364.95	     0.36	    20.32	    12.69	     5.93	    -0.03	    14.01	   689.57	    -1.44
  2728.08	  -403.67	  -359.09	     0.29	    20.42	     8.43	     5.86	    -0.07	    10.27	   502.87	    -3.40
  2746.59	  -403.67	  -359.09	     0.29	    18.51	     0.00	     0.00	     0.00	     0.00	     0.00	     0.00
  2766.53	  -390.16	  -358.83	     0.39	    19.93	    13.52	     0.26	     0.10	    13.52	   678.19	     5.17
  2787.25	  -381.00	  -352.95	     0.33	    20.72	     9.16	     5.88	    -0.06	    10.88	   525.18	    -2.76
  2807.73	  -366.80	  -349.82	     0.41	    20.48	    14.20	     3.13	     0.08	    14.54	   709.92	     3.92
  2828.32	  -358.29	  -346.81	     0.36	    20.59	     8.51	     3.02	    -0.06	     9.03	   438.44	    -2.82
  2846.58	  -358.29	  -346.81	     0.36	    18.26	     0.00	     0.00	     0.00	     0.00	     0.00	     0.00
  2867.26	  -345.52	  -342.28	     0.36	    20.69	    12.77	     4.53	     0.01	    13.55	   654.90	     0.38
  2887.07	  -345.52	  -342.28	     0.36	    19.80	     0.00	     0.00	     0.00	     0.00	     0.00	     0.00
  2907.84	  -324.19	  -336.14	     0.40	    20.78	    21.33	     6.13	     0.04	    22.19	  1068.23	     1.72
  2928.28	  -312.85	  -330.20	     0.35	    20.44	    11.34	     5.94	    -0.05	    12.81	   626.43	    -2.48
  2946.69	  -312.85	  -330.20	     0.35	    18.40	     0.00	     0.00	     0.00	     0.00	     0.00	     0.00
  2966.82	  -301.42	  -328.54	     0.40	    20.13	    11.43	     1.66	     0.05	    11.55	   573.60	     2.51
  2988.23	  -301.42	  -328.54	     0.40	    21.42	     0.00	     0.00	     0.00	     0.00	     0.00	     0.00
  3008.86	  -280.85	  -315.97	     0.33	    20.63	    20.57	    12.57	    -0.07	    24.11	  1168.77	    -3.56
  3026.84	  -280.85	  -315.97	     0.33	    17.98	     0.00	     0.00	     0.00	     0.00	     0.00	     0.00
  3046.93	  -267.21	  -316.40	     0.46	    20.08	    13.64	    -0.43	     0.13	    13.65	   679.43	     6.66
  3067.86	  -257.26	  -309.76	     0.38	    20.94	     9.95	     6.64	    -0.08	    11.96	   571.34	    -4.04
  3087.78	  -243.60	  -310.18	     0.46	    19.92	    13.66	    -0.43	     0.09	    13.67	   686.25	     4.51
  3108.05	  -238.70	  -302.21	     0.38	    20.27	     4.91	     7.98	    -0.08	     9.36	   461.92	    -4.16
  3126.78	  -238.70	  -302.21	     0.38	    18.73	     0.00	     0.00	     0.00	     0.00	     0.00	     0.00
  3147.08	  -225.10	  -297.62	     0.39	    20.30	    13.60	     4.59	     0.01	    14.35	   706.92	     0.37
  3167.15	  -214.35	  -293.81	     0.43	    20.07	    10.74	     3.81	     0.04	    11.40	   568.17	     1.93
  3188.62	  -204.35	  -287.86	     0.37	    21.47	    10.00	     5.95	    -0.05	    11.63	   541.87	    -2.54
  3208.65	  -204.35	  -287.86	     0.37	    20.03	     0.00	     0.00	     0.00	     0.00	     0.00	     0.00
  3226.76	  -192.89	  -282.59	     0.34	    18.11	    11.46	     5.27	    -0.03	    12.62	   696.60	    -1.50
  3248.32	  -181.35	  -281.61	     0.39	    21.55	    11.54	     0.97	     0.04	    11.58	   537.26	     1.91
  3268.65	  -169.88	  -275.62	     0.38	    20.33	    11.47	     5.99	    -0.01	    12.94	   636.62	    -0.41
  3288.69	  -157.63	  -272.47	     0.42	    20.04	    12.25	     3.15	     0.04	    12.65	   631.13	     2.19
  3306.90	  -157.63	  -272.47	     0.42	    18.21	     0.00	     0.00	     0.00	     0.00	     0.00	     0.00
  3326.93	  -143.94	  -267.85	     0.41	    20.03	    13.69	     4.62	    -0.01	    14.45	   721.15	    -0.42
  3348.60	  -143.94	  -267.85	     0.41	    21.67	     0.00	     0.00	     0.00	     0.00	     0.00	     0.00
  3368.91	  -124.48	  -260.22	     0.41	    20.31	    19.46	     7.63	    -0.00	    20.91	  1029.21	    -0.05
  3388.88	  -113.63	  -257.10	     0.41	    19.97	    10.85	     3.13	    -0.00	    11.29	   565.25	    -0.23
  3407.31	  -113.63	  -257.10	     0.41	    18.42	     0.00	     0.00	     0.00	     0.00	     0.00	     0.00
  3427.50	  -102.78	  -253.96	     0.46	    20.19	    10.85	     3.13	     0.05	    11.30	   559.56	     2.68
  3448.78	   -93.37	  -250.87	     0.60	    21.28	     9.41	     3.10	     0.14	     9.91	   465.53	     6.62
  3468.63	   -72.57	  -222.25	    -1.58	    19.85	    20.79	    28.61	    -2.18	    35.37	 -1781.63	  -109.83
  3488.65	   -66.79	  -220.67	    -1.50	    20.02	     5.78	     1.59	     0.08	     6.00	  -299.45	     3.96
  3507.68	   -66.79	  -220.67	    -1.50	    19.03	     0.00	     0.00	     0.00	     0.00	     0.00	     0.00
  3527.71	   -62.51	  -214.80	    -1.33	    20.02	     4.28	     5.87	     0.17	     7.26	  -362.65	     8.31
  3547.47	   -62.51	  -214.80	    -1.33	    19.76	     0.00	     0.00	     0.00	     0.00	     0.00	     0.00
  3567.73	   -62.51	  -214.80	    -1.33	    20.26	     0.00	     0.00	     0.00	     0.00	     0.00	     0.00
  3587.47	   -62.51	  -214.80	    -1.33	    19.74	     0.00	     0.00	     0.00	     0.00	     0.00	     0.00
  3607.47	   -62.51	  -214.80	    -1.33	    20.00	     0.00	     0.00	     0.00	     0.00	     0.00	     0.00
  3627.44	   -62.51	  -214.80	    -1.33	    19.97	     0.00	     0.00	     0.00	     0.00	     0.00	     0.00
  3647.45	   -62.51	  -214.80	    -1.33	    20.00	     0.00	     0.00	     0.00	     0.00	     0.00	     0.00
  3668.24	   -62.51	  -214.80	    -1.33	    20.79	     0.00	     0.00	     0.00	     0.00	     0.00	     0.00
  3687.44	   -62.51	  -214.80	    -1.33	    19.20	     0.00	     0.00	     0.00	     0.00	     0.00	     0.00
  3707.46	   -62.51	  -214.80	    -1.33	    20.02	     0.00	     0.00	     0.00	     0.00	     0.00	     0.00
  3727.49	   -62.51	  -214.80	    -1.33	    20.03	     0.00	     0.00	     0.00	     0.00	     0.00	     0.00
  3747.99	   -62.51	  -214.80	    -1.33	    20.50	     0.00	     0.00	     0.00	     0.00	     0.00	     0.00
  3768.68	  -249.72	  -285.98	     3.14	    20.69	  -187.21	   -71.17	     4.47	   200.28	 -9679.47	   215.97
  3787.55	  -249.72	  -285.98	     3.14	    18.87	     0.00	     0.00	     0.00	     0.00	    -0.00	     0.00
  3807.92	  -252.67	  -281.75	     3.08	    20.38	    -2.96	     4.23	    -0.06	     5.16	   253.15	    -2.84
  3828.49	  -252.67	  -281.75	     3.08	    20.57	     0.00	     0.00	     0.00	     0.00	    -0.00	     0.00
  3848.25	  -252.67	  -281.75	     3.08	    19.75	     0.00	     0.00	     0.00	     0.00	    -0.00	     0.00
  3868.25	  -252.67	  -281.75	     3.08	    20.01	     0.00	     0.00	     0.00	     0.00	    -0.00	     0.00
  3888.33	  -252.67	  -281.75	     3.08	    20.08	     0.00	     0.00	     0.00	     0.00	    -0.00	     0.00
  3909.09	  -224.14	  -266.08	     3.12	    20.76	    28.54	    15.67	     0.04	    32.56	 -1568.25	     1.75
  3929.51	  -209.09	  -261.44	     3.14	    20.43	    15.05	     4.64	     0.02	    15.75	  -771.03	     1.19
  3949.57	  -199.01	  -258.34	     3.08	    20.06	    10.07	     3.10	    -0.06	    10.54	  -525.23	    -2.86
  3968.82	  -199.01	  -258.34	     3.08	    19.25	     0.00	     0.00	     0.00	     0.00	    -0.00	     0.00
  3988.55	  -199.01	  -258.34	     3.08	    19.73	     0.00	     0.00	     0.00	     0.00	    -0.00	     0.00
  4008.90	  -199.01	  -258.34	     3.08	    20.35	     0.00	     0.00	     0.00	     0.00	    -0.00	     0.00
  4028.56	  -199.01	  -258.34	     3.08	    19.67	     0.00	     0.00	     0.00	     0.00	    -0.00	     0.00
  4050.78	  -151.64	  -237.15	     3.13	    22.22	    47.37	    21.19	     0.05	    51.90	 -2335.50	     2.09
  4068.96	  -151.64	  -237.15	     3.13	    18.18	     0.00	     0.00	     0.00	     0.00	    -0.00	     0.00
  4090.23	  -150.92	  -235.70	     3.14	    21.27	     0.72	     1.46	     0.01	     1.63	   -76.41	     0.40
  4110.40	  -130.72	  -230.19	    -3.13	    20.17	    20.20	     5.51	    -6.27	    20.94	 -1038.15	  -310.72
  4130.14	  -238.37	  -230.59	     0.05	    19.74	  -107.65	    -0.41	     3.18	   107.65	 -5453.43	   161.04
  4148.85	  -238.37	  -230.59	     0.05	    18.71	     0.00	     0.00	     0.00	     0.00	     0.00	     0.00
  4168.97	  -223.27	  -229.52	     0.07	    20.13	    15.11	     1.07	     0.02	    15.15	   752.51	     0.82
  4190.16	  -109.02	  -223.91	    -3.13	    21.18	   114.25	     5.62	    -3.19	   114.39	 -5399.71	  -150.79
  4210.35	  -102.52	  -220.87	    -3.13	    20.19	     6.50	     3.04	    -0.00	     7.18	  -355.44	    -0.17
  4230.18	  -200.34	  -220.37	     0.09	    19.83	   -97.82	     0.50	     3.22	    97.82	 -4932.82	   162.29
  4248.94	  -200.34	  -220.37	     0.09	    18.76	     0.00	     0.00	     0.00	     0.00	     0.00	     0.00
  4268.89	  -206.12	  -219.80	     0.12	    19.95	    -5.78	     0.58	     0.03	     5.81	  -291.33	     1.43
  4289.33	  -206.12	  -219.80	     0.12	    20.44	     0.00	     0.00	     0.00	     0.00	     0.00	     0.00
  4309.22	  -206.12	  -219.80	     0.12	    19.90	     0.00	     0.00	     0.00	     0.00	     0.00	     0.00
  4328.98	  -206.12	  -219.80	     0.12	    19.76	     0.00	     0.00	     0.00	     0.00	     0.00	     0.00
  4348.76	  -206.12	  -219.80	     0.12	    19.78	     0.00	     0.00	     0.00	     0.00	     0.00	     0.00
  4369.01	  -206.12	  -219.80	     0.12	    20.25	     0.00	     0.00	     0.00	     0.00	     0.00	     0.00
  4389.07	  -206.12	  -219.80	     0.12	    20.07	     0.00	     0.00	     0.00	     0.00	     0.00	     0.00
  4409.99	  -222.65	  -223.06	     0.24	    20.92	   -16.53	    -3.26	     0.12	    16.85	  -805.63	     5.94
  4429.26	  -222.65	  -223.06	     0.24	    19.27	     0.00	     0.00	     0.00	     0.00	     0.00	     0.00
  4448.74	  -222.65	  -223.06	     0.24	    19.47	     0.00	     0.00	     0.00	     0.00	     0.00	     0.00
  4468.79	  -222.65	  -223.06	     0.24	    20.05	     0.00	     0.00	     0.00	     0.00	     0.00	     0.00
  4489.23	  -222.65	  -223.06	     0.24	    20.44	     0.00	     0.00	     0.00	     0.00	     0.00	     0.00
  4526.29	  -122.59	  -190.44	     0.18	    37.05	   100.06	    32.61	    -0.06	   105.25	  2840.33	    -1.50
  4528.75	  -122.59	  -190.44	     0.18	     2.46	     0.00	     0.00	     0.00	     0.00	     0.00	     0.00
  4548.78	  -122.59	  -190.44	     0.18	    20.03	     0.00	     0.00	     0.00	     0.00	     0.00	     0.00
  4568.76	  -122.59	  -190.44	     0.18	    19.98	     0.00	     0.00	     0.00	     0.00	     0.00	     0.00
  4589.06	  -122.59	  -190.44	     0.18	    20.30	     0.00	     0.00	     0.00	     0.00	     0.00	     0.00
  4608.82	  -122.59	  -190.44	     0.18	    19.76	     0.00	     0.00	     0.00	     0.00	     0.00	     0.00
  4628.97	  -122.59	  -190.44	     0.18	    20.15	     0.00	     0.00	     0.00	     0.00	     0.00	     0.00
  4649.54	  -122.59	  -190.44	     0.18	    20.57	     0.00	     0.00	     0.00	     0.00	     0.00	     0.00
  4668.86	  -122.59	  -190.44	     0.18	    19.32	     0.00	     0.00	     0.00	     0.00	     0.00	     0.00
  4688.87	  -122.59	  -190.44	     0.18	    20.01	     0.00	     0.00	     0.00	     0.00	     0.00	     0.00
  4708.83	  -122.59	  -190.44	     0.18	    19.96	     0.00	     0.00	     0.00	     0.00	     0.00	     0.00
  4728.78	  -122.59	  -190.44	     0.18	    19.94	     0.00	     0.00	     0.00	     0.00	     0.00	     0.00
  4748.89	  -122.59	  -190.44	     0.18	    20.12	     0.00	     0.00	     0.00	     0.00	     0.00	     0.00
  4769.03	  -122.59	  -190.44	     0.18	    20.13	     0.00	     0.00	     0.00	     0.00	     0.00	     0.00
  4789.34	  -122.59	  -190.44	     0.18	    20.32	     0.00	     0.00	     0.00	     0.00	     0.00	     0.00
  4808.84	  -122.59	  -190.44	     0.18	    19.50	     0.00	     0.00	     0.00	     0.00	     0.00	     0.00
  4829.05	  -122.59	  -190.44	     0.18	    20.21	     0.00	     0.00	     0.00	     0.00	     0.00	     0.00
  4850.72	  -232.82	  -215.42	     0.49	    21.66	  -110.23	   -24.98	     0.31	   113.03	 -5217.07	    14.26
  4870.62	  -209.79	  -214.86	     0.61	    19.90	    23.03	     0.56	     0.12	    23.04	  1157.31	     5.86
  4890.84	  -207.65	  -214.09	     0.64	    20.22	     2.15	     0.77	     0.03	     2.28	   112.86	     1.29
  4909.68	  -207.65	  -214.09	     0.64	    18.84	     0.00	     0.00	     0.00	     0.00	     0.00	     0.00
  4929.75	  -198.27	  -213.87	     0.70	    20.07	     9.38	     0.22	     0.07	     9.38	   467.32	     3.27
  4950.04	  -184.03	  -199.17	     0.62	    20.29	    14.24	    14.70	    -0.08	    20.46	  1008.56	    -4.00
  4971.17	  -194.96	  -190.83	     0.55	    21.13	   -10.93	     8.34	    -0.07	    13.75	  -650.67	    -3.46
  4989.82	  -194.96	  -190.83	     0.55	    18.65	     0.00	     0.00	     0.00	     0.00	     0.00	     0.00
  5009.83	  -170.41	  -190.93	     0.64	    20.01	    24.56	    -0.10	     0.10	    24.56	  1227.12	     4.83
  5030.65	  -170.50	  -184.47	     0.60	    20.82	    -0.09	     6.47	    -0.05	     6.47	   310.74	    -2.17
  5050.65	  -184.30	  -178.36	     0.52	    20.00	   -13.80	     6.10	    -0.08	    15.09	  -754.28	    -3.92
  5070.61	  -181.45	  -175.42	     0.51	    19.96	     2.85	     2.94	    -0.01	     4.10	   205.41	    -0.53
  5089.75	  -181.45	  -175.42	     0.51	    19.14	     0.00	     0.00	     0.00	     0.00	     0.00	     0.00
  5109.79	  -172.13	  -168.00	     0.54	    20.04	     9.32	     7.42	     0.03	    11.91	   594.45	     1.32
  5130.33	  -185.12	  -168.33	     0.50	    20.54	   -12.99	    -0.33	    -0.04	    12.99	  -632.62	    -1.83
  5151.62	   -98.47	  -140.81	     3.11	    21.29	    86.65	    27.52	     2.62	    90.91	 -4270.99	   122.87
  5170.98	   -98.47	  -140.81	     3.11	    19.36	     0.00	     0.00	     0.00	     0.00	    -0.00	     0.00
  5189.88	  -185.21	  -161.15	     0.44	    18.90	   -86.74	   -20.34	    -2.67	    89.10	 -4713.55	  -141.20
  5210.83	  -175.10	  -160.17	     0.48	    20.95	    10.11	     0.98	     0.04	    10.16	   485.02	     1.78
  5231.68	   -88.81	  -136.89	     3.11	    20.85	    86.29	    23.28	     2.62	    89.37	 -4287.06	   125.91
  5251.70	  -165.08	  -153.44	     0.51	    20.02	   -76.26	   -16.55	    -2.60	    78.04	 -3898.22	  -129.64
  5269.77	  -165.08	  -153.44	     0.51	    18.07	     0.00	     0.00	     0.00	     0.00	     0.00	     0.00
  5290.04	  -173.00	  -153.65	     0.49	    20.27	    -7.93	    -0.21	    -0.02	     7.93	  -391.29	    -0.89
  5310.19	  -173.00	  -153.65	     0.49	    20.15	     0.00	     0.00	     0.00	     0.00	     0.00	     0.00
  5330.89	  -160.81	  -148.29	     0.51	    20.70	    12.19	     5.36	     0.02	    13.32	   643.22	     0.95
  5351.80	  -160.81	  -148.29	     0.51	    20.91	     0.00	     0.00	     0.00	     0.00	     0.00	     0.00
  5369.82	   -88.38	  -132.60	     3.05	    18.02	    72.43	    15.69	     2.54	    74.11	 -4112.25	   141.01
  5390.14	   -81.70	  -127.35	     3.13	    20.32	     6.69	     5.25	     0.08	     8.50	  -418.31	     3.94
  5410.17	   -86.02	  -129.61	     3.10	    20.03	    -4.33	    -2.27	    -0.04	     4.88	  -243.78	    -1.85
  5430.18	   -84.63	  -126.69	     3.11	    20.00	     1.40	     2.92	     0.01	     3.24	  -161.99	     0.45
  5451.78	   -83.17	  -126.65	     3.12	    21.60	     1.46	     0.04	     0.01	     1.46	   -67.60	     0.60
  5470.18	   -83.17	  -126.65	     3.12	    18.41	     0.00	     0.00	     0.00	     0.00	    -0.00	     0.00
  5490.08	   -95.68	  -132.09	     3.05	    19.90	   -12.51	    -5.44	    -0.07	    13.65	  -685.68	    -3.32
  5511.45	   -95.68	  -132.09	     3.05	    21.36	     0.00	     0.00	     0.00	     0.00	    -0.00	     0.00
  5531.62	   -96.39	  -135.73	     3.05	    20.17	    -0.70	    -3.64	    -0.00	     3.71	  -183.87	    -0.23
  5550.09	   -96.39	  -135.73	     3.05	    18.48	     0.00	     0.00	     0.00	     0.00	    -0.00	     0.00
  5570.43	   -87.70	  -130.43	     3.07	    20.34	     8.69	     5.30	     0.03	    10.18	  -500.43	     1.25
  5590.51	   -81.71	  -126.63	     3.10	    20.08	     5.98	     3.80	     0.02	     7.09	  -353.14	     1.20
  5611.43	   -84.06	  -128.88	     3.08	    20.92	    -2.35	    -2.25	    -0.02	     3.25	  -155.56	    -0.93
  5631.86	   -85.53	  -128.92	     3.10	    20.43	    -1.47	    -0.05	     0.02	     1.47	   -71.79	     1.20
  5650.51	   -85.53	  -128.92	     3.10	    18.65	     0.00	     0.00	     0.00	     0.00	    -0.00	     0.00
  5670.82	   -85.53	  -128.92	     3.10	    20.31	     0.00	     0.00	     0.00	     0.00	    -0.00	     0.00
  5692.19	   -86.27	  -127.50	     3.11	    21.37	    -0.74	     1.42	     0.01	     1.60	    75.11	     0.46
  5712.26	   -97.11	  -136.47	     3.01	    20.07	   -10.84	    -8.97	    -0.10	    14.07	  -701.07	    -5.09
  5732.63	   -87.68	  -131.88	     3.06	    20.37	     9.43	     4.60	     0.05	    10.49	  -514.91	     2.48
  5750.20	   -87.68	  -131.88	     3.06	    17.57	     0.00	     0.00	     0.00	     0.00	    -0.00	     0.00
  5771.68	   -89.90	  -127.60	     3.10	    21.48	    -2.22	     4.28	     0.04	     4.82	   224.37	     1.82
  5791.73	   -84.09	  -125.99	     3.10	    20.05	     5.81	     1.60	    -0.00	     6.02	  -300.41	    -0.18
  5811.76	   -84.65	  -125.24	     3.11	    20.03	    -0.56	     0.75	     0.02	     0.94	    46.77	     0.83
  5830.21	   -84.65	  -125.24	     3.11	    18.45	     0.00	     0.00	     0.00	     0.00	    -0.00	     0.00
  5850.37	   -86.09	  -126.02	     3.09	    20.16	    -1.44	    -0.78	    -0.02	     1.63	   -81.00	    -0.95
  5870.37	   -80.97	  -127.30	     3.09	    20.00	     5.12	    -1.29	    -0.00	     5.28	  -263.88	    -0.23
  5890.65	   -84.61	  -126.72	     3.09	    20.27	    -3.64	     0.58	     0.00	     3.68	   181.64	     0.15
  5912.10	   -85.37	  -125.97	     3.10	    21.45	    -0.76	     0.75	     0.01	     1.07	    49.85	     0.39
  5930.43	   -85.37	  -125.97	     3.10	    18.33	     0.00	     0.00	     0.00	     0.00	    -0.00	     0.00
  5951.65	  -100.77	  -133.68	     3.00	    21.22	   -15.41	    -7.71	    -0.10	    17.23	  -811.86	    -4.76
  5971.86	   -92.05	  -131.27	     3.07	    20.20	     8.73	     2.42	     0.07	     9.06	  -448.19	     3.23
  5993.31	  -105.84	  -136.72	     3.03	    21.45	   -13.79	    -5.45	    -0.03	    14.83	  -691.43	    -1.48
  6013.42	   -92.05	  -132.72	     3.06	    20.11	    13.79	     4.00	     0.03	    14.36	  -714.18	     1.47
  6031.80	   -92.05	  -132.72	     3.06	    18.38	     0.00	     0.00	     0.00	     0.00	    -0.00	     0.00
  6052.14	   -86.24	  -130.39	     3.07	    20.34	     5.81	     2.33	     0.01	     6.26	  -307.75	     0.47
  6072.50	   -84.04	  -130.32	     3.07	    20.36	     2.20	     0.07	    -0.01	     2.20	  -107.92	    -0.32
  6092.64	   -84.04	  -130.32	     3.07	    20.14	     0.00	     0.00	     0.00	     0.00	    -0.00	     0.00
  6119.38	   -90.62	  -130.52	     3.07	    26.73	    -6.57	    -0.20	    -0.00	     6.58	  -246.03	    -0.03
  6131.84	   -90.62	  -130.52	     3.07	    12.47	     0.00	     0.00	     0.00	     0.00	    -0.00	     0.00
  6153.53	   -83.33	  -130.31	     3.01	    21.68	     7.29	     0.21	    -0.05	     7.29	  -336.36	    -2.50
  6173.61	   -83.33	  -129.58	     3.05	    20.09	    -0.01	     0.73	     0.04	     0.73	    36.17	     1.97
  6192.88	   -83.33	  -129.58	     3.05	    19.27	     0.00	     0.00	     0.00	     0.00	    -0.00	     0.00
  6211.95	   -86.79	  -126.75	     3.12	    19.07	    -3.46	     2.84	     0.06	     4.48	   234.84	     3.38
  6233.29	   -87.55	  -125.32	     3.11	    21.34	    -0.75	     1.42	    -0.01	     1.61	    75.39	    -0.37
  6253.27	   -83.88	  -127.38	     3.10	    19.97	     3.67	    -2.06	    -0.00	     4.21	  -210.53	    -0.21
  6273.33	   -77.40	  -122.89	     3.14	    20.06	     6.47	     4.49	     0.03	     7.88	  -392.71	     1.62
  6293.77	   -77.40	  -122.89	     3.14	    20.45	     0.00	     0.00	     0.00	     0.00	    -0.00	     0.00
  6311.83	   -85.29	  -128.88	     3.10	    18.06	    -7.89	    -5.99	    -0.03	     9.91	  -548.55	    -1.78
  6333.72	   -85.35	  -126.01	     3.10	    21.89	    -0.06	     2.87	    -0.00	     2.87	   131.15	    -0.09
  6352.75	   -85.35	  -126.01	     3.10	    19.03	     0.00	     0.00	     0.00	     0.00	    -0.00	     0.00
  6374.95	   -87.71	  -128.99	     3.08	    22.20	    -2.36	    -2.98	    -0.02	     3.80	  -171.08	    -0.89
  6392.97	   -86.24	  -130.39	     3.05	    18.02	     1.47	    -1.40	    -0.03	     2.03	  -112.79	    -1.72
  6412.06	   -83.19	  -125.22	     3.08	    19.09	     3.05	     5.17	     0.03	     6.00	  -314.56	     1.74
  6432.33	   -84.64	  -125.95	     3.08	    20.27	    -1.45	    -0.73	    -0.01	     1.62	   -80.17	    -0.35
  6453.06	   -87.69	  -130.42	     2.99	    20.74	    -3.05	    -4.48	    -0.09	     5.42	  -261.22	    -4.27
  6473.24	   -86.80	  -126.02	     3.10	    20.18	     0.88	     4.41	     0.11	     4.49	  -222.69	     5.40
  6491.88	   -86.80	  -126.02	     3.10	    18.64	     0.00	     0.00	     0.00	     0.00	    -0.00	     0.00
  6512.42	   -88.43	  -129.00	     3.06	    20.53	    -1.62	    -2.98	    -0.04	     3.39	  -165.21	    -1.75
  6533.89	   -83.19	  -125.21	     3.11	    21.47	     5.23	     3.78	     0.05	     6.46	  -300.83	     2.22
  6553.82	   -81.73	  -125.16	     3.11	    19.94	     1.46	     0.05	    -0.00	     1.46	   -73.27	    -0.02
  6573.95	   -83.19	  -125.19	     3.11	    20.13	    -1.46	    -0.03	     0.00	     1.46	   -72.55	     0.00
  6592.19	   -83.19	  -125.19	     3.11	    18.23	     0.00	     0.00	     0.00	     0.00	    -0.00	     0.00
  6612.92	   -86.97	  -128.96	     3.08	    20.74	    -3.78	    -3.77	    -0.03	     5.33	  -257.28	    -1.44
  6634.01	   -84.65	  -124.54	     3.11	    21.08	     2.32	     4.42	     0.03	     4.99	  -236.52	     1.39
  6654.07	   -83.94	  -124.48	     3.12	    20.06	     0.71	     0.06	     0.01	     0.72	   -35.69	     0.73
  6674.08	   -82.48	  -124.46	     3.11	    20.02	     1.47	     0.02	    -0.01	     1.47	   -73.27	    -0.55
  6692.18	   -82.48	  -124.46	     3.11	    18.10	     0.00	     0.00	     0.00	     0.00	    -0.00	     0.00
  6713.43	   -83.19	  -125.22	     3.13	    21.25	    -0.72	    -0.76	     0.02	     1.05	   -49.26	     0.80
  6733.98	   -91.31	  -132.70	     3.07	    20.56	    -8.12	    -7.47	    -0.05	    11.04	  -536.96	    -2.65
  6753.97	   -94.24	  -130.61	     3.07	    19.99	    -2.93	     2.09	    -0.01	     3.60	   179.98	    -0.36
  6772.15	   -94.24	  -130.61	     3.07	    18.18	     0.00	     0.00	     0.00	     0.00	    -0.00	     0.00
  6792.81	   -93.51	  -131.31	     3.00	    20.66	     0.73	    -0.70	    -0.06	     1.02	   -49.19	    -3.02
  6812.89	   -86.08	  -126.72	     3.12	    20.08	     7.43	     4.59	     0.11	     8.73	  -435.04	     5.57
  6833.12	   -85.35	  -126.70	     3.07	    20.23	     0.73	     0.02	    -0.05	     0.73	   -35.92	    -2.30
  6853.97	   -85.51	  -128.92	     3.05	    20.85	    -0.16	    -2.21	    -0.02	     2.22	  -106.48	    -0.76
  6872.21	   -85.51	  -128.92	     3.05	    18.24	     0.00	     0.00	     0.00	     0.00	    -0.00	     0.00
  6892.87	   -79.55	  -125.85	     3.10	    20.65	     5.97	     3.07	     0.04	     6.71	  -324.89	     2.05
  6913.31	   -83.91	  -125.95	     3.10	    20.45	    -4.36	    -0.11	     0.01	     4.36	  -213.40	     0.38
  6933.84	   -84.63	  -125.97	     3.12	    20.52	    -0.72	    -0.02	     0.02	     0.72	   -35.11	     0.82
  6954.09	   -83.15	  -127.39	     3.07	    20.25	     1.48	    -1.41	    -0.05	     2.04	  -100.97	    -2.35
  6972.24	   -83.15	  -127.39	     3.07	    18.15	     0.00	     0.00	     0.00	     0.00	    -0.00	     0.00
  6992.71	   -86.23	  -130.39	     3.07	    20.47	    -3.08	    -3.00	    -0.01	     4.30	  -210.17	    -0.35
  7013.56	   -86.23	  -130.39	     3.07	    20.86	     0.00	     0.00	     0.00	     0.00	    -0.00	     0.00
  7033.21	   -84.62	  -125.98	     3.09	    19.65	     1.61	     4.40	     0.02	     4.69	  -238.56	     1.03
  7052.18	   -83.89	  -126.65	     3.10	    18.97	     0.73	    -0.67	     0.01	     0.99	   -52.08	     0.53
  7072.44	   -83.33	  -128.86	     3.08	    20.26	     0.56	    -2.21	    -0.02	     2.28	  -112.43	    -0.77
  7093.07	   -83.33	  -128.86	     3.08	    20.63	     0.00	     0.00	     0.00	     0.00	    -0.00	     0.00
  7114.35	  -205.35	  -116.39	    -0.47	    21.28	  -122.01	    12.47	    -3.55	   122.65	 -5764.38	  -166.97
  7134.04	  -205.35	  -116.39	    -0.47	    19.69	     0.00	     0.00	     0.00	     0.00	     0.00	     0.00
  7152.27	   -97.89	  -131.44	     3.02	    18.23	   107.46	   -15.06	     3.50	   108.51	 -5951.78	   191.75
  7172.26	   -95.69	  -132.83	     3.05	    19.99	     2.20	    -1.38	     0.03	     2.60	  -129.92	     1.27
  7193.54	   -95.69	  -132.83	     3.05	    21.28	     0.00	     0.00	     0.00	     0.00	    -0.00	     0.00
  7213.87	   -96.40	  -133.56	     3.05	    20.33	    -0.71	    -0.73	     0.00	     1.02	   -50.22	     0.23
  7232.20	   -96.40	  -133.56	     3.05	    18.33	     0.00	     0.00	     0.00	     0.00	    -0.00	     0.00
  7252.34	   -88.42	  -130.45	     3.07	    20.14	     7.98	     3.11	     0.01	     8.56	  -425.17	     0.63
  7272.29	   -87.00	  -126.79	     3.10	    19.95	     1.42	     3.65	     0.03	     3.92	  -196.57	     1.60
  7293.68	   -80.23	  -127.33	     3.10	    21.39	     6.77	    -0.53	     0.00	     6.79	  -317.51	     0.13
  7313.77	   -88.44	  -129.01	     3.08	    20.09	    -8.21	    -1.68	    -0.02	     8.38	  -416.99	    -1.04
  7332.34	   -88.44	  -129.01	     3.08	    18.57	     0.00	     0.00	     0.00	     0.00	    -0.00	     0.00
  7352.48	  -100.76	  -135.86	     3.03	    20.14	   -12.32	    -6.85	    -0.05	    14.10	  -700.00	    -2.66
  7372.97	   -92.04	  -133.44	     3.05	    20.50	     8.71	     2.41	     0.02	     9.04	  -441.19	     0.99
  7393.76	  -130.52	  -137.41	     2.97	    20.79	   -38.48	    -3.96	    -0.08	    38.68	 -1860.69	    -3.66
  7413.69	  -107.29	  -136.75	     3.00	    19.93	    23.23	     0.66	     0.03	    23.24	 -1166.07	     1.38
  7432.68	  -107.29	  -136.75	     3.00	    18.99	     0.00	     0.00	     0.00	     0.00	    -0.00	     0.00
  7453.75	   -94.23	  -133.51	     3.04	    21.07	    13.06	     3.24	     0.04	    13.46	  -638.79	     1.81
  7473.89	   -97.12	  -134.30	     3.04	    20.14	    -2.89	    -0.79	     0.00	     3.00	  -148.84	     0.02
  7494.06	   -94.22	  -133.50	     3.05	    20.17	     2.90	     0.80	     0.02	     3.01	  -149.14	     0.75
  7512.94	   -94.22	  -133.50	     3.05	    18.88	     0.00	     0.00	     0.00	     0.00	    -0.00	     0.00
  7532.63	   -94.94	  -134.24	     3.03	    19.69	    -0.72	    -0.74	    -0.02	     1.03	   -52.55	    -0.95
  7552.68	   -87.69	  -129.70	     3.09	    20.05	     7.25	     4.54	     0.05	     8.56	  -426.75	     2.65
  7572.73	   -87.69	  -129.70	     3.09	    20.05	     0.00	     0.00	     0.00	     0.00	    -0.00	     0.00
  7594.92	   -80.97	  -127.33	     3.11	    22.19	     6.72	     2.37	     0.02	     7.13	  -321.26	     0.84
  7612.74	   -80.97	  -127.33	     3.11	    17.82	     0.00	     0.00	     0.00	     0.00	    -0.00	     0.00
  7632.90	   -88.42	  -130.44	     3.09	    20.16	    -7.45	    -3.12	    -0.01	     8.07	  -400.38	    -0.69
  7652.90	   -77.55	  -125.83	     3.13	    20.00	    10.86	     4.62	     0.03	    11.80	  -590.37	     1.71
  7672.94	   -92.05	  -131.99	     3.05	    20.05	   -14.49	    -6.17	    -0.07	    15.75	  -785.70	    -3.62
  7693.13	   -90.58	  -132.67	     3.05	    20.18	     1.47	    -0.68	     0.00	     1.62	   -80.12	     0.04
  7713.03	   -90.58	  -132.67	     3.05	    19.90	     0.00	     0.00	     0.00	     0.00	    -0.00	     0.00
  7732.97	   -89.16	  -129.02	     3.09	    19.94	     1.42	     3.65	     0.04	     3.92	  -196.41	     1.87
  7754.27	   -92.79	  -131.29	     3.08	    21.29	    -3.63	    -2.28	    -0.01	     4.28	  -201.08	    -0.35
  7774.22	   -92.79	  -131.29	     3.08	    19.95	     0.00	     0.00	     0.00	     0.00	    -0.00	     0.00
  7794.18	   -86.26	  -127.50	     3.07	    19.96	     6.52	     3.80	    -0.01	     7.55	  -378.26	    -0.58
  7812.97	   -99.32	  -134.37	     3.02	    18.79	   -13.05	    -6.88	    -0.05	    14.76	  -785.32	    -2.66
  7834.02	   -86.96	  -130.41	     3.07	    21.06	    12.35	     3.97	     0.05	    12.98	  -616.22	     2.18
  7854.11	   -85.51	  -129.65	     3.09	    20.09	     1.45	     0.76	     0.02	     1.64	   -81.62	     1.00
  7873.43	   -85.51	  -129.65	     3.09	    19.32	     0.00	     0.00	     0.00	     0.00	    -0.00	     0.00
  7893.28	   -84.05	  -130.33	     3.08	    19.85	     1.46	    -0.68	    -0.01	     1.61	   -81.22	    -0.25
  7913.04	   -84.58	  -128.16	     3.10	    19.76	    -0.53	     2.16	     0.02	     2.23	   112.73	     0.79
  7933.34	   -83.34	  -128.14	     3.11	    20.30	     1.24	     0.02	     0.01	     1.24	   -61.04	     0.51
  7954.08	   -84.08	  -127.44	     3.09	    20.75	    -0.74	     0.70	    -0.02	     1.02	    48.99	    -0.88
  7974.45	   -85.33	  -127.43	     3.11	    20.36	    -1.25	     0.00	     0.02	     1.25	    61.46	     1.00
  7993.02	   -85.33	  -127.43	     3.11	    18.57	     0.00	     0.00	     0.00	     0.00	    -0.00	     0.00
  8013.11	   -86.97	  -128.95	     3.08	    20.09	    -1.64	    -1.52	    -0.03	     2.23	  -111.15	    -1.45
  8033.07	   -91.35	  -129.09	     3.09	    19.96	    -4.38	    -0.13	     0.01	     4.38	  -219.60	     0.38
  8053.16	   -84.80	  -127.45	     3.09	    20.09	     6.55	     1.63	     0.00	     6.75	  -335.85	     0.11
  8073.13	   -84.80	  -127.45	     3.09	    19.98	     0.00	     0.00	     0.00	     0.00	    -0.00	     0.00
  8093.13	   -88.43	  -130.45	     3.05	    19.99	    -3.62	    -3.00	    -0.04	     4.70	  -235.28	    -1.98
  8113.68	   -88.43	  -130.45	     3.05	    20.55	     0.00	     0.00	     0.00	     0.00	    -0.00	     0.00
  8134.32	   -81.00	  -125.87	     3.10	    20.64	     7.42	     4.59	     0.05	     8.73	  -422.82	     2.51
  8154.70	   -82.44	  -126.63	     3.10	    20.38	    -1.44	    -0.76	    -0.01	     1.63	   -79.82	    -0.28
  8173.09	   -82.44	  -126.63	     3.10	    18.39	     0.00	     0.00	     0.00	     0.00	    -0.00	     0.00
  8193.26	   -82.42	  -128.06	     3.08	    20.17	     0.03	    -1.43	    -0.02	     1.43	   -71.12	    -1.18
  8214.67	   -82.42	  -128.06	     3.08	    21.41	     0.00	     0.00	     0.00	     0.00	    -0.00	     0.00
  8235.43	   -81.67	  -128.80	     3.06	    20.76	     0.75	    -0.74	    -0.02	     1.05	   -50.64	    -0.73
  8255.57	  -172.61	  -129.90	     0.38	    20.14	   -90.95	    -1.10	    -2.68	    90.95	 -4515.87	  -133.14
  8273.74	  -172.61	  -129.90	     0.38	    18.17	     0.00	     0.00	     0.00	     0.00	     0.00	     0.00
  8294.71	   -87.55	  -125.33	     3.10	    20.98	    85.07	     4.57	     2.72	    85.19	 -4061.29	   129.69
  8314.66	  -103.65	  -137.38	     3.00	    19.94	   -16.11	   -12.05	    -0.10	    20.11	 -1008.46	    -4.94
  8335.09	  -103.65	  -137.38	     3.00	    20.43	     0.00	     0.00	     0.00	     0.00	    -0.00	     0.00
  8353.58	   -93.48	  -134.93	     3.03	    18.49	    10.17	     2.45	     0.03	    10.46	  -565.64	     1.88
  8373.83	   -84.79	  -129.63	     3.06	    20.25	     8.69	     5.30	     0.02	    10.18	  -502.67	     1.19
  8393.97	   -84.67	  -124.52	     3.12	    20.14	     0.12	     5.11	     0.07	     5.11	  -253.77	     3.24
  8415.06	   -97.13	  -135.04	     3.00	    21.09	   -12.46	   -10.52	    -0.13	    16.31	  -772.97	    -6.03
  8435.53	   -97.13	  -135.04	     3.00	    20.47	     0.00	     0.00	     0.00	     0.00	    -0.00	     0.00
  8453.59	   -86.96	  -130.41	     3.08	    18.06	    10.16	     4.63	     0.08	    11.17	  -618.39	     4.63
  8474.64	   -86.96	  -130.41	     3.08	    21.05	     0.00	     0.00	     0.00	     0.00	    -0.00	     0.00
  8495.46	   -94.97	  -132.08	     2.97	    20.82	    -8.01	    -1.68	    -0.11	     8.18	  -393.05	    -5.13
  8515.93	   -81.74	  -125.17	     3.11	    20.47	    13.23	     6.92	     0.13	    14.93	  -729.45	     6.56
  8535.97	   -87.71	  -128.98	     3.08	    20.04	    -5.97	    -3.81	    -0.03	     7.08	  -353.50	    -1.30
  8553.77	   -87.71	  -128.98	     3.08	    17.80	     0.00	     0.00	     0.00	     0.00	    -0.00	     0.00
  8574.22	   -87.71	  -128.98	     3.08	    20.46	     0.00	     0.00	     0.00	     0.00	    -0.00	     0.00
  8595.35	   -83.34	  -128.13	     3.10	    21.13	     4.37	     0.85	     0.02	     4.45	  -210.64	     0.83
  8615.54	   -84.79	  -129.62	     3.08	    20.19	    -1.45	    -1.49	    -0.02	     2.08	  -102.83	    -0.94
  8633.64	   -84.79	  -129.62	     3.08	    18.09	     0.00	     0.00	     0.00	     0.00	    -0.00	     0.00
  8653.71	   -85.53	  -128.20	     3.05	    20.08	    -0.74	     1.42	    -0.03	     1.61	    79.98	    -1.29
  8674.88	   -80.97	  -127.32	     3.07	    21.17	     4.56	     0.88	     0.01	     4.64	  -219.40	     0.67
  8695.27	   -78.84	  -123.65	     3.12	    20.39	     2.13	     3.67	     0.05	     4.25	  -208.34	     2.32
  8715.06	   -78.84	  -123.65	     3.12	    19.80	     0.00	     0.00	     0.00	     0.00	    -0.00	     0.00
  8733.98	   -82.41	  -128.08	     3.06	    18.91	    -3.58	    -4.43	    -0.06	     5.70	  -301.11	    -3.22
  8754.58	   -82.41	  -128.08	     3.06	    20.61	     0.00	     0.00	     0.00	     0.00	    -0.00	     0.00
  8775.41	   -88.28	  -124.60	     3.10	    20.82	    -5.87	     3.48	     0.04	     6.82	   327.56	     2.00
  8794.48	   -88.28	  -124.60	     3.10	    19.07	     0.00	     0.00	     0.00	     0.00	    -0.00	     0.00
  8815.97	   -82.46	  -125.88	     3.09	    21.49	     5.82	    -1.28	    -0.00	     5.96	  -277.57	    -0.20
  8833.73	   -82.46	  -125.88	     3.09	    17.77	     0.00	     0.00	     0.00	     0.00	    -0.00	     0.00
  8854.94	   -88.45	  -127.56	     3.11	    21.20	    -6.00	    -1.68	     0.01	     6.23	  -293.67	     0.70
  8874.85	   -81.73	  -125.19	     3.09	    19.91	     6.72	     2.38	    -0.01	     7.13	  -357.95	    -0.63
  8894.66	   -81.73	  -125.19	     3.09	    19.81	     0.00	     0.00	     0.00	     0.00	    -0.00	     0.00
  8913.74	   -84.05	  -130.33	     3.08	    19.08	    -2.32	    -5.14	    -0.01	     5.64	  -295.64	    -0.64
  8933.84	   -97.85	  -135.05	     3.01	    20.10	   -13.80	    -4.72	    -0.08	    14.58	  -725.39	    -3.79
  8954.70	   -92.04	  -131.99	     3.04	    20.87	     5.80	     3.05	     0.03	     6.56	  -314.29	     1.45
  8974.93	   -92.04	  -131.99	     3.04	    20.22	     0.00	     0.00	     0.00	     0.00	    -0.00	     0.00
  8994.78	   -82.42	  -127.38	     3.06	    19.85	     9.62	     4.61	     0.03	    10.67	  -537.46	     1.27
  9014.06	   -83.91	  -125.92	     3.08	    19.29	    -1.49	     1.46	     0.02	     2.08	   108.08	     1.19
  9034.15	   -84.60	  -127.40	     3.10	    20.09	    -0.69	    -1.48	     0.02	     1.63	   -81.35	     0.76
  9054.60	   -86.08	  -126.04	     3.11	    20.45	    -1.48	     1.36	     0.01	     2.01	    98.35	     0.62
  9074.84	   -86.04	  -127.48	     3.08	    20.24	     0.03	    -1.44	    -0.03	     1.44	   -71.38	    -1.39
  9094.58	   -86.04	  -127.48	     3.08	    19.74	     0.00	     0.00	     0.00	     0.00	    -0.00	     0.00
  9114.03	   -85.35	  -126.00	     3.11	    19.45	     0.69	     1.48	     0.02	     1.63	   -83.99	     1.25
  9134.57	   -87.71	  -127.53	     3.07	    20.54	    -2.36	    -1.53	    -0.03	     2.81	  -136.99	    -1.68
  9155.15	   -87.70	  -128.25	     3.07	    20.57	     0.01	    -0.72	    -0.00	     0.72	   -35.00	    -0.06
  9175.11	   -83.32	  -130.31	     3.04	    19.97	     4.38	    -2.05	    -0.03	     4.84	  -242.23	    -1.53
  9194.08	   -83.32	  -130.31	     3.04	    18.96	     0.00	     0.00	     0.00	     0.00	    -0.00	     0.00
  9213.93	  -149.32	  -140.08	     0.52	    19.86	   -66.00	    -9.77	    -2.52	    66.72	 -3359.98	  -126.89
  9234.25	   -85.52	  -128.92	     3.04	    20.32	    63.79	    11.15	     2.52	    64.76	 -3187.00	   124.02
  9254.33	   -83.15	  -127.37	     3.08	    20.08	     2.37	     1.55	     0.03	     2.84	  -141.23	     1.73
  9275.13	   -85.34	  -126.71	     3.10	    20.80	    -2.19	     0.65	     0.02	     2.29	   109.88	     0.93
  9294.05	   -85.34	  -126.71	     3.10	    18.93	     0.00	     0.00	     0.00	     0.00	    -0.00	     0.00
  9314.16	   -83.88	  -127.39	     3.08	    20.10	     1.46	    -0.67	    -0.01	     1.61	   -80.10	    -0.68
  9336.01	   -85.32	  -127.45	     3.09	    21.86	    -1.44	    -0.06	     0.00	     1.44	   -65.95	     0.16
  9355.60	   -85.32	  -127.45	     3.09	    19.58	     0.00	     0.00	     0.00	     0.00	    -0.00	     0.00
  9377.12	   -85.35	  -126.69	     3.06	    21.52	    -0.03	     0.76	    -0.03	     0.76	    35.27	    -1.48
  9394.09	   -85.35	  -126.69	     3.06	    16.97	     0.00	     0.00	     0.00	     0.00	    -0.00	     0.00
  9414.05	   -84.64	  -125.96	     3.10	    19.96	     0.71	     0.73	     0.05	     1.02	   -50.89	     2.28
  9435.15	   -84.64	  -125.96	     3.10	    21.10	     0.00	     0.00	     0.00	     0.00	    -0.00	     0.00
  9457.05	   -81.75	  -125.14	     3.04	    21.90	     2.89	     0.82	    -0.06	     3.01	  -137.26	    -2.77
  9474.15	   -83.91	  -126.64	     3.09	    17.10	    -2.16	    -1.50	     0.05	     2.63	  -153.76	     2.94
  9494.64	   -96.39	  -135.00	     3.02	    20.49	   -12.48	    -8.37	    -0.07	    15.03	  -733.26	    -3.27
  9515.13	   -87.68	  -130.42	     3.06	    20.49	     8.71	     4.58	     0.04	     9.84	  -480.21	     1.81
  9535.18	   -87.68	  -130.42	     3.06	    20.05	     0.00	     0.00	     0.00	     0.00	    -0.00	     0.00
  9555.49	   -91.32	  -130.52	     3.09	    20.31	    -3.64	    -0.10	     0.03	     3.64	  -179.23	     1.45
  9574.10	   -91.32	  -130.52	     3.09	    18.60	     0.00	     0.00	     0.00	     0.00	    -0.00	     0.00
  9594.26	   -87.72	  -128.26	     3.04	    20.16	     3.61	     2.26	    -0.05	     4.25	  -211.01	    -2.45
  9614.57	   -80.29	  -125.11	     3.12	    20.31	     7.43	     3.16	     0.08	     8.07	  -397.64	     3.87
  9634.57	   -86.99	  -127.52	     3.09	    20.00	    -6.71	    -2.41	    -0.03	     7.13	  -356.45	    -1.38
  9655.42	   -95.69	  -132.82	     3.04	    20.85	    -8.69	    -5.31	    -0.06	    10.18	  -488.42	    -2.71
  9674.05	   -95.69	  -132.82	     3.04	    18.63	     0.00	     0.00	     0.00	     0.00	    -0.00	     0.00
  9694.07	   -83.31	  -131.02	     3.07	    20.02	    12.38	     1.80	     0.03	    12.51	  -624.82	     1.72
  9715.49	   -86.27	  -129.69	     3.07	    21.42	    -2.96	     1.34	     0.00	     3.25	   151.66	     0.09
  9735.75	   -92.04	  -131.99	     3.08	    20.25	    -5.78	    -2.30	     0.01	     6.22	  -306.95	     0.36
  9754.15	   -92.04	  -131.99	     3.08	    18.40	     0.00	     0.00	     0.00	     0.00	    -0.00	     0.00
  9774.17	   -94.23	  -132.05	     2.92	    20.02	    -2.19	    -0.06	    -0.16	     2.19	  -109.48	    -7.99
  9795.51	   -81.00	  -125.85	     3.10	    21.33	    13.23	     6.20	     0.18	    14.61	  -684.96	     8.50
  9815.69	   -83.38	  -127.44	     3.09	    20.18	    -2.38	    -1.59	    -0.02	     2.86	  -141.77	    -0.76
  9836.18	   -85.37	  -125.28	     3.11	    20.49	    -1.99	     2.16	     0.02	     2.94	   143.27	     1.17
  9855.61	   -85.37	  -125.28	     3.11	    19.43	     0.00	     0.00	     0.00	     0.00	    -0.00	     0.00
  9876.57	   -85.37	  -125.28	     3.11	    20.96	     0.00	     0.00	     0.00	     0.00	    -0.00	     0.00
  9896.45	   -84.79	  -129.63	     3.08	    19.88	     0.58	    -4.35	    -0.03	     4.38	  -220.52	    -1.45
  9917.72	   -81.70	  -127.35	     3.09	    21.27	     3.09	     2.28	     0.01	     3.84	  -180.66	     0.50
  9937.84	   -84.64	  -125.98	     3.11	    20.12	    -2.94	     1.37	     0.02	     3.24	   161.09	     1.15
  9955.69	   -84.64	  -125.98	     3.11	    17.85	     0.00	     0.00	     0.00	     0.00	    -0.00	     0.00
  9976.35	   -87.71	  -127.53	     3.10	    20.65	    -3.08	    -1.55	    -0.02	     3.45	  -166.87	    -0.85
  9996.91	   -87.71	  -127.53	     3.10	    20.57	     0.00	     0.00	     0.00	     0.00	    -0.00	     0.00
 10017.46	   -90.60	  -130.50	     3.02	    20.55	    -2.88	    -2.97	    -0.07	     4.14	  -201.50	    -3.65
 10035.70	   -90.60	  -130.50	     3.02	    18.24	     0.00	     0.00	     0.00	     0.00	    -0.00	     0.00
 10055.79	   -83.34	  -128.13	     3.08	    20.09	     7.26	     2.37	     0.06	     7.63	  -379.91	     3.04
 10075.86	   -80.95	  -128.03	     3.06	    20.06	     2.39	     0.11	    -0.02	     2.39	  -119.01	    -0.96
 10097.05	   -84.09	  -126.71	     3.10	    21.20	    -3.13	     1.31	     0.03	     3.40	   160.19	     1.61
 10117.30	   -83.14	  -127.39	     3.10	    20.24	     0.94	    -0.67	    -0.00	     1.16	   -57.20	    -0.08
 10135.67	   -83.14	  -127.39	     3.10	    18.37	     0.00	     0.00	     0.00	     0.00	    -0.00	     0.00
 10155.71	   -81.87	  -129.55	     3.06	    20.05	     1.27	    -2.16	    -0.03	     2.50	  -124.87	    -1.68
 10176.39	  -105.84	  -136.72	     3.01	    20.68	   -23.96	    -7.17	    -0.05	    25.01	 -1209.76	    -2.59
 10196.64	   -93.50	  -132.03	     3.08	    20.25	    12.33	     4.68	     0.07	    13.19	  -651.54	     3.42
 10216.41	   -93.50	  -132.03	     3.08	    19.76	     0.00	     0.00	     0.00	     0.00	    -0.00	     0.00
 10235.89	   -85.50	  -131.09	     3.04	    19.48	     8.01	     0.95	    -0.04	     8.06	  -413.89	    -2.02
 10256.10	   -86.80	  -126.01	     3.11	    20.21	    -1.31	     5.08	     0.07	     5.24	   259.32	     3.64
 10276.52	   -81.00	  -125.87	     3.10	    20.42	     5.80	     0.14	    -0.01	     5.80	  -284.17	    -0.41
 10296.66	   -82.39	  -129.50	     3.02	    20.14	    -1.39	    -3.63	    -0.09	     3.88	  -192.91	    -4.40
 10317.67	   -82.39	  -129.50	     3.02	    21.01	     0.00	     0.00	     0.00	     0.00	    -0.00	     0.00
 10336.71	   -80.27	  -126.55	     3.07	    19.05	     2.12	     2.95	     0.06	     3.64	  -190.92	     2.96
 10356.67	   -83.93	  -125.20	     3.12	    19.96	    -3.66	     1.35	     0.05	     3.90	   195.38	     2.61
 10377.39	   -83.93	  -125.20	     3.12	    20.72	     0.00	     0.00	     0.00	     0.00	    -0.00	     0.00
 10398.27	   -84.60	  -127.40	     3.10	    20.88	    -0.68	    -2.20	    -0.02	     2.30	  -110.36	    -1.07
 10420.67	   -79.52	  -127.29	     3.09	    22.40	     5.09	     0.11	    -0.01	     5.09	  -227.26	    -0.32
 10438.24	   -79.52	  -127.29	     3.09	    17.57	     0.00	     0.00	     0.00	     0.00	    -0.00	     0.00
 10458.69	   -82.46	  -125.18	     3.11	    20.45	    -2.94	     2.11	     0.02	     3.62	   177.07	     0.77
 10478.78	   -84.62	  -125.97	     3.11	    20.09	    -2.16	    -0.79	     0.00	     2.30	  -114.62	     0.17
 10499.82	   -78.11	  -123.67	     3.14	    21.04	     6.52	     2.30	     0.03	     6.91	  -328.46	     1.26
 10518.39	   -78.11	  -123.67	     3.14	    18.57	     0.00	     0.00	     0.00	     0.00	    -0.00	     0.00
 10538.92	   -86.03	  -128.90	     3.10	    20.53	    -7.92	    -5.24	    -0.04	     9.50	  -462.63	    -1.79
 10558.80	   -86.03	  -128.90	     3.10	    19.88	     0.00	     0.00	     0.00	     0.00	    -0.00	     0.00
 10579.53	   -85.34	  -126.74	     3.11	    20.73	     0.69	     2.16	     0.00	     2.27	  -109.63	     0.13
 10601.02	   -82.42	  -127.38	     3.10	    21.49	     2.92	    -0.64	    -0.01	     2.99	  -138.96	    -0.52
 10618.32	   -82.42	  -127.38	     3.10	    17.30	     0.00	     0.00	     0.00	     0.00	    -0.00	     0.00
 10638.71	   -83.22	  -123.80	     3.11	    20.39	    -0.79	     3.59	     0.02	     3.67	   180.16	     0.94
 10658.99	   -79.77	  -123.00	     3.12	    20.28	     3.44	     0.79	     0.01	     3.53	  -174.27	     0.49
 10679.66	   -79.77	  -123.00	     3.12	    20.67	     0.00	     0.00	     0.00	     0.00	    -0.00	     0.00
 10700.53	   -89.17	  -127.57	     3.09	    20.87	    -9.40	    -4.57	    -0.04	    10.45	  -500.57	    -1.68
 10718.32	   -84.81	  -127.46	     3.10	    17.79	     4.36	     0.11	     0.01	     4.36	  -245.40	     0.47
 10739.16	   -83.18	  -125.91	     3.10	    20.84	     1.63	     1.55	     0.01	     2.25	  -107.76	     0.30
 10759.28	   -84.62	  -126.67	     3.11	    20.12	    -1.44	    -0.76	     0.01	     1.63	   -81.05	     0.25
 10779.39	   -78.11	  -124.34	     3.11	    20.11	     6.51	     2.33	     0.00	     6.91	  -343.83	     0.18
 10798.39	   -78.11	  -124.34	     3.11	    19.01	     0.00	     0.00	     0.00	     0.00	    -0.00	     0.00
 10818.68	   -83.18	  -125.93	     3.07	    20.28	    -5.07	    -1.59	    -0.04	     5.31	  -261.95	    -2.06
 10839.61	   -86.83	  -124.57	     3.08	    20.93	    -3.65	     1.35	     0.01	     3.89	   186.04	     0.67
 10860.05	   -83.93	  -124.52	     3.09	    20.44	     2.91	     0.05	     0.00	     2.91	  -142.22	     0.08
 10880.88	   -82.43	  -127.32	     3.08	    20.83	     1.50	    -2.80	    -0.01	     3.18	  -152.59	    -0.42
 10898.42	   -82.43	  -127.32	     3.08	    17.54	     0.00	     0.00	     0.00	     0.00	    -0.00	     0.00
 10920.18	   -82.43	  -127.32	     3.08	    21.76	     0.00	     0.00	     0.00	     0.00	    -0.00	     0.00
 10940.00	   -83.89	  -126.64	     3.10	    19.82	    -1.46	     0.68	     0.02	     1.61	    81.42	     0.89
 10962.07	   -86.83	  -125.30	     3.11	    22.07	    -2.93	     1.34	     0.01	     3.22	   146.06	     0.53
 10978.46	   -86.83	  -125.30	     3.11	    16.39	     0.00	     0.00	     0.00	     0.00	    -0.00	     0.00
 10998.51	   -79.55	  -125.84	     3.08	    20.06	     7.28	    -0.54	    -0.03	     7.30	  -363.79	    -1.43
 11018.55	   -84.67	  -123.79	     3.10	    20.04	    -5.12	     2.05	     0.03	     5.52	   275.46	     1.29
 11038.74	   -81.00	  -125.87	     3.11	    20.19	     3.67	    -2.08	     0.01	     4.22	  -208.99	     0.28
 11060.08	   -81.00	  -125.87	     3.11	    21.34	     0.00	     0.00	     0.00	     0.00	    -0.00	     0.00
 11078.41	   -82.42	  -128.05	     3.08	    18.33	    -1.41	    -2.18	    -0.03	     2.60	  -141.66	    -1.51
 11098.98	   -79.54	  -125.83	     3.10	    20.57	     2.88	     2.22	     0.02	     3.64	  -176.75	     1.06
 11119.29	   -80.92	  -129.49	     3.03	    20.31	    -1.39	    -3.67	    -0.07	     3.92	  -193.08	    -3.49
 11139.36	   -86.86	  -123.83	     3.12	    20.06	    -5.94	     5.67	     0.09	     8.21	   409.12	     4.56
 11159.46	   -78.20	  -117.89	    -3.12	    20.10	     8.67	     5.94	    -6.25	    10.51	  -522.95	  -310.95
 11178.45	   -78.20	  -117.89	    -3.12	    19.00	     0.00	     0.00	     0.00	     0.00	    -0.00	     0.00
 11199.92	   -93.50	  -132.03	     3.05	    21.46	   -15.30	   -14.14	     6.18	    20.84	  -970.81	   287.77
 11220.05	   -84.04	  -130.32	     3.07	    20.14	     9.46	     1.71	     0.02	     9.62	  -477.51	     0.81
 11241.44	   -75.90	  -124.33	     3.11	    21.39	     8.13	     5.99	     0.04	    10.10	  -472.31	     1.97
 11261.33	   -75.90	  -124.33	     3.11	    19.89	     0.00	     0.00	     0.00	     0.00	    -0.00	     0.00
 11280.10	   -79.49	  -128.03	     3.11	    18.77	    -3.59	    -3.70	    -0.00	     5.16	  -274.74	    -0.17
 11300.01	   -82.45	  -125.90	     3.10	    19.91	    -2.96	     2.13	    -0.00	     3.64	   182.98	    -0.24
 11320.06	   -96.42	  -132.12	     3.06	    20.05	   -13.97	    -6.22	    -0.04	    15.29	  -762.69	    -2.04
 11341.28	   -99.31	  -135.09	     3.03	    21.22	    -2.89	    -2.97	    -0.04	     4.15	  -195.36	    -1.66
 11360.05	   -99.31	  -135.09	     3.03	    18.77	     0.00	     0.00	     0.00	     0.00	    -0.00	     0.00
 11380.55	   -87.67	  -132.59	     3.07	    20.50	    11.64	     2.50	     0.04	    11.90	  -580.61	     1.95
 11400.32	   -97.12	  -135.03	     3.01	    19.77	    -9.45	    -2.44	    -0.05	     9.76	  -493.79	    -2.69
 11420.94	   -85.55	  -126.76	     3.09	    20.62	    11.58	     8.27	     0.08	    14.23	  -690.19	     3.90
 11441.10	   -91.33	  -132.71	     3.07	    20.16	    -5.78	    -5.95	    -0.02	     8.30	  -411.57	    -0.98
 11460.20	   -91.33	  -132.71	     3.07	    19.11	     0.00	     0.00	     0.00	     0.00	    -0.00	     0.00
 11480.09	   -84.09	  -128.18	     3.07	    19.89	     7.23	     4.53	    -0.01	     8.54	  -429.19	    -0.42
 11501.33	   -82.41	  -128.10	     3.10	    21.24	     1.68	     0.08	     0.03	     1.68	   -79.14	     1.60
 11522.21	   -80.99	  -126.60	     3.09	    20.88	     1.42	     1.50	    -0.01	     2.07	   -98.93	    -0.31
 11541.49	   -85.34	  -126.68	     3.07	    19.28	    -4.35	    -0.08	    -0.03	     4.35	  -225.59	    -1.45
 11560.90	   -85.34	  -126.68	     3.07	    19.41	     0.00	     0.00	     0.00	     0.00	    -0.00	     0.00
 11581.14	   -82.44	  -125.91	     3.10	    20.24	     2.90	     0.77	     0.04	     3.00	  -148.14	     1.76
 11601.37	   -87.56	  -125.32	     3.11	    20.23	    -5.11	     0.59	     0.01	     5.15	   254.52	     0.31
 11621.38	   -82.39	  -128.82	     2.99	    20.01	     5.17	    -3.50	    -0.12	     6.24	  -311.89	    -5.91
 11642.83	   -82.39	  -128.82	     2.99	    21.46	     0.00	     0.00	     0.00	     0.00	    -0.00	     0.00
 11661.08	   -79.53	  -126.55	     3.08	    18.25	     2.87	     2.26	     0.09	     3.65	  -200.14	     5.03
 11681.29	   -83.35	  -127.42	     3.07	    20.21	    -3.82	    -0.86	    -0.01	     3.92	  -193.98	    -0.48
 11701.43	   -78.85	  -124.37	     3.12	    20.14	     4.50	     3.05	     0.04	     5.44	  -270.08	     2.19
 11722.96	   -86.21	  -132.55	     3.05	    21.54	    -7.37	    -8.18	    -0.06	    11.01	  -511.34	    -3.01
 11741.19	   -86.21	  -132.55	     3.05	    18.23	     0.00	     0.00	     0.00	     0.00	    -0.00	     0.00
 11762.41	   -90.57	  -134.12	     3.02	    21.22	    -4.35	    -1.56	    -0.03	     4.62	  -217.84	    -1.38
 11782.38	   -82.43	  -126.65	     3.11	    19.97	     8.13	     7.46	     0.08	    11.04	  -552.76	     4.25
 11802.57	   -86.83	  -125.30	     3.13	    20.19	    -4.40	     1.36	     0.02	     4.60	   228.00	     1.11
 11822.86	   -86.04	  -127.46	     3.10	    20.29	     0.79	    -2.16	    -0.03	     2.30	  -113.32	    -1.24
 11841.10	   -86.04	  -127.46	     3.10	    18.24	     0.00	     0.00	     0.00	     0.00	    -0.00	     0.00
 11861.34	   -81.89	  -128.83	     3.04	    20.24	     4.16	    -1.37	    -0.06	     4.38	  -216.33	    -3.08
 11882.60	   -81.89	  -128.83	     3.04	    21.25	     0.00	     0.00	     0.00	     0.00	    -0.00	     0.00
 11902.77	   -81.71	  -126.61	     3.09	    20.17	     0.18	     2.22	     0.05	     2.22	  -110.19	     2.59
 11921.29	   -81.71	  -126.61	     3.09	    18.52	     0.00	     0.00	     0.00	     0.00	    -0.00	     0.00
 11941.20	   -86.97	  -129.68	     3.07	    19.91	    -5.26	    -3.07	    -0.02	     6.09	  -305.82	    -1.14
 11962.29	   -86.06	  -127.46	     3.11	    21.09	     0.91	     2.22	     0.04	     2.40	  -113.71	     1.81
 11983.05	   -83.17	  -126.62	     3.11	    20.76	     2.88	     0.84	    -0.00	     3.00	  -144.66	    -0.05
 12002.88	   -81.70	  -127.33	     3.10	    19.83	     1.48	    -0.71	    -0.00	     1.64	   -82.61	    -0.24
 12021.25	   -81.70	  -127.33	     3.10	    18.37	     0.00	     0.00	     0.00	     0.00	    -0.00	     0.00
 12041.42	   -86.06	  -127.44	     3.09	    20.17	    -4.36	    -0.11	    -0.01	     4.36	  -216.28	    -0.46
 12062.42	   -85.35	  -125.99	     3.09	    21.00	     0.71	     1.45	    -0.01	     1.61	   -76.83	    -0.38
 12082.46	   -78.81	  -125.82	     3.11	    20.04	     6.54	     0.17	     0.03	     6.54	  -326.54	     1.43
 12102.96	   -82.40	  -128.11	     3.05	    20.49	    -3.59	    -2.29	    -0.06	     4.26	  -207.95	    -3.08
 12121.15	   -82.40	  -128.11	     3.05	    18.19	     0.00	     0.00	     0.00	     0.00	    -0.00	     0.00
 12142.45	   -85.35	  -126.00	     3.07	    21.30	    -2.95	     2.11	     0.02	     3.63	   170.22	     0.78
 12162.51	   -83.89	  -126.67	     3.09	    20.05	     1.46	    -0.67	     0.03	     1.61	   -80.29	     1.34
 12183.63	   -83.89	  -126.67	     3.09	    21.12	     0.00	     0.00	     0.00	     0.00	    -0.00	     0.00
 12204.11	   -85.53	  -127.48	     3.11	    20.48	    -1.65	    -0.81	     0.02	     1.83	   -89.51	     0.93
 12222.55	   -85.53	  -127.48	     3.11	    18.44	     0.00	     0.00	     0.00	     0.00	    -0.00	     0.00
 12243.86	   -92.05	  -133.45	     3.04	    21.31	    -6.51	    -5.97	    -0.08	     8.84	  -414.62	    -3.61
 12263.37	   -92.05	  -133.45	     3.04	    19.52	     0.00	     0.00	     0.00	     0.00	    -0.00	     0.00
 12285.27	   -84.81	  -126.73	     3.06	    21.89	     7.23	     6.71	     0.03	     9.87	  -450.83	     1.27
 12302.40	   -84.81	  -126.73	     3.06	    17.13	     0.00	     0.00	     0.00	     0.00	    -0.00	     0.00
 12323.71	   -84.81	  -126.73	     3.06	    21.31	     0.00	     0.00	     0.00	     0.00	    -0.00	     0.00
 12344.34	   -86.85	  -123.87	     3.10	    20.63	    -2.04	     2.86	     0.03	     3.51	   170.18	     1.53
 12363.81	   -86.85	  -123.87	     3.10	    19.47	     0.00	     0.00	     0.00	     0.00	    -0.00	     0.00
 12384.50	   -89.89	  -129.04	     3.08	    20.69	    -3.04	    -5.17	    -0.02	     6.00	  -289.79	    -0.74
 12402.58	   -89.89	  -129.04	     3.08	    18.07	     0.00	     0.00	     0.00	     0.00	    -0.00	     0.00
 12422.71	   -85.52	  -128.92	     3.07	    20.13	     4.37	     0.12	    -0.01	     4.37	  -217.09	    -0.50
 12443.33	   -85.35	  -125.97	     3.10	    20.62	     0.17	     2.95	     0.03	     2.95	  -143.24	     1.59
 12463.56	   -85.35	  -125.97	     3.10	    20.23	     0.00	     0.00	     0.00	     0.00	    -0.00	     0.00
 12485.27	   -86.06	  -127.44	     3.08	    21.71	    -0.71	    -1.47	    -0.03	     1.63	   -74.97	    -1.17
 12502.66	   -83.89	  -126.64	     3.07	    17.39	     2.16	     0.80	    -0.00	     2.30	  -132.57	    -0.21
 12524.31	   -83.89	  -126.64	     3.07	    21.65	     0.00	     0.00	     0.00	     0.00	    -0.00	     0.00
 12544.43	   -85.30	  -128.89	     3.07	    20.12	    -1.40	    -2.25	    -0.01	     2.65	  -131.91	    -0.28
 12563.91	   -85.30	  -128.89	     3.07	    19.48	     0.00	     0.00	     0.00	     0.00	    -0.00	     0.00
 12582.57	   -79.54	  -125.82	     3.09	    18.66	     5.76	     3.07	     0.02	     6.52	  -349.70	     1.32
 12603.30	   -80.96	  -128.05	     3.08	    20.74	    -1.42	    -2.22	    -0.02	     2.64	  -127.19	    -0.83
 12624.14	   -86.78	  -127.48	     3.09	    20.83	    -5.82	     0.57	     0.02	     5.85	   280.82	     0.74
 12644.50	   -83.91	  -125.94	     3.12	    20.36	     2.87	     1.54	     0.03	     3.26	  -160.04	     1.62
 12664.91	   -83.91	  -125.94	     3.12	    20.41	     0.00	     0.00	     0.00	     0.00	    -0.00	     0.00
 12682.82	   -85.35	  -126.02	     3.11	    17.91	    -1.44	    -0.07	    -0.01	     1.44	   -80.50	    -0.69
 12702.78	   -80.96	  -128.06	     3.09	    19.95	     4.39	    -2.04	    -0.02	     4.84	  -242.68	    -1.05
 12724.48	   -79.52	  -127.29	     3.12	    21.71	     1.44	     0.77	     0.02	     1.64	   -75.49	     1.15
 12744.54	   -86.26	  -127.49	     3.11	    20.06	    -6.74	    -0.20	    -0.00	     6.75	  -336.41	    -0.13
 12764.52	   -80.99	  -126.62	     3.12	    19.98	     5.27	     0.87	     0.01	     5.34	  -267.27	     0.32
 12782.79	   -80.99	  -126.62	     3.12	    18.27	     0.00	     0.00	     0.00	     0.00	    -0.00	     0.00
 12804.13	   -81.70	  -127.34	     3.07	    21.34	    -0.71	    -0.72	    -0.05	     1.01	   -47.23	    -2.20
 12824.24	   -85.33	  -127.41	     3.10	    20.11	    -3.63	    -0.07	     0.02	     3.63	  -180.78	     1.15
 12844.80	   -86.14	  -123.09	     3.13	    20.56	    -0.81	     4.32	     0.04	     4.39	   213.60	     1.71
 12863.05	   -86.14	  -123.09	     3.13	    18.25	     0.00	     0.00	     0.00	     0.00	    -0.00	     0.00
 12882.81	   -82.42	  -127.34	     3.09	    19.76	     3.72	    -4.25	    -0.04	     5.64	  -285.69	    -2.12
 12903.64	   -83.18	  -125.91	     3.07	    20.83	    -0.76	     1.43	    -0.02	     1.62	    77.84	    -0.99
 12923.19	   -83.18	  -125.91	     3.07	    19.56	     0.00	     0.00	     0.00	     0.00	    -0.00	     0.00
 12944.51	   -86.97	  -128.96	     3.06	    21.32	    -3.79	    -3.05	    -0.01	     4.86	  -228.20	    -0.44
