     Time	    Pos x	    Pos y	    Angle	Diff Time	Diff Posx	Diff Posy	Diff Angl	Diff Long	Rel Speed	Rel AnSpd	
     0.00	 -1347.18	  -540.41	     0.07	     0.00	     0.00	     0.00	     0.00	     0.00	     0.00	     0.00
    19.99	 -1345.81	  -538.98	     0.00	    19.99	     1.37	     1.43	    -0.07	     1.98	    99.03	    -3.38
    40.32	 -1345.81	  -538.98	     0.00	    20.33	     0.00	     0.00	     0.00	     0.00	     0.00	     0.00
    58.29	 -1345.81	  -538.98	     0.00	    17.97	     0.00	     0.00	     0.00	     0.00	     0.00	     0.00
    78.57	 -1345.81	  -538.98	     0.00	    20.28	     0.00	     0.00	     0.00	     0.00	     0.00	     0.00
    99.74	 -1341.64	  -538.91	    -0.02	    21.17	     4.17	     0.06	    -0.02	     4.17	   197.18	    -1.06
   119.26	 -1341.64	  -538.91	    -0.02	    19.52	     0.00	     0.00	     0.00	     0.00	     0.00	     0.00
   138.79	 -1336.06	  -540.24	     0.03	    19.53	     5.59	    -1.33	     0.05	     5.74	   293.96	     2.31
   158.29	 -1336.06	  -540.24	     0.03	    19.50	     0.00	     0.00	     0.00	     0.00	     0.00	     0.00
   178.85	 -1336.06	  -540.24	     0.03	    20.56	     0.00	     0.00	     0.00	     0.00	     0.00	     0.00
   204.39	 -1324.94	  -539.38	     0.01	    25.54	    11.11	     0.87	    -0.01	    11.15	   436.53	    -0.44
   226.34	 -1324.94	  -539.38	     0.01	    21.95	     0.00	     0.00	     0.00	     0.00	     0.00	     0.00
   246.97	 -1313.83	  -538.51	     0.00	    20.63	    11.11	     0.87	    -0.01	    11.15	   540.40	    -0.57
   264.39	 -1313.83	  -538.51	     0.00	    17.43	     0.00	     0.00	     0.00	     0.00	     0.00	     0.00
   285.38	 -1313.83	  -538.51	     0.00	    20.99	     0.00	     0.00	     0.00	     0.00	     0.00	     0.00
   304.27	 -1313.83	  -538.51	     0.00	    18.88	     0.00	     0.00	     0.00	     0.00	     0.00	     0.00
   335.02	 -1299.90	  -539.72	     0.05	    30.75	    13.93	    -1.21	     0.05	    13.98	   454.54	     1.53
   344.60	 -1299.90	  -539.72	     0.05	     9.58	     0.00	     0.00	     0.00	     0.00	     0.00	     0.00
   363.98	 -1299.90	  -539.72	     0.05	    19.39	     0.00	     0.00	     0.00	     0.00	     0.00	     0.00
   384.01	 -1299.90	  -539.72	     0.05	    20.03	     0.00	     0.00	     0.00	     0.00	     0.00	     0.00
   405.17	 -1283.22	  -539.48	     0.03	    21.16	    16.68	     0.24	    -0.02	    16.68	   788.36	    -1.14
   426.16	 -1274.90	  -537.95	     0.00	    20.99	     8.32	     1.53	    -0.02	     8.46	   402.91	    -1.09
   445.26	 -1274.90	  -537.95	     0.00	    19.09	     0.00	     0.00	     0.00	     0.00	     0.00	     0.00
   465.18	 -1269.32	  -539.28	     0.05	    19.92	     5.58	    -1.33	     0.05	     5.74	   288.01	     2.31
   484.76	 -1269.32	  -539.28	     0.05	    19.58	     0.00	     0.00	     0.00	     0.00	     0.00	     0.00
   504.99	 -1269.32	  -539.28	     0.05	    20.23	     0.00	     0.00	     0.00	     0.00	     0.00	     0.00
   525.49	 -1271.36	  -542.13	     0.06	    20.51	    -2.04	    -2.85	     0.01	     3.50	  -170.80	     0.58
   544.82	 -1271.36	  -542.13	     0.06	    19.33	     0.00	     0.00	     0.00	     0.00	     0.00	     0.00
   564.84	 -1271.36	  -542.13	     0.06	    20.02	     0.00	     0.00	     0.00	     0.00	     0.00	     0.00
   586.47	 -1263.02	  -542.01	     0.06	    21.63	     8.34	     0.12	    -0.00	     8.34	   385.47	    -0.15
   606.70	 -1230.41	  -538.72	     0.07	    20.23	    32.61	     3.29	     0.02	    32.77	  1620.23	     0.77
   627.52	 -1224.85	  -538.64	     0.07	    20.82	     5.56	     0.08	    -0.00	     5.56	   266.97	    -0.24
   645.22	 -1224.85	  -538.64	     0.07	    17.71	     0.00	     0.00	     0.00	     0.00	     0.00	     0.00
   665.51	 -1215.05	  -543.43	     0.16	    20.29	     9.81	    -4.79	     0.09	    10.92	   538.15	     4.44
   685.54	 -1208.21	  -536.98	     0.05	    20.03	     6.84	     6.44	    -0.11	     9.40	   469.09	    -5.46
   706.90	 -1208.21	  -536.98	     0.05	    21.36	     0.00	     0.00	     0.00	     0.00	     0.00	     0.00
   724.83	 -1208.21	  -536.98	     0.05	    17.93	     0.00	     0.00	     0.00	     0.00	     0.00	     0.00
   744.86	 -1208.21	  -536.98	     0.05	    20.03	     0.00	     0.00	     0.00	     0.00	     0.00	     0.00
   765.77	 -1208.21	  -536.98	     0.05	    20.91	     0.00	     0.00	     0.00	     0.00	     0.00	     0.00
   785.76	 -1208.21	  -536.98	     0.05	    19.98	     0.00	     0.00	     0.00	     0.00	     0.00	     0.00
   805.79	 -1208.21	  -536.98	     0.05	    20.03	     0.00	     0.00	     0.00	     0.00	     0.00	     0.00
   826.23	 -1187.97	  -542.33	     0.10	    20.44	    20.24	    -5.35	     0.05	    20.93	  1024.33	     2.26
   846.19	 -1163.74	  -537.04	     0.04	    19.97	    24.23	     5.29	    -0.06	    24.80	  1241.83	    -2.91
   866.99	 -1156.67	  -543.99	     0.17	    20.79	     7.07	    -6.95	     0.14	     9.91	   476.55	     6.62
   888.07	 -1148.39	  -541.05	     0.13	    21.08	     8.29	     2.94	    -0.05	     8.79	   417.16	    -2.27
   908.56	 -1140.83	  -536.00	     0.05	    20.49	     7.56	     5.05	    -0.08	     9.09	   443.38	    -3.81
   926.14	 -1140.83	  -536.00	     0.05	    17.58	     0.00	     0.00	     0.00	     0.00	     0.00	     0.00
   946.13	 -1133.18	  -536.60	     0.06	    19.99	     7.65	    -0.59	     0.01	     7.68	   384.01	     0.65
   966.29	 -1126.22	  -537.20	     0.07	    20.16	     6.96	    -0.60	     0.01	     6.98	   346.38	     0.39
   986.61	 -1117.78	  -543.42	     0.20	    20.32	     8.44	    -6.22	     0.13	    10.49	   516.23	     6.27
  1006.23	 -1117.78	  -543.42	     0.20	    19.62	     0.00	     0.00	     0.00	     0.00	     0.00	     0.00
  1025.82	 -1117.78	  -543.42	     0.20	    19.58	     0.00	     0.00	     0.00	     0.00	     0.00	     0.00
  1045.75	 -1117.78	  -543.42	     0.20	    19.93	     0.00	     0.00	     0.00	     0.00	     0.00	     0.00
  1066.06	 -1117.78	  -543.42	     0.20	    20.31	     0.00	     0.00	     0.00	     0.00	     0.00	     0.00
  1088.46	 -1085.98	  -533.79	     0.07	    22.40	    31.80	     9.63	    -0.12	    33.23	  1483.10	    -5.52
  1106.25	 -1085.98	  -533.79	     0.07	    17.78	     0.00	     0.00	     0.00	     0.00	     0.00	     0.00
  1126.72	 -1078.90	  -541.45	     0.19	    20.48	     7.08	    -7.65	     0.12	    10.43	   509.29	     5.84
  1146.98	 -1070.69	  -533.57	     0.07	    20.26	     8.20	     7.88	    -0.12	    11.37	   561.41	    -6.03
  1166.88	 -1070.69	  -533.57	     0.07	    19.89	     0.00	     0.00	     0.00	     0.00	     0.00	     0.00
  1186.22	 -1070.69	  -533.57	     0.07	    19.35	     0.00	     0.00	     0.00	     0.00	     0.00	     0.00
  1206.28	 -1070.69	  -533.57	     0.07	    20.06	     0.00	     0.00	     0.00	     0.00	     0.00	     0.00
  1226.69	 -1070.69	  -533.57	     0.07	    20.41	     0.00	     0.00	     0.00	     0.00	     0.00	     0.00
  1246.50	 -1070.69	  -533.57	     0.07	    19.81	     0.00	     0.00	     0.00	     0.00	     0.00	     0.00
  1269.93	 -1029.03	  -530.84	     0.09	    23.43	    41.66	     2.73	     0.02	    41.75	  1781.50	     0.69
  1286.54	 -1029.03	  -530.84	     0.09	    16.61	     0.00	     0.00	     0.00	     0.00	     0.00	     0.00
  1307.26	 -1021.93	  -539.20	     0.21	    20.71	     7.10	    -8.36	     0.12	    10.97	   529.59	     5.97
  1328.59	 -1015.08	  -533.46	     0.13	    21.33	     6.85	     5.75	    -0.08	     8.94	   419.22	    -3.81
  1347.94	 -1015.08	  -533.46	     0.13	    19.35	     0.00	     0.00	     0.00	     0.00	     0.00	     0.00
  1368.23	 -1015.08	  -533.46	     0.13	    20.29	     0.00	     0.00	     0.00	     0.00	     0.00	     0.00
  1388.42	  -998.32	  -537.44	     0.20	    20.19	    16.76	    -3.99	     0.07	    17.23	   853.49	     3.35
  1407.93	  -998.32	  -537.44	     0.20	    19.52	     0.00	     0.00	     0.00	     0.00	     0.00	     0.00
  1428.32	  -998.32	  -537.44	     0.20	    20.39	     0.00	     0.00	     0.00	     0.00	     0.00	     0.00
  1449.98	  -983.09	  -532.99	     0.15	    21.66	    15.23	     4.46	    -0.05	    15.86	   732.59	    -2.35
  1469.50	  -983.09	  -532.99	     0.15	    19.53	     0.00	     0.00	     0.00	     0.00	     0.00	     0.00
  1489.83	  -965.69	  -533.43	     0.18	    20.33	    17.40	    -0.45	     0.03	    17.41	   856.42	     1.68
  1509.92	  -965.69	  -533.43	     0.18	    20.09	     0.00	     0.00	     0.00	     0.00	     0.00	     0.00
  1529.86	  -965.69	  -533.43	     0.18	    19.94	     0.00	     0.00	     0.00	     0.00	     0.00	     0.00
  1550.93	  -949.72	  -531.08	     0.20	    21.07	    15.97	     2.35	     0.02	    16.14	   765.80	     0.79
  1570.39	  -949.72	  -531.08	     0.20	    19.46	     0.00	     0.00	     0.00	     0.00	     0.00	     0.00
  1589.82	  -933.04	  -529.42	     0.15	    19.42	    16.68	     1.66	    -0.05	    16.76	   862.87	    -2.62
  1609.38	  -933.04	  -529.42	     0.15	    19.56	     0.00	     0.00	     0.00	     0.00	     0.00	     0.00
  1630.65	  -933.04	  -529.42	     0.15	    21.27	     0.00	     0.00	     0.00	     0.00	     0.00	     0.00
  1651.98	  -908.08	  -523.40	     0.08	    21.33	    24.97	     6.02	    -0.06	    25.68	  1204.03	    -2.93
  1671.34	  -908.08	  -523.40	     0.08	    19.36	     0.00	     0.00	     0.00	     0.00	     0.00	     0.00
  1689.82	  -899.58	  -531.05	     0.23	    18.48	     8.50	    -7.64	     0.15	    11.43	   618.50	     7.93
  1711.13	  -891.20	  -532.34	     0.25	    21.31	     8.39	    -1.29	     0.02	     8.48	   398.04	     0.79
  1730.98	  -882.90	  -528.68	     0.23	    19.85	     8.30	     3.66	    -0.02	     9.07	   456.85	    -0.93
  1751.36	  -876.77	  -520.82	     0.14	    20.37	     6.13	     7.86	    -0.09	     9.97	   489.41	    -4.38
  1769.93	  -876.77	  -520.82	     0.14	    18.57	     0.00	     0.00	     0.00	     0.00	     0.00	     0.00
  1790.07	  -876.77	  -520.82	     0.14	    20.14	     0.00	     0.00	     0.00	     0.00	     0.00	     0.00
  1809.60	  -876.77	  -520.82	     0.14	    19.53	     0.00	     0.00	     0.00	     0.00	     0.00	     0.00
  1830.94	  -860.72	  -521.29	     0.13	    21.34	    16.05	    -0.47	    -0.01	    16.05	   752.13	    -0.59
  1849.55	  -860.72	  -521.29	     0.13	    18.61	     0.00	     0.00	     0.00	     0.00	     0.00	     0.00
  1869.83	  -843.96	  -522.45	     0.17	    20.28	    16.76	    -1.16	     0.04	    16.80	   828.45	     2.18
  1891.73	  -843.96	  -522.45	     0.17	    21.90	     0.00	     0.00	     0.00	     0.00	     0.00	     0.00
  1911.13	  -843.96	  -522.45	     0.17	    19.40	     0.00	     0.00	     0.00	     0.00	     0.00	     0.00
  1931.29	  -826.58	  -518.66	     0.14	    20.16	    17.38	     3.79	    -0.03	    17.79	   882.48	    -1.57
  1949.44	  -826.58	  -518.66	     0.14	    18.16	     0.00	     0.00	     0.00	     0.00	     0.00	     0.00
  1969.87	  -809.21	  -514.15	     0.10	    20.43	    17.37	     4.50	    -0.04	    17.95	   878.57	    -2.07
  1990.22	  -802.15	  -518.29	     0.18	    20.35	     7.06	    -4.14	     0.08	     8.18	   402.08	     4.17
  2011.25	  -793.83	  -514.63	     0.13	    21.03	     8.32	     3.66	    -0.05	     9.09	   432.09	    -2.38
  2031.33	  -786.85	  -514.52	     0.15	    20.08	     6.99	     0.11	     0.02	     6.99	   347.90	     0.85
  2049.87	  -786.85	  -514.52	     0.15	    18.54	     0.00	     0.00	     0.00	     0.00	     0.00	     0.00
  2071.57	  -777.01	  -517.20	     0.20	    21.70	     9.83	    -2.68	     0.05	    10.19	   469.62	     2.39
  2091.36	  -777.01	  -517.20	     0.20	    19.79	     0.00	     0.00	     0.00	     0.00	     0.00	     0.00
  2111.78	  -760.26	  -515.54	     0.22	    20.42	    16.75	     1.67	     0.02	    16.83	   824.29	     1.11
  2131.69	  -718.21	  -517.72	     2.95	    19.91	    42.05	    -2.19	     2.73	    42.11	 -2115.02	   137.14
  2149.94	  -718.21	  -517.72	     2.95	    18.25	     0.00	     0.00	     0.00	     0.00	    -0.00	     0.00
  2169.94	  -718.21	  -517.72	     2.95	    20.00	     0.00	     0.00	     0.00	     0.00	    -0.00	     0.00
  2190.01	  -718.21	  -517.72	     2.95	    20.06	     0.00	     0.00	     0.00	     0.00	    -0.00	     0.00
  2211.77	  -728.04	  -517.17	     0.27	    21.76	    -9.83	     0.55	    -2.68	     9.85	  -452.43	  -123.19
  2230.40	  -728.04	  -517.17	     0.27	    18.63	     0.00	     0.00	     0.00	     0.00	     0.00	     0.00
  2250.58	  -720.56	  -505.02	     0.16	    20.18	     7.48	    12.15	    -0.12	    14.26	   706.92	    -5.77
  2272.35	  -712.86	  -504.91	     0.15	    21.78	     7.70	     0.12	    -0.01	     7.70	   353.75	    -0.36
  2292.15	  -703.06	  -504.05	     0.14	    19.80	     9.79	     0.86	    -0.01	     9.83	   496.59	    -0.27
  2312.51	  -696.04	  -504.65	     0.15	    20.36	     7.02	    -0.60	     0.01	     7.05	   346.06	     0.26
  2330.41	  -696.04	  -504.65	     0.15	    17.89	     0.00	     0.00	     0.00	     0.00	     0.00	     0.00
  2350.51	  -684.70	  -511.56	     0.33	    20.10	    11.35	    -6.91	     0.18	    13.28	   660.79	     8.76
  2371.88	  -679.23	  -503.68	     0.18	    21.37	     5.47	     7.87	    -0.14	     9.59	   448.52	    -6.70
  2392.01	  -670.84	  -502.14	     0.20	    20.13	     8.39	     1.55	     0.02	     8.53	   423.86	     0.79
  2412.10	  -661.00	  -502.69	     0.22	    20.09	     9.84	    -0.56	     0.02	     9.85	   490.48	     1.05
  2430.56	  -661.00	  -502.69	     0.22	    18.46	     0.00	     0.00	     0.00	     0.00	     0.00	     0.00
  2450.50	  -653.33	  -499.74	     0.18	    19.93	     7.67	     2.95	    -0.04	     8.22	   412.25	    -1.95
  2472.16	  -645.64	  -498.20	     0.17	    21.67	     7.70	     1.54	    -0.01	     7.85	   362.29	    -0.42
  2492.33	  -608.59	  -485.57	    -1.21	    20.17	    37.05	    12.63	    -1.38	    39.14	  1940.59	   -68.55
  2510.44	  -608.59	  -485.57	    -1.21	    18.11	     0.00	     0.00	     0.00	     0.00	     0.00	     0.00
  2530.52	  -628.78	  -497.94	     0.22	    20.08	   -20.19	   -12.37	     1.43	    23.68	 -1179.08	    71.23
  2550.53	  -619.65	  -497.09	     0.23	    20.00	     9.13	     0.85	     0.01	     9.17	   458.18	     0.67
  2570.50	  -611.95	  -494.84	     0.18	    19.97	     7.69	     2.25	    -0.05	     8.02	   401.36	    -2.71
  2592.07	  -604.99	  -491.19	     0.14	    21.57	     6.97	     3.65	    -0.04	     7.87	   364.80	    -1.73
  2610.61	  -604.99	  -491.19	     0.14	    18.54	     0.00	     0.00	     0.00	     0.00	     0.00	     0.00
  2630.52	  -596.54	  -491.06	     0.19	    19.91	     8.44	     0.13	     0.04	     8.45	   424.09	     2.25
  2650.68	  -588.11	  -490.22	     0.22	    20.16	     8.43	     0.84	     0.03	     8.48	   420.36	     1.65
  2671.55	  -580.40	  -487.97	     0.19	    20.87	     7.71	     2.25	    -0.03	     8.03	   384.61	    -1.31
  2692.06	  -570.50	  -489.94	     0.22	    20.51	     9.90	    -1.97	     0.03	    10.10	   492.40	     1.44
  2710.54	  -570.50	  -489.94	     0.22	    18.48	     0.00	     0.00	     0.00	     0.00	     0.00	     0.00
  2731.02	  -563.53	  -485.57	     0.18	    20.48	     6.97	     4.37	    -0.04	     8.22	   401.65	    -2.00
  2751.52	  -554.38	  -484.72	     0.19	    20.50	     9.15	     0.85	     0.01	     9.19	   448.36	     0.27
  2771.96	  -517.87	  -472.06	    -1.21	    20.44	    36.50	    12.66	    -1.39	    38.64	  1890.62	   -68.07
  2790.74	  -517.87	  -472.06	    -1.21	    18.78	     0.00	     0.00	     0.00	     0.00	     0.00	     0.00
  2810.54	  -537.46	  -483.74	     0.21	    19.81	   -19.58	   -11.68	     1.41	    22.80	 -1151.31	    71.21
  2830.55	  -529.59	  -489.29	     0.31	    20.01	     7.87	    -5.56	     0.11	     9.63	   481.48	     5.45
  2850.98	  -529.59	  -489.29	     0.31	    20.43	     0.00	     0.00	     0.00	     0.00	     0.00	     0.00
  2873.46	  -522.00	  -479.23	     0.21	    22.48	     7.58	    10.06	    -0.10	    12.60	   560.51	    -4.65
  2890.20	  -522.00	  -479.23	     0.21	    16.74	     0.00	     0.00	     0.00	     0.00	     0.00	     0.00
  2910.38	  -522.00	  -479.23	     0.21	    20.18	     0.00	     0.00	     0.00	     0.00	     0.00	     0.00
  2931.15	  -497.34	  -474.57	     0.15	    20.77	    24.66	     4.66	    -0.06	    25.10	  1208.10	    -2.84
  2951.29	  -489.56	  -474.44	     0.20	    20.14	     7.78	     0.13	     0.05	     7.78	   386.42	     2.49
  2972.04	  -481.10	  -472.88	     0.20	    20.75	     8.47	     1.56	    -0.00	     8.61	   414.95	    -0.20
  2990.60	  -481.10	  -472.88	     0.20	    18.55	     0.00	     0.00	     0.00	     0.00	     0.00	     0.00
  3011.00	  -472.56	  -474.88	     0.24	    20.41	     8.54	    -1.99	     0.04	     8.77	   429.56	     2.09
  3032.55	  -464.07	  -474.03	     0.27	    21.55	     8.49	     0.85	     0.03	     8.53	   395.82	     1.57
  3052.35	  -455.57	  -473.89	     0.30	    19.80	     8.51	     0.14	     0.02	     8.51	   429.69	     1.12
  3070.64	  -455.57	  -473.89	     0.30	    18.29	     0.00	     0.00	     0.00	     0.00	     0.00	     0.00
  3091.77	  -455.57	  -473.89	     0.30	    21.13	     0.00	     0.00	     0.00	     0.00	     0.00	     0.00
  3112.08	  -440.83	  -465.11	     0.18	    20.31	    14.73	     8.78	    -0.11	    17.15	   844.49	    -5.49
  3132.27	  -433.01	  -465.69	     0.24	    20.19	     7.82	    -0.58	     0.06	     7.84	   388.29	     2.75
  3152.83	  -425.24	  -463.43	     0.20	    20.56	     7.77	     2.26	    -0.04	     8.09	   393.68	    -1.77
  3170.62	  -425.24	  -463.43	     0.20	    17.79	     0.00	     0.00	     0.00	     0.00	     0.00	     0.00
  3191.23	  -416.01	  -463.28	     0.26	    20.61	     9.23	     0.15	     0.06	     9.24	   448.10	     2.86
  3211.55	  -408.95	  -460.31	     0.20	    20.32	     7.06	     2.96	    -0.06	     7.65	   376.69	    -3.01
  3231.89	  -399.68	  -461.58	     0.25	    20.34	     9.27	    -1.27	     0.05	     9.36	   459.86	     2.32
  3252.34	  -391.93	  -457.18	     0.20	    20.44	     7.75	     4.40	    -0.05	     8.91	   435.86	    -2.30
  3270.67	  -391.93	  -457.18	     0.20	    18.33	     0.00	     0.00	     0.00	     0.00	     0.00	     0.00
  3291.64	  -383.31	  -461.31	     0.33	    20.98	     8.62	    -4.13	     0.13	     9.56	   455.64	     6.21
  3311.56	  -376.27	  -456.91	     0.24	    19.92	     7.04	     4.39	    -0.09	     8.30	   416.73	    -4.56
  3331.43	  -366.22	  -461.02	     0.37	    19.87	    10.06	    -4.11	     0.13	    10.86	   546.72	     6.40
  3350.74	  -366.22	  -461.02	     0.37	    19.32	     0.00	     0.00	     0.00	     0.00	     0.00	     0.00
  3370.75	  -359.19	  -455.20	     0.27	    20.01	     7.02	     5.82	    -0.09	     9.12	   455.88	    -4.72
  3391.28	  -352.14	  -450.80	     0.25	    20.53	     7.05	     4.40	    -0.02	     8.31	   404.88	    -1.09
  3412.49	  -342.12	  -452.06	     0.28	    21.21	    10.02	    -1.26	     0.03	    10.10	   475.98	     1.33
  3432.61	  -335.06	  -447.66	     0.25	    20.12	     7.06	     4.40	    -0.03	     8.32	   413.48	    -1.67
  3450.87	  -335.06	  -447.66	     0.25	    18.26	     0.00	     0.00	     0.00	     0.00	     0.00	     0.00
  3471.30	  -325.03	  -448.91	     0.29	    20.43	    10.03	    -1.25	     0.04	    10.11	   494.61	     1.94
  3492.14	  -325.03	  -448.91	     0.29	    20.84	     0.00	     0.00	     0.00	     0.00	     0.00	     0.00
  3513.05	  -310.12	  -442.95	     0.29	    20.90	    14.91	     5.97	     0.00	    16.06	   768.29	     0.16
  3533.06	  -303.76	  -438.55	     0.20	    20.02	     6.36	     4.39	    -0.09	     7.73	   386.23	    -4.37
  3551.44	  -303.76	  -438.55	     0.20	    18.38	     0.00	     0.00	     0.00	     0.00	     0.00	     0.00
  3571.45	  -293.70	  -440.52	     0.30	    20.01	    10.06	    -1.97	     0.10	    10.25	   512.40	     4.78
  3592.06	  -293.70	  -440.52	     0.30	    20.60	     0.00	     0.00	     0.00	     0.00	     0.00	     0.00
  3613.01	  -279.46	  -435.27	     0.25	    20.96	    14.24	     5.25	    -0.05	    15.18	   724.16	    -2.20
  3631.33	  -279.46	  -435.27	     0.25	    18.32	     0.00	     0.00	     0.00	     0.00	     0.00	     0.00
  3651.36	  -270.11	  -436.53	     0.29	    20.03	     9.35	    -1.26	     0.04	     9.43	   471.03	     1.88
  3671.97	  -261.52	  -434.96	     0.30	    20.60	     8.59	     1.58	     0.01	     8.73	   423.73	     0.48
  3691.99	  -261.52	  -434.96	     0.30	    20.03	     0.00	     0.00	     0.00	     0.00	     0.00	     0.00
  3711.58	  -261.52	  -434.96	     0.30	    19.58	     0.00	     0.00	     0.00	     0.00	     0.00	     0.00
  3731.18	  -245.88	  -426.10	     0.21	    19.60	    15.64	     8.86	    -0.09	    17.98	   916.91	    -4.62
  3751.46	  -236.47	  -429.50	     0.33	    20.27	     9.41	    -3.41	     0.12	    10.01	   493.62	     5.87
  3772.31	  -230.80	  -425.11	     0.30	    20.85	     5.68	     4.39	    -0.03	     7.18	   344.25	    -1.44
  3792.47	  -194.39	  -404.40	    -1.25	    20.17	    36.41	    20.71	    -1.55	    41.89	 -2077.14	   -76.66
  3813.07	  -213.58	  -421.22	     0.26	    20.59	   -19.20	   -16.82	     1.51	    25.52	 -1239.29	    73.09
  3831.32	  -213.58	  -421.22	     0.26	    18.25	     0.00	     0.00	     0.00	     0.00	     0.00	     0.00
  3852.25	  -204.96	  -419.63	     0.27	    20.93	     8.62	     1.59	     0.01	     8.77	   418.78	     0.56
  3871.94	  -204.96	  -419.63	     0.27	    19.70	     0.00	     0.00	     0.00	     0.00	     0.00	     0.00
  3892.73	  -162.60	  -404.52	    -1.21	    20.78	    42.37	    15.12	    -1.47	    44.98	  2164.16	   -70.95
  3911.22	  -162.60	  -404.52	    -1.21	    18.49	     0.00	     0.00	     0.00	     0.00	     0.00	     0.00
  3931.28	  -180.56	  -412.03	     0.24	    20.05	   -17.96	    -7.51	     1.45	    19.47	  -970.92	    72.07
  3952.61	  -171.84	  -414.73	     0.29	    21.34	     8.72	    -2.70	     0.05	     9.13	   427.97	     2.48
  3972.57	  -163.24	  -410.27	     0.27	    19.96	     8.60	     4.46	    -0.02	     9.68	   485.20	    -0.87
  3993.22	  -156.01	  -410.14	     0.27	    20.64	     7.23	     0.14	    -0.00	     7.23	   350.37	    -0.06
  4011.55	  -156.01	  -410.14	     0.27	    18.33	     0.00	     0.00	     0.00	     0.00	     0.00	     0.00
  4032.49	  -146.64	  -407.81	     0.28	    20.94	     9.37	     2.33	     0.01	     9.65	   461.15	     0.48
  4052.51	  -137.99	  -405.50	     0.29	    20.03	     8.66	     2.31	     0.01	     8.96	   447.36	     0.27
  4072.57	  -130.09	  -401.04	     0.29	    20.05	     7.89	     4.45	    -0.00	     9.06	   451.97	    -0.03
  4093.24	  -123.54	  -402.35	     0.28	    20.67	     6.55	    -1.31	    -0.01	     6.68	   323.20	    -0.28
  4111.48	  -123.54	  -402.35	     0.28	    18.24	     0.00	     0.00	     0.00	     0.00	     0.00	     0.00
  4132.45	  -114.21	  -396.44	     0.24	    20.97	     9.33	     5.92	    -0.04	    11.05	   527.00	    -1.81
  4152.64	  -106.94	  -397.01	     0.28	    20.19	     7.27	    -0.58	     0.04	     7.30	   361.49	     1.86
  4172.90	  -106.94	  -397.01	     0.28	    20.26	     0.00	     0.00	     0.00	     0.00	     0.00	     0.00
  4191.37	   -99.68	  -396.16	     0.38	    18.47	     7.25	     0.86	     0.10	     7.30	   395.52	     5.55
  4211.73	   -91.04	  -391.68	     0.42	    20.36	     8.65	     4.48	     0.04	     9.74	   478.25	     1.98
  4231.85	   -82.28	  -392.95	     0.62	    20.12	     8.76	    -1.27	     0.19	     8.85	   439.86	     9.65
  4253.34	   -65.43	  -368.15	    -1.96	    21.50	    16.85	    24.79	    -2.58	    29.97	 -1394.43	  -120.01
  4273.48	   -56.34	  -387.38	     2.91	    20.14	     9.09	   -19.23	     4.87	    21.27	 -1056.01	   241.88
  4291.56	   -56.34	  -387.38	     2.91	    18.08	     0.00	     0.00	     0.00	     0.00	    -0.00	     0.00
  4311.90	   -58.24	  -363.69	    -1.44	    20.34	    -1.90	    23.69	    -4.35	    23.77	 -1168.38	  -213.78
  4333.14	   -50.80	  -380.07	    -2.83	    21.24	     7.44	   -16.38	    -1.39	    17.99	  -846.96	   -65.32
  4353.23	   -50.80	  -380.07	    -2.83	    20.09	     0.00	     0.00	     0.00	     0.00	    -0.00	     0.00
  4371.21	   -50.80	  -380.07	    -2.83	    17.98	     0.00	     0.00	     0.00	     0.00	    -0.00	     0.00
  4391.17	   -50.80	  -380.07	    -2.83	    19.97	     0.00	     0.00	     0.00	     0.00	    -0.00	     0.00
  4411.29	  -199.03	  -389.45	     2.86	    20.12	  -148.23	    -9.38	     5.68	   148.53	 -7382.40	   282.50
  4431.16	  -199.03	  -389.45	     2.86	    19.86	     0.00	     0.00	     0.00	     0.00	    -0.00	     0.00
  4451.18	  -199.03	  -389.45	     2.86	    20.03	     0.00	     0.00	     0.00	     0.00	    -0.00	     0.00
  4471.29	  -199.03	  -389.45	     2.86	    20.10	     0.00	     0.00	     0.00	     0.00	    -0.00	     0.00
  4491.20	  -199.03	  -389.45	     2.86	    19.92	     0.00	     0.00	     0.00	     0.00	    -0.00	     0.00
  4511.25	  -199.03	  -389.45	     2.86	    20.04	     0.00	     0.00	     0.00	     0.00	    -0.00	     0.00
  4531.50	  -199.03	  -389.45	     2.86	    20.25	     0.00	     0.00	     0.00	     0.00	    -0.00	     0.00
  4551.90	  -199.03	  -389.45	     2.86	    20.39	     0.00	     0.00	     0.00	     0.00	    -0.00	     0.00
  4571.23	  -199.03	  -389.45	     2.86	    19.33	     0.00	     0.00	     0.00	     0.00	    -0.00	     0.00
  4591.19	  -199.03	  -389.45	     2.86	    19.96	     0.00	     0.00	     0.00	     0.00	    -0.00	     0.00
  4611.49	  -135.68	  -373.17	     0.10	    20.31	    63.35	    16.28	    -2.76	    65.41	  3221.09	  -135.95
  4631.24	  -135.68	  -373.17	     0.10	    19.74	     0.00	     0.00	     0.00	     0.00	     0.00	     0.00
  4651.20	  -135.68	  -373.17	     0.10	    19.97	     0.00	     0.00	     0.00	     0.00	     0.00	     0.00
  4671.53	  -129.22	  -368.02	     0.60	    20.33	     6.46	     5.15	     0.51	     8.26	   406.20	    24.87
  4691.87	  -129.22	  -368.02	     0.60	    20.34	     0.00	     0.00	     0.00	     0.00	     0.00	     0.00
  4711.68	  -129.22	  -368.02	     0.60	    19.81	     0.00	     0.00	     0.00	     0.00	     0.00	     0.00
  4732.11	  -129.22	  -368.02	     0.60	    20.43	     0.00	     0.00	     0.00	     0.00	     0.00	     0.00
  4751.69	  -129.22	  -368.02	     0.60	    19.57	     0.00	     0.00	     0.00	     0.00	     0.00	     0.00
  4771.70	  -129.22	  -368.02	     0.60	    20.02	     0.00	     0.00	     0.00	     0.00	     0.00	     0.00
  4791.74	  -129.22	  -368.02	     0.60	    20.04	     0.00	     0.00	     0.00	     0.00	     0.00	     0.00
  4812.07	  -129.22	  -368.02	     0.60	    20.33	     0.00	     0.00	     0.00	     0.00	     0.00	     0.00
  4831.81	  -129.22	  -368.02	     0.60	    19.74	     0.00	     0.00	     0.00	     0.00	     0.00	     0.00
  4851.76	  -129.22	  -368.02	     0.60	    19.95	     0.00	     0.00	     0.00	     0.00	     0.00	     0.00
  4871.70	  -129.22	  -368.02	     0.60	    19.94	     0.00	     0.00	     0.00	     0.00	     0.00	     0.00
  4891.77	  -129.22	  -368.02	     0.60	    20.07	     0.00	     0.00	     0.00	     0.00	     0.00	     0.00
  4912.59	  -129.22	  -368.02	     0.60	    20.82	     0.00	     0.00	     0.00	     0.00	     0.00	     0.00
  4931.81	  -129.22	  -368.02	     0.60	    19.22	     0.00	     0.00	     0.00	     0.00	     0.00	     0.00
  4951.80	  -129.22	  -368.02	     0.60	    19.99	     0.00	     0.00	     0.00	     0.00	     0.00	     0.00
  4971.75	  -129.22	  -368.02	     0.60	    19.95	     0.00	     0.00	     0.00	     0.00	     0.00	     0.00
  4991.72	  -129.22	  -368.02	     0.60	    19.97	     0.00	     0.00	     0.00	     0.00	     0.00	     0.00
  5011.82	  -129.22	  -368.02	     0.60	    20.10	     0.00	     0.00	     0.00	     0.00	     0.00	     0.00
  5031.79	  -129.22	  -368.02	     0.60	    19.97	     0.00	     0.00	     0.00	     0.00	     0.00	     0.00
  5051.72	  -129.22	  -368.02	     0.60	    19.93	     0.00	     0.00	     0.00	     0.00	     0.00	     0.00
  5071.81	  -129.22	  -368.02	     0.60	    20.09	     0.00	     0.00	     0.00	     0.00	     0.00	     0.00
  5091.74	  -129.22	  -368.02	     0.60	    19.94	     0.00	     0.00	     0.00	     0.00	     0.00	     0.00
  5111.99	  -129.22	  -368.02	     0.60	    20.25	     0.00	     0.00	     0.00	     0.00	     0.00	     0.00
  5132.10	  -178.86	  -300.91	     2.95	    20.11	   -49.64	    67.11	     2.35	    83.47	  4150.87	   116.73
  5151.78	  -178.86	  -300.91	     2.95	    19.68	     0.00	     0.00	     0.00	     0.00	    -0.00	     0.00
  5171.74	  -178.86	  -300.91	     2.95	    19.96	     0.00	     0.00	     0.00	     0.00	    -0.00	     0.00
  5191.79	  -178.86	  -300.91	     2.95	    20.06	     0.00	     0.00	     0.00	     0.00	    -0.00	     0.00
  5211.77	  -178.86	  -300.91	     2.95	    19.98	     0.00	     0.00	     0.00	     0.00	    -0.00	     0.00
  5231.74	  -178.86	  -300.91	     2.95	    19.97	     0.00	     0.00	     0.00	     0.00	    -0.00	     0.00
  5251.78	  -178.86	  -300.91	     2.95	    20.03	     0.00	     0.00	     0.00	     0.00	    -0.00	     0.00
  5271.78	  -178.86	  -300.91	     2.95	    20.00	     0.00	     0.00	     0.00	     0.00	    -0.00	     0.00
  5292.06	  -160.29	  -286.88	     2.95	    20.28	    18.57	    14.03	     0.00	    23.28	 -1147.52	     0.15
  5312.08	  -160.29	  -286.88	     2.95	    20.01	     0.00	     0.00	     0.00	     0.00	    -0.00	     0.00
  5332.03	  -145.82	  -286.56	     2.96	    19.96	    14.47	     0.32	     0.01	    14.48	  -725.40	     0.43
  5351.76	  -145.82	  -286.56	     2.96	    19.73	     0.00	     0.00	     0.00	     0.00	    -0.00	     0.00
  5372.35	  -145.82	  -286.56	     2.96	    20.59	     0.00	     0.00	     0.00	     0.00	    -0.00	     0.00
  5391.98	  -145.82	  -286.56	     2.96	    19.64	     0.00	     0.00	     0.00	     0.00	    -0.00	     0.00
  5411.80	  -145.82	  -286.56	     2.96	    19.82	     0.00	     0.00	     0.00	     0.00	    -0.00	     0.00
  5431.80	  -145.82	  -286.56	     2.96	    19.99	     0.00	     0.00	     0.00	     0.00	    -0.00	     0.00
  5451.77	  -145.82	  -286.56	     2.96	    19.97	     0.00	     0.00	     0.00	     0.00	    -0.00	     0.00
  5472.36	  -145.82	  -286.56	     2.96	    20.59	     0.00	     0.00	     0.00	     0.00	    -0.00	     0.00
  5491.87	  -145.82	  -286.56	     2.96	    19.51	     0.00	     0.00	     0.00	     0.00	    -0.00	     0.00
  5511.77	  -145.82	  -286.56	     2.96	    19.90	     0.00	     0.00	     0.00	     0.00	    -0.00	     0.00
  5531.79	  -145.82	  -286.56	     2.96	    20.02	     0.00	     0.00	     0.00	     0.00	    -0.00	     0.00
  5551.82	  -145.82	  -286.56	     2.96	    20.03	     0.00	     0.00	     0.00	     0.00	    -0.00	     0.00
  5572.41	  -145.82	  -286.56	     2.96	    20.59	     0.00	     0.00	     0.00	     0.00	    -0.00	     0.00
  5591.82	  -145.82	  -286.56	     2.96	    19.41	     0.00	     0.00	     0.00	     0.00	    -0.00	     0.00
  5611.82	  -145.82	  -286.56	     2.96	    20.00	     0.00	     0.00	     0.00	     0.00	    -0.00	     0.00
  5631.89	  -145.82	  -286.56	     2.96	    20.07	     0.00	     0.00	     0.00	     0.00	    -0.00	     0.00
  5652.00	  -145.82	  -286.56	     2.96	    20.11	     0.00	     0.00	     0.00	     0.00	    -0.00	     0.00
  5672.69	  -145.82	  -286.56	     2.96	    20.68	     0.00	     0.00	     0.00	     0.00	    -0.00	     0.00
  5692.02	  -145.82	  -286.56	     2.96	    19.33	     0.00	     0.00	     0.00	     0.00	    -0.00	     0.00
  5711.97	  -145.82	  -286.56	     2.96	    19.95	     0.00	     0.00	     0.00	     0.00	    -0.00	     0.00
  5732.04	  -145.82	  -286.56	     2.96	    20.07	     0.00	     0.00	     0.00	     0.00	    -0.00	     0.00
  5752.39	  -145.82	  -286.56	     2.96	    20.35	     0.00	     0.00	     0.00	     0.00	    -0.00	     0.00
  5772.01	  -145.82	  -286.56	     2.96	    19.62	     0.00	     0.00	     0.00	     0.00	    -0.00	     0.00
  5791.94	  -145.82	  -286.56	     2.96	    19.93	     0.00	     0.00	     0.00	     0.00	    -0.00	     0.00
  5811.95	  -145.82	  -286.56	     2.96	    20.01	     0.00	     0.00	     0.00	     0.00	    -0.00	     0.00
  5831.96	  -145.82	  -286.56	     2.96	    20.01	     0.00	     0.00	     0.00	     0.00	    -0.00	     0.00
  5852.26	  -145.82	  -286.56	     2.96	    20.30	     0.00	     0.00	     0.00	     0.00	    -0.00	     0.00
  5871.99	  -145.82	  -286.56	     2.96	    19.73	     0.00	     0.00	     0.00	     0.00	    -0.00	     0.00
  5892.00	  -145.82	  -286.56	     2.96	    20.02	     0.00	     0.00	     0.00	     0.00	    -0.00	     0.00
  5912.28	  -145.82	  -286.56	     2.96	    20.27	     0.00	     0.00	     0.00	     0.00	    -0.00	     0.00
  5932.65	  -164.67	  -237.46	     3.08	    20.37	   -18.85	    49.09	     0.12	    52.59	  2581.32	     5.67
  5952.60	  -164.67	  -237.46	     3.08	    19.95	     0.00	     0.00	     0.00	     0.00	    -0.00	     0.00
  5971.97	  -164.67	  -237.46	     3.08	    19.37	     0.00	     0.00	     0.00	     0.00	    -0.00	     0.00
  5992.00	  -164.67	  -237.46	     3.08	    20.03	     0.00	     0.00	     0.00	     0.00	    -0.00	     0.00
  6012.35	  -164.67	  -237.46	     3.08	    20.35	     0.00	     0.00	     0.00	     0.00	    -0.00	     0.00
  6032.58	  -164.67	  -237.46	     3.08	    20.23	     0.00	     0.00	     0.00	     0.00	    -0.00	     0.00
  6052.32	  -127.72	  -237.30	     3.08	    19.74	    36.96	     0.16	     0.01	    36.96	 -1872.09	     0.42
  6072.39	  -133.48	  -238.16	     3.04	    20.06	    -5.76	    -0.85	    -0.05	     5.83	  -290.41	    -2.26
  6093.24	  -156.00	  -235.82	     3.02	    20.86	   -22.52	     2.33	    -0.01	    22.64	  1085.73	    -0.71
  6113.67	  -128.46	  -235.88	     3.03	    20.43	    27.55	    -0.06	     0.00	    27.55	 -1348.26	     0.11
  6134.09	  -121.32	  -228.52	     3.08	    20.42	     7.14	     7.36	     0.05	    10.26	  -502.17	     2.55
  6152.30	  -121.32	  -228.52	     3.08	    18.20	     0.00	     0.00	     0.00	     0.00	    -0.00	     0.00
  6172.03	  -121.32	  -228.52	     3.08	    19.73	     0.00	     0.00	     0.00	     0.00	    -0.00	     0.00
  6192.09	  -121.32	  -228.52	     3.08	    20.07	     0.00	     0.00	     0.00	     0.00	    -0.00	     0.00
  6212.16	  -121.32	  -228.52	     3.08	    20.07	     0.00	     0.00	     0.00	     0.00	    -0.00	     0.00
  6232.13	  -121.32	  -228.52	     3.08	    19.97	     0.00	     0.00	     0.00	     0.00	    -0.00	     0.00
  6252.02	  -121.32	  -228.52	     3.08	    19.89	     0.00	     0.00	     0.00	     0.00	    -0.00	     0.00
  6272.85	  -195.50	  -204.47	    -0.01	    20.83	   -74.18	    24.05	    -3.08	    77.98	 -3743.90	  -148.10
  6292.06	  -195.50	  -204.47	    -0.01	    19.21	     0.00	     0.00	     0.00	     0.00	     0.00	     0.00
  6312.93	  -195.50	  -204.47	    -0.01	    20.87	     0.00	     0.00	     0.00	     0.00	     0.00	     0.00
  6332.37	  -181.12	  -198.38	     0.03	    19.44	    14.38	     6.10	     0.03	    15.62	   803.46	     1.62
  6386.70	   -75.99	  -194.25	     3.11	    54.33	   105.13	     4.13	     3.09	   105.21	 -1936.58	    56.81
  6391.32	  -166.78	  -189.40	     0.01	     4.62	   -90.78	     4.84	    -3.10	    90.91	-19660.51	  -670.17
  6410.27	   -70.23	  -186.94	     3.09	    18.95	    96.54	     2.46	     3.08	    96.58	 -5096.10	   162.37
  6430.08	   -70.23	  -186.94	     3.09	    19.81	     0.00	     0.00	     0.00	     0.00	    -0.00	     0.00
  6450.12	   -82.07	  -180.02	     3.12	    20.04	   -11.83	     6.92	     0.03	    13.71	   683.96	     1.67
  6471.31	   -88.78	  -170.08	     3.07	    21.19	    -6.72	     9.94	    -0.05	    12.00	   566.15	    -2.38
  6491.46	   -88.78	  -170.08	     3.07	    20.15	     0.00	     0.00	     0.00	     0.00	    -0.00	     0.00
  6510.22	   -70.67	  -166.02	     3.09	    18.77	    18.11	     4.06	     0.01	    18.56	  -988.84	     0.65
  6531.00	   -80.23	  -159.77	     3.08	    20.77	    -9.56	     6.25	    -0.00	    11.43	   550.12	    -0.15
  6550.83	  -127.40	  -155.31	     0.07	    19.84	   -47.17	     4.46	    -3.01	    47.38	 -2388.01	  -151.94
  6571.76	  -127.40	  -155.31	     0.07	    20.92	     0.00	     0.00	     0.00	     0.00	     0.00	     0.00
  6592.66	   -71.66	  -150.18	     3.02	    20.90	    55.74	     5.14	     2.95	    55.97	 -2678.00	   141.04
  6610.18	   -71.66	  -150.18	     3.02	    17.52	     0.00	     0.00	     0.00	     0.00	    -0.00	     0.00
  6630.23	   -76.11	  -145.99	     2.97	    20.05	    -4.44	     4.19	    -0.05	     6.10	   304.40	    -2.26
  6649.90	   -76.11	  -145.99	     2.97	    19.67	     0.00	     0.00	     0.00	     0.00	    -0.00	     0.00
  6670.17	   -76.11	  -145.99	     2.97	    20.26	     0.00	     0.00	     0.00	     0.00	    -0.00	     0.00
  6691.14	   -71.87	  -138.63	     2.92	    20.97	     4.24	     7.36	    -0.05	     8.49	  -404.69	    -2.52
  6709.89	   -71.87	  -138.63	     2.92	    18.75	     0.00	     0.00	     0.00	     0.00	    -0.00	     0.00
  6730.55	   -71.87	  -138.63	     2.92	    20.66	     0.00	     0.00	     0.00	     0.00	    -0.00	     0.00
  6751.01	   -71.87	  -138.63	     2.92	    20.46	     0.00	     0.00	     0.00	     0.00	    -0.00	     0.00
  6771.89	   -62.55	  -129.00	     2.87	    20.89	     9.32	     9.63	    -0.05	    13.41	  -641.84	    -2.48
  6790.87	   -62.55	  -129.00	     2.87	    18.98	     0.00	     0.00	     0.00	     0.00	    -0.00	     0.00
  6810.89	   -62.55	  -129.00	     2.87	    20.02	     0.00	     0.00	     0.00	     0.00	    -0.00	     0.00
  6830.86	   -62.55	  -129.00	     2.87	    19.97	     0.00	     0.00	     0.00	     0.00	    -0.00	     0.00
  6851.15	   -62.55	  -129.00	     2.87	    20.29	     0.00	     0.00	     0.00	     0.00	    -0.00	     0.00
  6871.87	   -62.55	  -129.00	     2.87	    20.72	     0.00	     0.00	     0.00	     0.00	    -0.00	     0.00
  6891.77	   -62.55	  -129.00	     2.87	    19.90	     0.00	     0.00	     0.00	     0.00	    -0.00	     0.00
  6912.12	   -62.55	  -129.00	     2.87	    20.35	     0.00	     0.00	     0.00	     0.00	    -0.00	     0.00
  6932.15	   -62.55	  -129.00	     2.87	    20.03	     0.00	     0.00	     0.00	     0.00	    -0.00	     0.00
  6951.86	   -62.55	  -129.00	     2.87	    19.71	     0.00	     0.00	     0.00	     0.00	    -0.00	     0.00
  6971.92	   -62.55	  -129.00	     2.87	    20.06	     0.00	     0.00	     0.00	     0.00	    -0.00	     0.00
  6991.86	   -62.55	  -129.00	     2.87	    19.94	     0.00	     0.00	     0.00	     0.00	    -0.00	     0.00
  7012.14	   -62.55	  -129.00	     2.87	    20.28	     0.00	     0.00	     0.00	     0.00	    -0.00	     0.00
  7032.21	   -62.55	  -129.00	     2.87	    20.07	     0.00	     0.00	     0.00	     0.00	    -0.00	     0.00
  7051.91	   -62.55	  -129.00	     2.87	    19.70	     0.00	     0.00	     0.00	     0.00	    -0.00	     0.00
  7073.34	   -62.55	  -129.00	     2.87	    21.43	     0.00	     0.00	     0.00	     0.00	    -0.00	     0.00
  7093.32	   -62.55	  -129.00	     2.87	    19.97	     0.00	     0.00	     0.00	     0.00	    -0.00	     0.00
  7113.68	   -62.55	  -129.00	     2.87	    20.36	     0.00	     0.00	     0.00	     0.00	    -0.00	     0.00
  7133.47	   -62.55	  -129.00	     2.87	    19.79	     0.00	     0.00	     0.00	     0.00	    -0.00	     0.00
  7153.58	   -62.55	  -129.00	     2.87	    20.11	     0.00	     0.00	     0.00	     0.00	    -0.00	     0.00
  7173.64	   -62.55	  -129.00	     2.87	    20.06	     0.00	     0.00	     0.00	     0.00	    -0.00	     0.00
  7193.61	   -62.55	  -129.00	     2.87	    19.97	     0.00	     0.00	     0.00	     0.00	    -0.00	     0.00
  7213.60	   -62.55	  -129.00	     2.87	    19.99	     0.00	     0.00	     0.00	     0.00	    -0.00	     0.00
  7233.66	   -62.55	  -129.00	     2.87	    20.06	     0.00	     0.00	     0.00	     0.00	    -0.00	     0.00
  7253.90	   -62.55	  -129.00	     2.87	    20.24	     0.00	     0.00	     0.00	     0.00	    -0.00	     0.00
  7273.63	   -62.55	  -129.00	     2.87	    19.74	     0.00	     0.00	     0.00	     0.00	    -0.00	     0.00
  7293.64	   -62.55	  -129.00	     2.87	    20.01	     0.00	     0.00	     0.00	     0.00	    -0.00	     0.00
  7313.61	   -62.55	  -129.00	     2.87	    19.97	     0.00	     0.00	     0.00	     0.00	    -0.00	     0.00
  7337.94	   -62.55	  -129.00	     2.87	    24.32	     0.00	     0.00	     0.00	     0.00	    -0.00	     0.00
  7357.98	   -62.55	  -129.00	     2.87	    20.05	     0.00	     0.00	     0.00	     0.00	    -0.00	     0.00
  7378.19	   -62.55	  -129.00	     2.87	    20.20	     0.00	     0.00	     0.00	     0.00	    -0.00	     0.00
  7398.01	   -62.55	  -129.00	     2.87	    19.82	     0.00	     0.00	     0.00	     0.00	    -0.00	     0.00
  7417.97	   -62.55	  -129.00	     2.87	    19.97	     0.00	     0.00	     0.00	     0.00	    -0.00	     0.00
  7437.95	   -62.55	  -129.00	     2.87	    19.98	     0.00	     0.00	     0.00	     0.00	    -0.00	     0.00
  7458.26	   -62.55	  -129.00	     2.87	    20.31	     0.00	     0.00	     0.00	     0.00	    -0.00	     0.00
  7478.02	   -62.55	  -129.00	     2.87	    19.75	     0.00	     0.00	     0.00	     0.00	    -0.00	     0.00
  7497.95	   -62.55	  -129.00	     2.87	    19.93	     0.00	     0.00	     0.00	     0.00	    -0.00	     0.00
  7518.18	   -76.86	    13.64	     3.03	    20.23	   -14.32	   142.64	     0.16	   143.35	  7086.45	     8.14
  7538.24	   -76.86	    13.64	     3.03	    20.06	     0.00	     0.00	     0.00	     0.00	    -0.00	     0.00
  7558.77	   -76.86	    13.64	     3.03	    20.53	     0.00	     0.00	     0.00	     0.00	    -0.00	     0.00
  7578.24	   -66.35	    15.49	     2.98	    19.47	    10.51	     1.86	    -0.05	    10.68	  -548.34	    -2.80
  7598.03	   -66.35	    15.49	     2.98	    19.78	     0.00	     0.00	     0.00	     0.00	    -0.00	     0.00
  7618.25	   -66.35	    15.49	     2.98	    20.23	     0.00	     0.00	     0.00	     0.00	    -0.00	     0.00
  7638.78	   -66.35	    15.49	     2.98	    20.53	     0.00	     0.00	     0.00	     0.00	    -0.00	     0.00
  7658.04	   -66.35	    15.49	     2.98	    19.26	     0.00	     0.00	     0.00	     0.00	    -0.00	     0.00
  7677.98	   -66.35	    15.49	     2.98	    19.94	     0.00	     0.00	     0.00	     0.00	    -0.00	     0.00
  7698.10	   -66.35	    15.49	     2.98	    20.12	     0.00	     0.00	     0.00	     0.00	    -0.00	     0.00
  7718.02	   -66.35	    15.49	     2.98	    19.91	     0.00	     0.00	     0.00	     0.00	    -0.00	     0.00
  7738.64	   -66.35	    15.49	     2.98	    20.63	     0.00	     0.00	     0.00	     0.00	    -0.00	     0.00
  7758.66	   -66.35	    15.49	     2.98	    20.02	     0.00	     0.00	     0.00	     0.00	    -0.00	     0.00
  7778.64	   -66.35	    15.49	     2.98	    19.98	     0.00	     0.00	     0.00	     0.00	    -0.00	     0.00
  7798.63	   -66.35	    15.49	     2.98	    19.99	     0.00	     0.00	     0.00	     0.00	    -0.00	     0.00
  7818.63	   -66.35	    15.49	     2.98	    20.00	     0.00	     0.00	     0.00	     0.00	    -0.00	     0.00
  7838.74	   -66.35	    15.49	     2.98	    20.11	     0.00	     0.00	     0.00	     0.00	    -0.00	     0.00
  7858.68	   -66.35	    15.49	     2.98	    19.94	     0.00	     0.00	     0.00	     0.00	    -0.00	     0.00
  7878.75	   -66.35	    15.49	     2.98	    20.07	     0.00	     0.00	     0.00	     0.00	    -0.00	     0.00
  7898.63	   -66.35	    15.49	     2.98	    19.88	     0.00	     0.00	     0.00	     0.00	    -0.00	     0.00
  7918.98	   -66.35	    15.49	     2.98	    20.35	     0.00	     0.00	     0.00	     0.00	    -0.00	     0.00
  7938.71	   -66.35	    15.49	     2.98	    19.73	     0.00	     0.00	     0.00	     0.00	    -0.00	     0.00
  7958.64	   -66.35	    15.49	     2.98	    19.93	     0.00	     0.00	     0.00	     0.00	    -0.00	     0.00
  7978.66	   -66.35	    15.49	     2.98	    20.02	     0.00	     0.00	     0.00	     0.00	    -0.00	     0.00
  7998.67	   -66.35	    15.49	     2.98	    20.02	     0.00	     0.00	     0.00	     0.00	    -0.00	     0.00
  8018.67	   -66.35	    15.49	     2.98	    20.00	     0.00	     0.00	     0.00	     0.00	    -0.00	     0.00
  8038.70	   -66.35	    15.49	     2.98	    20.03	     0.00	     0.00	     0.00	     0.00	    -0.00	     0.00
  8058.73	   -66.35	    15.49	     2.98	    20.03	     0.00	     0.00	     0.00	     0.00	    -0.00	     0.00
  8078.81	   -66.35	    15.49	     2.98	    20.08	     0.00	     0.00	     0.00	     0.00	    -0.00	     0.00
  8099.10	   -66.35	    15.49	     2.98	    20.29	     0.00	     0.00	     0.00	     0.00	    -0.00	     0.00
  8119.14	   -66.35	    15.49	     2.98	    20.04	     0.00	     0.00	     0.00	     0.00	    -0.00	     0.00
  8139.13	   -66.35	    15.49	     2.98	    19.99	     0.00	     0.00	     0.00	     0.00	    -0.00	     0.00
  8159.27	   -66.35	    15.49	     2.98	    20.14	     0.00	     0.00	     0.00	     0.00	    -0.00	     0.00
  8179.20	   -66.35	    15.49	     2.98	    19.93	     0.00	     0.00	     0.00	     0.00	    -0.00	     0.00
  8199.44	   -66.35	    15.49	     2.98	    20.24	     0.00	     0.00	     0.00	     0.00	    -0.00	     0.00
  8219.84	   -66.35	    15.49	     2.98	    20.40	     0.00	     0.00	     0.00	     0.00	    -0.00	     0.00
  8239.20	   -66.35	    15.49	     2.98	    19.36	     0.00	     0.00	     0.00	     0.00	    -0.00	     0.00
  8259.15	   -66.35	    15.49	     2.98	    19.95	     0.00	     0.00	     0.00	     0.00	    -0.00	     0.00
  8279.17	   -66.35	    15.49	     2.98	    20.02	     0.00	     0.00	     0.00	     0.00	    -0.00	     0.00
  8299.75	   -66.35	    15.49	     2.98	    20.57	     0.00	     0.00	     0.00	     0.00	    -0.00	     0.00
  8319.37	   -92.20	   108.86	     3.07	    19.63	   -25.85	    93.37	     0.09	    96.88	  4935.97	     4.69
  8339.18	   -92.20	   108.86	     3.07	    19.81	     0.00	     0.00	     0.00	     0.00	    -0.00	     0.00
  8359.16	   -92.20	   108.86	     3.07	    19.98	     0.00	     0.00	     0.00	     0.00	    -0.00	     0.00
  8379.23	   -92.20	   108.86	     3.07	    20.07	     0.00	     0.00	     0.00	     0.00	    -0.00	     0.00
  8399.81	   -92.20	   108.86	     3.07	    20.58	     0.00	     0.00	     0.00	     0.00	    -0.00	     0.00
  8419.80	   -92.20	   108.86	     3.07	    19.99	     0.00	     0.00	     0.00	     0.00	    -0.00	     0.00
  8439.83	   -92.20	   108.86	     3.07	    20.03	     0.00	     0.00	     0.00	     0.00	    -0.00	     0.00
  8459.81	   -92.20	   108.86	     3.07	    19.98	     0.00	     0.00	     0.00	     0.00	    -0.00	     0.00
  8480.58	   -92.20	   108.86	     3.07	    20.78	     0.00	     0.00	     0.00	     0.00	    -0.00	     0.00
  8500.90	   -74.49	   120.49	     3.05	    20.32	    17.71	    11.63	    -0.02	    21.19	 -1042.88	    -0.88
  8519.90	   -74.49	   120.49	     3.05	    19.00	     0.00	     0.00	     0.00	     0.00	    -0.00	     0.00
  8539.81	   -74.49	   120.49	     3.05	    19.91	     0.00	     0.00	     0.00	     0.00	    -0.00	     0.00
  8559.90	   -74.49	   120.49	     3.05	    20.09	     0.00	     0.00	     0.00	     0.00	    -0.00	     0.00
  8580.06	   -74.49	   120.49	     3.05	    20.16	     0.00	     0.00	     0.00	     0.00	    -0.00	     0.00
  8600.04	   -74.49	   120.49	     3.05	    19.98	     0.00	     0.00	     0.00	     0.00	    -0.00	     0.00
  8620.07	   -74.49	   120.49	     3.05	    20.04	     0.00	     0.00	     0.00	     0.00	    -0.00	     0.00
  8640.48	   -74.49	   120.49	     3.05	    20.40	     0.00	     0.00	     0.00	     0.00	    -0.00	     0.00
  8660.94	   -74.49	   120.49	     3.05	    20.47	     0.00	     0.00	     0.00	     0.00	    -0.00	     0.00
  8681.23	   -74.49	   120.49	     3.05	    20.28	     0.00	     0.00	     0.00	     0.00	    -0.00	     0.00
  8701.03	   -74.49	   120.49	     3.05	    19.80	     0.00	     0.00	     0.00	     0.00	    -0.00	     0.00
  8720.98	   -74.49	   120.49	     3.05	    19.95	     0.00	     0.00	     0.00	     0.00	    -0.00	     0.00
  8741.01	   -74.49	   120.49	     3.05	    20.03	     0.00	     0.00	     0.00	     0.00	    -0.00	     0.00
  8761.43	   -74.49	   120.49	     3.05	    20.43	     0.00	     0.00	     0.00	     0.00	    -0.00	     0.00
  8783.12	   -69.45	   125.00	     3.11	    21.69	     5.04	     4.51	     0.06	     6.76	  -311.84	     2.84
  8801.03	   -69.45	   125.00	     3.11	    17.91	     0.00	     0.00	     0.00	     0.00	    -0.00	     0.00
  8821.04	   -69.45	   125.00	     3.11	    20.01	     0.00	     0.00	     0.00	     0.00	    -0.00	     0.00
  8840.99	   -69.45	   125.00	     3.11	    19.95	     0.00	     0.00	     0.00	     0.00	    -0.00	     0.00
  8861.29	   -69.45	   125.00	     3.11	    20.30	     0.00	     0.00	     0.00	     0.00	    -0.00	     0.00
  8881.18	   -69.45	   125.00	     3.11	    19.89	     0.00	     0.00	     0.00	     0.00	    -0.00	     0.00
  8901.15	   -69.45	   125.00	     3.11	    19.96	     0.00	     0.00	     0.00	     0.00	    -0.00	     0.00
  8922.05	   -69.45	   125.00	     3.11	    20.90	     0.00	     0.00	     0.00	     0.00	    -0.00	     0.00
  8942.05	   -69.45	   125.00	     3.11	    20.00	     0.00	     0.00	     0.00	     0.00	    -0.00	     0.00
  8962.06	   -69.45	   125.00	     3.11	    20.01	     0.00	     0.00	     0.00	     0.00	    -0.00	     0.00
  8981.19	   -69.45	   125.00	     3.11	    19.13	     0.00	     0.00	     0.00	     0.00	    -0.00	     0.00
  9001.17	   -69.45	   125.00	     3.11	    19.98	     0.00	     0.00	     0.00	     0.00	    -0.00	     0.00
  9021.22	   -69.45	   125.00	     3.11	    20.05	     0.00	     0.00	     0.00	     0.00	    -0.00	     0.00
  9047.96	   -67.23	   124.39	     3.00	    26.74	     2.22	    -0.62	    -0.11	     2.30	   -86.09	    -4.15
  9061.53	   -67.23	   124.39	     3.00	    13.57	     0.00	     0.00	     0.00	     0.00	    -0.00	     0.00
  9081.22	   -67.23	   124.39	     3.00	    19.69	     0.00	     0.00	     0.00	     0.00	    -0.00	     0.00
  9101.32	   -67.23	   124.39	     3.00	    20.10	     0.00	     0.00	     0.00	     0.00	    -0.00	     0.00
  9121.18	   -67.23	   124.39	     3.00	    19.87	     0.00	     0.00	     0.00	     0.00	    -0.00	     0.00
  9141.46	   -67.23	   124.39	     3.00	    20.28	     0.00	     0.00	     0.00	     0.00	    -0.00	     0.00
  9161.23	   -67.23	   124.39	     3.00	    19.77	     0.00	     0.00	     0.00	     0.00	    -0.00	     0.00
  9181.20	   -67.23	   124.39	     3.00	    19.97	     0.00	     0.00	     0.00	     0.00	    -0.00	     0.00
  9201.18	   -67.23	   124.39	     3.00	    19.98	     0.00	     0.00	     0.00	     0.00	    -0.00	     0.00
  9221.19	   -67.23	   124.39	     3.00	    20.01	     0.00	     0.00	     0.00	     0.00	    -0.00	     0.00
  9241.20	   -67.23	   124.39	     3.00	    20.01	     0.00	     0.00	     0.00	     0.00	    -0.00	     0.00
  9261.22	   -67.23	   124.39	     3.00	    20.02	     0.00	     0.00	     0.00	     0.00	    -0.00	     0.00
  9281.40	   -67.23	   124.39	     3.00	    20.17	     0.00	     0.00	     0.00	     0.00	    -0.00	     0.00
  9301.25	   -67.23	   124.39	     3.00	    19.85	     0.00	     0.00	     0.00	     0.00	    -0.00	     0.00
  9321.26	   -67.23	   124.39	     3.00	    20.02	     0.00	     0.00	     0.00	     0.00	    -0.00	     0.00
  9341.73	   -67.23	   124.39	     3.00	    20.47	     0.00	     0.00	     0.00	     0.00	    -0.00	     0.00
  9361.22	   -67.23	   124.39	     3.00	    19.49	     0.00	     0.00	     0.00	     0.00	    -0.00	     0.00
  9381.78	   -67.23	   124.39	     3.00	    20.56	     0.00	     0.00	     0.00	     0.00	    -0.00	     0.00
  9403.13	   -67.23	   124.39	     3.00	    21.34	     0.00	     0.00	     0.00	     0.00	    -0.00	     0.00
  9422.12	   -67.23	   124.39	     3.00	    18.99	     0.00	     0.00	     0.00	     0.00	    -0.00	     0.00
  9441.50	   -98.93	   128.24	    -0.02	    19.38	   -31.70	     3.85	    -3.02	    31.93	 -1647.93	  -155.76
  9461.50	   -66.53	   125.14	     3.05	    20.01	    32.40	    -3.10	     3.07	    32.55	 -1627.03	   153.41
  9481.24	   -66.53	   125.14	     3.05	    19.74	     0.00	     0.00	     0.00	     0.00	    -0.00	     0.00
  9501.59	   -66.53	   125.14	     3.05	    20.34	     0.00	     0.00	     0.00	     0.00	    -0.00	     0.00
  9521.52	   -66.53	   125.14	     3.05	    19.93	     0.00	     0.00	     0.00	     0.00	    -0.00	     0.00
  9541.25	   -66.53	   125.14	     3.05	    19.73	     0.00	     0.00	     0.00	     0.00	    -0.00	     0.00
  9561.25	   -66.53	   125.14	     3.05	    20.01	     0.00	     0.00	     0.00	     0.00	    -0.00	     0.00
  9581.54	   -66.53	   125.14	     3.05	    20.29	     0.00	     0.00	     0.00	     0.00	    -0.00	     0.00
  9601.77	   -66.53	   125.14	     3.05	    20.23	     0.00	     0.00	     0.00	     0.00	    -0.00	     0.00
  9622.55	   -66.53	   125.14	     3.05	    20.78	     0.00	     0.00	     0.00	     0.00	    -0.00	     0.00
  9642.50	   -66.53	   125.14	     3.05	    19.95	     0.00	     0.00	     0.00	     0.00	    -0.00	     0.00
  9662.54	   -66.53	   125.14	     3.05	    20.04	     0.00	     0.00	     0.00	     0.00	    -0.00	     0.00
  9682.50	   -66.53	   125.14	     3.05	    19.96	     0.00	     0.00	     0.00	     0.00	    -0.00	     0.00
  9702.50	   -66.53	   125.14	     3.05	    19.99	     0.00	     0.00	     0.00	     0.00	    -0.00	     0.00
  9722.50	   -66.53	   125.14	     3.05	    20.01	     0.00	     0.00	     0.00	     0.00	    -0.00	     0.00
  9742.52	   -66.53	   125.14	     3.05	    20.01	     0.00	     0.00	     0.00	     0.00	    -0.00	     0.00
  9762.68	   -97.46	   126.84	     0.02	    20.16	   -30.94	     1.70	    -3.04	    30.98	 -1536.65	  -150.54
  9782.50	   -97.46	   126.84	     0.02	    19.81	     0.00	     0.00	     0.00	     0.00	     0.00	     0.00
  9802.84	   -97.46	   126.84	     0.02	    20.35	     0.00	     0.00	     0.00	     0.00	     0.00	     0.00
  9822.49	   -97.46	   126.84	     0.02	    19.64	     0.00	     0.00	     0.00	     0.00	     0.00	     0.00
  9842.53	   -97.46	   126.84	     0.02	    20.04	     0.00	     0.00	     0.00	     0.00	     0.00	     0.00
  9862.64	   -97.46	   126.84	     0.02	    20.11	     0.00	     0.00	     0.00	     0.00	     0.00	     0.00
  9882.52	   -97.46	   126.84	     0.02	    19.88	     0.00	     0.00	     0.00	     0.00	     0.00	     0.00
  9903.11	   -97.46	   126.84	     0.02	    20.59	     0.00	     0.00	     0.00	     0.00	     0.00	     0.00
  9922.56	   -97.46	   126.84	     0.02	    19.45	     0.00	     0.00	     0.00	     0.00	     0.00	     0.00
  9942.54	   -97.46	   126.84	     0.02	    19.98	     0.00	     0.00	     0.00	     0.00	     0.00	     0.00
  9962.53	   -97.46	   126.84	     0.02	    19.99	     0.00	     0.00	     0.00	     0.00	     0.00	     0.00
  9982.57	   -97.46	   126.84	     0.02	    20.04	     0.00	     0.00	     0.00	     0.00	     0.00	     0.00
 10002.74	   -96.73	   126.14	     0.04	    20.16	     0.74	    -0.70	     0.02	     1.02	    50.39	     1.05
 10022.57	   -96.73	   126.14	     0.04	    19.83	     0.00	     0.00	     0.00	     0.00	     0.00	     0.00
 10042.67	   -96.73	   126.14	     0.04	    20.10	     0.00	     0.00	     0.00	     0.00	     0.00	     0.00
 10062.75	   -96.73	   126.14	     0.04	    20.09	     0.00	     0.00	     0.00	     0.00	     0.00	     0.00
 10083.63	   -68.72	   125.06	     2.97	    20.88	    28.01	    -1.08	     2.94	    28.03	 -1342.45	   140.65
 10102.75	   -69.47	   125.76	     2.99	    19.12	    -0.75	     0.70	     0.01	     1.02	    53.59	     0.77
 10122.54	   -69.47	   125.76	     2.99	    19.79	     0.00	     0.00	     0.00	     0.00	    -0.00	     0.00
 10142.82	   -68.70	   124.33	     2.98	    20.28	     0.76	    -1.43	    -0.01	     1.62	   -79.85	    -0.46
 10163.72	   -68.70	   124.33	     2.98	    20.90	     0.00	     0.00	     0.00	     0.00	    -0.00	     0.00
 10184.56	   -68.73	   127.22	     3.10	    20.83	    -0.03	     2.89	     0.12	     2.89	   138.52	     5.70
 10202.58	   -68.73	   127.22	     3.10	    18.03	     0.00	     0.00	     0.00	     0.00	    -0.00	     0.00
 10222.54	   -68.73	   127.22	     3.10	    19.96	     0.00	     0.00	     0.00	     0.00	    -0.00	     0.00
 10242.56	   -68.73	   127.22	     3.10	    20.02	     0.00	     0.00	     0.00	     0.00	    -0.00	     0.00
 10262.58	   -68.73	   127.22	     3.10	    20.03	     0.00	     0.00	     0.00	     0.00	    -0.00	     0.00
 10283.28	   -85.05	   125.82	     0.07	    20.69	   -16.31	    -1.40	    -3.03	    16.37	  -791.23	  -146.29
 10302.60	   -85.05	   125.82	     0.07	    19.32	     0.00	     0.00	     0.00	     0.00	     0.00	     0.00
 10322.63	   -85.05	   125.82	     0.07	    20.03	     0.00	     0.00	     0.00	     0.00	     0.00	     0.00
 10342.56	   -85.05	   125.82	     0.07	    19.94	     0.00	     0.00	     0.00	     0.00	     0.00	     0.00
 10362.91	   -85.05	   125.82	     0.07	    20.34	     0.00	     0.00	     0.00	     0.00	     0.00	     0.00
 10382.61	   -85.05	   125.82	     0.07	    19.70	     0.00	     0.00	     0.00	     0.00	     0.00	     0.00
 10402.57	   -85.05	   125.82	     0.07	    19.96	     0.00	     0.00	     0.00	     0.00	     0.00	     0.00
 10422.59	   -85.05	   125.82	     0.07	    20.02	     0.00	     0.00	     0.00	     0.00	     0.00	     0.00
 10442.60	   -85.05	   125.82	     0.07	    20.02	     0.00	     0.00	     0.00	     0.00	     0.00	     0.00
 10462.89	   -85.05	   125.82	     0.07	    20.28	     0.00	     0.00	     0.00	     0.00	     0.00	     0.00
 10482.62	   -85.05	   125.82	     0.07	    19.74	     0.00	     0.00	     0.00	     0.00	     0.00	     0.00
 10502.64	   -85.05	   125.82	     0.07	    20.01	     0.00	     0.00	     0.00	     0.00	     0.00	     0.00
 10522.91	   -85.05	   125.82	     0.07	    20.28	     0.00	     0.00	     0.00	     0.00	     0.00	     0.00
 10543.00	   -85.05	   125.82	     0.07	    20.09	     0.00	     0.00	     0.00	     0.00	     0.00	     0.00
 10563.03	   -85.05	   125.82	     0.07	    20.03	     0.00	     0.00	     0.00	     0.00	     0.00	     0.00
 10582.97	   -85.05	   125.82	     0.07	    19.94	     0.00	     0.00	     0.00	     0.00	     0.00	     0.00
 10603.19	   -68.72	   125.78	     3.03	    20.23	    16.32	    -0.05	     2.96	    16.32	  -807.08	   146.24
 10623.01	   -68.72	   125.78	     3.03	    19.82	     0.00	     0.00	     0.00	     0.00	    -0.00	     0.00
 10643.25	   -68.72	   125.78	     3.03	    20.25	     0.00	     0.00	     0.00	     0.00	    -0.00	     0.00
 10663.02	   -68.72	   125.78	     3.03	    19.77	     0.00	     0.00	     0.00	     0.00	    -0.00	     0.00
 10683.04	   -68.72	   125.78	     3.03	    20.01	     0.00	     0.00	     0.00	     0.00	    -0.00	     0.00
 10702.99	   -68.72	   125.78	     3.03	    19.95	     0.00	     0.00	     0.00	     0.00	    -0.00	     0.00
 10723.27	   -68.72	   125.78	     3.03	    20.28	     0.00	     0.00	     0.00	     0.00	    -0.00	     0.00
 10743.92	   -95.99	   125.44	     0.02	    20.64	   -27.27	    -0.34	    -3.01	    27.27	 -1320.98	  -145.73
 10763.18	   -92.35	   125.57	     0.06	    19.26	     3.65	     0.13	     0.04	     3.65	   189.47	     2.23
 10783.23	   -93.81	   126.24	    -0.00	    20.05	    -1.46	     0.68	    -0.07	     1.61	   -80.34	    -3.33
 10803.46	   -93.81	   126.24	    -0.00	    20.23	     0.00	     0.00	     0.00	     0.00	     0.00	     0.00
 10823.34	   -93.81	   126.24	    -0.00	    19.88	     0.00	     0.00	     0.00	     0.00	     0.00	     0.00
 10843.03	   -93.81	   126.24	    -0.00	    19.69	     0.00	     0.00	     0.00	     0.00	     0.00	     0.00
 10863.00	   -93.81	   126.24	    -0.00	    19.97	     0.00	     0.00	     0.00	     0.00	     0.00	     0.00
 10883.08	   -93.81	   126.24	    -0.00	    20.08	     0.00	     0.00	     0.00	     0.00	     0.00	     0.00
 10903.34	   -93.81	   126.24	    -0.00	    20.26	     0.00	     0.00	     0.00	     0.00	     0.00	     0.00
 10923.33	   -93.81	   126.24	    -0.00	    19.98	     0.00	     0.00	     0.00	     0.00	     0.00	     0.00
 10943.33	   -93.81	   126.24	    -0.00	    20.01	     0.00	     0.00	     0.00	     0.00	     0.00	     0.00
 10963.35	   -93.81	   126.24	    -0.00	    20.01	     0.00	     0.00	     0.00	     0.00	     0.00	     0.00
 10983.41	   -93.81	   126.24	    -0.00	    20.06	     0.00	     0.00	     0.00	     0.00	     0.00	     0.00
 11004.00	   -93.81	   126.24	    -0.00	    20.59	     0.00	     0.00	     0.00	     0.00	     0.00	     0.00
 11023.77	   -93.81	   126.24	    -0.00	    19.77	     0.00	     0.00	     0.00	     0.00	     0.00	     0.00
 11043.32	   -93.81	   126.24	    -0.00	    19.56	     0.00	     0.00	     0.00	     0.00	     0.00	     0.00
 11063.36	   -93.81	   126.24	    -0.00	    20.03	     0.00	     0.00	     0.00	     0.00	     0.00	     0.00
 11083.35	   -93.81	   126.24	    -0.00	    19.99	     0.00	     0.00	     0.00	     0.00	     0.00	     0.00
 11103.35	   -93.81	   126.24	    -0.00	    20.00	     0.00	     0.00	     0.00	     0.00	     0.00	     0.00
 11123.37	   -93.81	   126.24	    -0.00	    20.02	     0.00	     0.00	     0.00	     0.00	     0.00	     0.00
 11143.62	   -96.01	   128.34	     0.01	    20.25	    -2.20	     2.10	     0.02	     3.05	  -150.41	     0.79
 11163.36	   -96.01	   128.34	     0.01	    19.74	     0.00	     0.00	     0.00	     0.00	     0.00	     0.00
 11183.43	   -96.01	   128.34	     0.01	    20.07	     0.00	     0.00	     0.00	     0.00	     0.00	     0.00
 11204.27	   -96.01	   128.34	     0.01	    20.84	     0.00	     0.00	     0.00	     0.00	     0.00	     0.00
 11224.00	   -97.46	   126.84	     0.10	    19.73	    -1.45	    -1.50	     0.09	     2.09	  -105.86	     4.57
 11243.82	   -97.46	   126.84	     0.10	    19.82	     0.00	     0.00	     0.00	     0.00	     0.00	     0.00
 11263.77	   -97.46	   126.84	     0.10	    19.95	     0.00	     0.00	     0.00	     0.00	     0.00	     0.00
 11283.86	   -97.46	   126.84	     0.10	    20.09	     0.00	     0.00	     0.00	     0.00	     0.00	     0.00
 11303.90	   -97.46	   126.84	     0.10	    20.04	     0.00	     0.00	     0.00	     0.00	     0.00	     0.00
 11324.12	   -97.46	   126.84	     0.10	    20.23	     0.00	     0.00	     0.00	     0.00	     0.00	     0.00
 11343.81	   -97.46	   126.84	     0.10	    19.69	     0.00	     0.00	     0.00	     0.00	     0.00	     0.00
 11364.16	   -97.46	   126.84	     0.10	    20.35	     0.00	     0.00	     0.00	     0.00	     0.00	     0.00
 11384.12	   -97.46	   126.84	     0.10	    19.96	     0.00	     0.00	     0.00	     0.00	     0.00	     0.00
 11412.33	   -70.18	   124.99	     2.97	    28.21	    27.28	    -1.85	     2.86	    27.34	  -969.23	   101.45
 11423.89	   -70.18	   124.99	     2.97	    11.56	     0.00	     0.00	     0.00	     0.00	    -0.00	     0.00
 11444.31	   -70.18	   124.99	     2.97	    20.42	     0.00	     0.00	     0.00	     0.00	    -0.00	     0.00
 11464.34	   -70.18	   124.99	     2.97	    20.02	     0.00	     0.00	     0.00	     0.00	    -0.00	     0.00
 11484.33	   -70.18	   124.99	     2.97	    20.00	     0.00	     0.00	     0.00	     0.00	    -0.00	     0.00
 11504.00	   -70.18	   124.99	     2.97	    19.67	     0.00	     0.00	     0.00	     0.00	    -0.00	     0.00
 11524.04	   -70.18	   124.99	     2.97	    20.04	     0.00	     0.00	     0.00	     0.00	    -0.00	     0.00
 11545.40	   -70.18	   124.99	     2.97	    21.36	     0.00	     0.00	     0.00	     0.00	    -0.00	     0.00
 11566.24	   -87.95	   123.54	     0.10	    20.84	   -17.77	    -1.45	    -2.87	    17.83	  -855.54	  -137.55
 11586.15	   -87.95	   123.54	     0.10	    19.91	     0.00	     0.00	     0.00	     0.00	     0.00	     0.00
 11606.11	   -87.95	   123.54	     0.10	    19.96	     0.00	     0.00	     0.00	     0.00	     0.00	     0.00
 11626.39	   -87.95	   123.54	     0.10	    20.27	     0.00	     0.00	     0.00	     0.00	     0.00	     0.00
 11646.54	   -87.95	   123.54	     0.10	    20.16	     0.00	     0.00	     0.00	     0.00	     0.00	     0.00
 11667.03	   -87.95	   123.54	     0.10	    20.48	     0.00	     0.00	     0.00	     0.00	     0.00	     0.00
 11687.38	   -99.66	   128.22	    -0.03	    20.36	   -11.71	     4.67	    -0.12	    12.61	  -619.30	    -6.09
 11706.11	   -99.66	   128.22	    -0.03	    18.73	     0.00	     0.00	     0.00	     0.00	     0.00	     0.00
 11726.29	   -99.66	   128.22	    -0.03	    20.18	     0.00	     0.00	     0.00	     0.00	     0.00	     0.00
 11746.40	   -99.66	   128.22	    -0.03	    20.11	     0.00	     0.00	     0.00	     0.00	     0.00	     0.00
 11766.44	   -99.66	   128.22	    -0.03	    20.04	     0.00	     0.00	     0.00	     0.00	     0.00	     0.00
 11786.39	   -99.66	   128.22	    -0.03	    19.96	     0.00	     0.00	     0.00	     0.00	     0.00	     0.00
 11806.67	   -95.27	   126.92	     0.06	    20.28	     4.39	    -1.30	     0.09	     4.58	   225.63	     4.24
 11828.32	   -95.27	   126.92	     0.06	    21.65	     0.00	     0.00	     0.00	     0.00	     0.00	     0.00
 11848.64	   -95.27	   126.92	     0.06	    20.32	     0.00	     0.00	     0.00	     0.00	     0.00	     0.00
 11868.54	   -95.27	   126.92	     0.06	    19.90	     0.00	     0.00	     0.00	     0.00	     0.00	     0.00
 11887.82	   -95.27	   126.92	     0.06	    19.27	     0.00	     0.00	     0.00	     0.00	     0.00	     0.00
 11907.86	   -95.27	   126.92	     0.06	    20.04	     0.00	     0.00	     0.00	     0.00	     0.00	     0.00
 11928.28	   -95.27	   126.92	     0.06	    20.42	     0.00	     0.00	     0.00	     0.00	     0.00	     0.00
 11948.03	   -95.27	   126.92	     0.06	    19.76	     0.00	     0.00	     0.00	     0.00	     0.00	     0.00
 11968.72	   -95.27	   126.92	     0.06	    20.69	     0.00	     0.00	     0.00	     0.00	     0.00	     0.00
 11988.70	   -95.27	   126.92	     0.06	    19.98	     0.00	     0.00	     0.00	     0.00	     0.00	     0.00
 12008.71	   -95.27	   126.92	     0.06	    20.01	     0.00	     0.00	     0.00	     0.00	     0.00	     0.00
 12028.79	   -95.27	   126.92	     0.06	    20.08	     0.00	     0.00	     0.00	     0.00	     0.00	     0.00
 12048.74	   -95.27	   126.92	     0.06	    19.96	     0.00	     0.00	     0.00	     0.00	     0.00	     0.00
 12068.76	   -95.27	   126.92	     0.06	    20.02	     0.00	     0.00	     0.00	     0.00	     0.00	     0.00
 12088.72	   -95.27	   126.92	     0.06	    19.95	     0.00	     0.00	     0.00	     0.00	     0.00	     0.00
 12108.77	   -95.27	   126.92	     0.06	    20.06	     0.00	     0.00	     0.00	     0.00	     0.00	     0.00
 12128.79	   -95.27	   126.92	     0.06	    20.02	     0.00	     0.00	     0.00	     0.00	     0.00	     0.00
 12149.72	   -90.90	   127.07	     0.06	    20.93	     4.38	     0.15	     0.00	     4.38	   209.18	     0.11
 12169.58	   -90.90	   127.07	     0.06	    19.86	     0.00	     0.00	     0.00	     0.00	     0.00	     0.00
 12189.57	   -90.90	   127.07	     0.06	    19.99	     0.00	     0.00	     0.00	     0.00	     0.00	     0.00
 12209.93	   -69.46	   126.49	     3.08	    20.36	    21.44	    -0.58	     3.01	    21.45	 -1053.47	   148.09
 12229.53	   -69.46	   126.49	     3.08	    19.61	     0.00	     0.00	     0.00	     0.00	    -0.00	     0.00
 12249.64	   -69.46	   126.49	     3.08	    20.10	     0.00	     0.00	     0.00	     0.00	    -0.00	     0.00
 12269.57	   -69.46	   126.49	     3.08	    19.93	     0.00	     0.00	     0.00	     0.00	    -0.00	     0.00
 12289.56	   -69.46	   126.49	     3.08	    19.99	     0.00	     0.00	     0.00	     0.00	    -0.00	     0.00
 12309.69	   -69.46	   126.49	     3.08	    20.13	     0.00	     0.00	     0.00	     0.00	    -0.00	     0.00
 12329.79	   -69.46	   126.49	     3.08	    20.10	     0.00	     0.00	     0.00	     0.00	    -0.00	     0.00
 12350.30	   -81.41	   127.41	     0.08	    20.51	   -11.95	     0.92	    -2.99	    11.98	  -584.27	  -145.94
 12369.60	   -81.41	   127.41	     0.08	    19.30	     0.00	     0.00	     0.00	     0.00	     0.00	     0.00
 12389.56	   -81.41	   127.41	     0.08	    19.97	     0.00	     0.00	     0.00	     0.00	     0.00	     0.00
 12409.56	   -81.41	   127.41	     0.08	    20.00	     0.00	     0.00	     0.00	     0.00	     0.00	     0.00
 12430.05	   -81.41	   127.41	     0.08	    20.48	     0.00	     0.00	     0.00	     0.00	     0.00	     0.00
 12450.09	   -81.41	   127.41	     0.08	    20.04	     0.00	     0.00	     0.00	     0.00	     0.00	     0.00
 12470.12	   -81.41	   127.41	     0.08	    20.04	     0.00	     0.00	     0.00	     0.00	     0.00	     0.00
 12490.41	   -81.41	   127.41	     0.08	    20.29	     0.00	     0.00	     0.00	     0.00	     0.00	     0.00
 12510.46	   -81.41	   127.41	     0.08	    20.05	     0.00	     0.00	     0.00	     0.00	     0.00	     0.00
 12530.50	   -81.41	   127.41	     0.08	    20.04	     0.00	     0.00	     0.00	     0.00	     0.00	     0.00
 12550.50	   -81.41	   127.41	     0.08	    20.00	     0.00	     0.00	     0.00	     0.00	     0.00	     0.00
 12570.50	   -81.41	   127.41	     0.08	    19.99	     0.00	     0.00	     0.00	     0.00	     0.00	     0.00
 12591.25	   -81.41	   127.41	     0.08	    20.76	     0.00	     0.00	     0.00	     0.00	     0.00	     0.00
 12611.19	   -81.41	   127.41	     0.08	    19.94	     0.00	     0.00	     0.00	     0.00	     0.00	     0.00
 12631.52	   -81.41	   127.41	     0.08	    20.33	     0.00	     0.00	     0.00	     0.00	     0.00	     0.00
 12650.74	  -154.23	   129.32	     0.03	    19.22	   -72.82	     1.91	    -0.05	    72.85	 -3789.84	    -2.82
