     Time	    Pos x	    Pos y	    Angle	Diff Time	Diff Posx	Diff Posy	Diff Angl	Diff Long	Rel Speed	Rel AnSpd	
     0.00	 -1344.40	  -540.37	     0.03	     0.00	     0.00	     0.00	     0.00	     0.00	     0.00	     0.00
    19.94	 -1341.62	  -540.33	     0.00	    19.94	     2.78	     0.04	    -0.02	     2.78	   139.55	    -1.13
    40.19	 -1340.23	  -540.30	     0.00	    20.25	     1.39	     0.02	    -0.00	     1.39	    68.69	    -0.04
    61.61	 -1336.06	  -540.24	     0.00	    21.42	     4.17	     0.06	     0.00	     4.17	   194.80	     0.01
    79.86	 -1336.06	  -540.24	     0.00	    18.25	     0.00	     0.00	     0.00	     0.00	     0.00	     0.00
   100.08	 -1333.27	  -540.20	    -0.02	    20.22	     2.78	     0.04	    -0.02	     2.78	   137.62	    -1.09
   119.55	 -1333.27	  -540.20	    -0.02	    19.48	     0.00	     0.00	     0.00	     0.00	     0.00	     0.00
   140.80	 -1333.27	  -540.20	    -0.02	    21.24	     0.00	     0.00	     0.00	     0.00	     0.00	     0.00
   170.75	 -1317.98	  -539.98	    -0.07	    29.95	    15.30	     0.22	    -0.05	    15.30	   510.83	    -1.56
   180.22	 -1317.98	  -539.98	    -0.07	     9.48	     0.00	     0.00	     0.00	     0.00	     0.00	     0.00
   201.02	 -1312.39	  -541.31	    -0.04	    20.80	     5.59	    -1.33	     0.02	     5.74	   276.07	     1.10
   221.15	 -1305.42	  -542.62	    -0.07	    20.13	     6.97	    -1.31	    -0.02	     7.10	   352.45	    -1.23
   241.31	 -1298.47	  -542.52	    -0.07	    20.16	     6.95	     0.10	     0.00	     6.95	   344.84	     0.09
   261.24	 -1291.50	  -543.13	    -0.10	    19.93	     6.96	    -0.60	    -0.03	     6.99	   350.74	    -1.72
   280.16	 -1291.50	  -543.13	    -0.10	    18.92	     0.00	     0.00	     0.00	     0.00	     0.00	     0.00
   300.42	 -1284.52	  -545.14	    -0.09	    20.26	     6.98	    -2.01	     0.01	     7.27	   358.77	     0.56
   320.10	 -1277.57	  -545.04	    -0.11	    19.68	     6.95	     0.10	    -0.03	     6.95	   353.22	    -1.30
   341.31	 -1277.57	  -545.04	    -0.11	    21.22	     0.00	     0.00	     0.00	     0.00	     0.00	     0.00
   359.67	 -1277.57	  -545.04	    -0.11	    18.36	     0.00	     0.00	     0.00	     0.00	     0.00	     0.00
   379.69	 -1277.57	  -545.04	    -0.11	    20.02	     0.00	     0.00	     0.00	     0.00	     0.00	     0.00
   400.79	 -1277.57	  -545.04	    -0.11	    21.10	     0.00	     0.00	     0.00	     0.00	     0.00	     0.00
   421.45	 -1244.82	  -550.21	    -0.11	    20.66	    32.75	    -5.17	     0.01	    33.16	  1605.19	     0.34
   441.62	 -1236.48	  -550.09	    -0.16	    20.17	     8.34	     0.12	    -0.05	     8.34	   413.38	    -2.53
   460.19	 -1236.48	  -550.09	    -0.16	    18.57	     0.00	     0.00	     0.00	     0.00	     0.00	     0.00
   480.12	 -1226.73	  -551.35	    -0.14	    19.94	     9.75	    -1.27	     0.02	     9.83	   493.19	     0.96
   501.39	 -1219.04	  -554.06	    -0.13	    21.27	     7.69	    -2.71	     0.01	     8.15	   383.34	     0.24
   521.63	 -1209.31	  -553.92	    -0.18	    20.24	     9.73	     0.14	    -0.04	     9.73	   480.46	    -2.21
   542.12	 -1199.54	  -556.60	    -0.18	    20.49	     9.77	    -2.68	    -0.00	    10.13	   494.42	    -0.00
   560.68	 -1199.54	  -556.60	    -0.18	    18.56	     0.00	     0.00	     0.00	     0.00	     0.00	     0.00
   581.33	 -1189.78	  -558.58	    -0.18	    20.65	     9.76	    -1.97	     0.00	     9.96	   482.27	     0.13
   601.63	 -1180.05	  -559.14	    -0.20	    20.30	     9.74	    -0.56	    -0.02	     9.75	   480.37	    -0.99
   622.24	 -1169.58	  -561.81	    -0.21	    20.60	    10.47	    -2.67	    -0.01	    10.80	   524.30	    -0.58
   640.75	 -1169.58	  -561.81	    -0.21	    18.51	     0.00	     0.00	     0.00	     0.00	     0.00	     0.00
   660.62	 -1160.52	  -563.09	    -0.16	    19.87	     9.05	    -1.28	     0.05	     9.14	   460.10	     2.41
   681.31	 -1148.66	  -566.44	    -0.20	    20.69	    11.87	    -3.35	    -0.04	    12.33	   595.98	    -1.76
   700.71	 -1148.66	  -566.44	    -0.20	    19.39	     0.00	     0.00	     0.00	     0.00	     0.00	     0.00
   720.71	 -1148.66	  -566.44	    -0.20	    20.00	     0.00	     0.00	     0.00	     0.00	     0.00	     0.00
   740.67	 -1148.66	  -566.44	    -0.20	    19.97	     0.00	     0.00	     0.00	     0.00	     0.00	     0.00
   760.72	 -1130.51	  -571.12	    -0.20	    20.04	    18.14	    -4.68	    -0.00	    18.74	   934.90	    -0.08
   781.90	 -1120.07	  -572.38	    -0.21	    21.18	    10.44	    -1.26	    -0.01	    10.52	   496.71	    -0.58
   801.65	 -1120.07	  -572.38	    -0.21	    19.76	     0.00	     0.00	     0.00	     0.00	     0.00	     0.00
   822.17	 -1120.07	  -572.38	    -0.21	    20.52	     0.00	     0.00	     0.00	     0.00	     0.00	     0.00
   842.21	 -1120.07	  -572.38	    -0.21	    20.04	     0.00	     0.00	     0.00	     0.00	     0.00	     0.00
   862.25	 -1120.07	  -572.38	    -0.21	    20.04	     0.00	     0.00	     0.00	     0.00	     0.00	     0.00
   886.53	 -1070.49	  -585.77	    -0.21	    24.28	    49.57	   -13.40	     0.00	    51.35	  2114.88	     0.10
   904.13	 -1070.49	  -585.77	    -0.21	    17.60	     0.00	     0.00	     0.00	     0.00	     0.00	     0.00
   927.19	 -1057.94	  -588.42	    -0.24	    23.06	    12.56	    -2.64	    -0.03	    12.83	   556.54	    -1.23
   942.83	 -1057.94	  -588.42	    -0.24	    15.64	     0.00	     0.00	     0.00	     0.00	     0.00	     0.00
   962.85	 -1057.94	  -588.42	    -0.24	    20.02	     0.00	     0.00	     0.00	     0.00	     0.00	     0.00
   983.31	 -1029.29	  -596.48	    -0.29	    20.46	    28.65	    -8.06	    -0.05	    29.76	  1454.27	    -2.47
  1003.96	 -1029.29	  -596.48	    -0.29	    20.65	     0.00	     0.00	     0.00	     0.00	     0.00	     0.00
  1022.91	 -1029.29	  -596.48	    -0.29	    18.95	     0.00	     0.00	     0.00	     0.00	     0.00	     0.00
  1043.42	 -1006.94	  -601.81	    -0.28	    20.51	    22.35	    -5.33	     0.01	    22.98	  1120.52	     0.41
  1062.89	 -1006.94	  -601.81	    -0.28	    19.47	     0.00	     0.00	     0.00	     0.00	     0.00	     0.00
  1082.88	 -1006.94	  -601.81	    -0.28	    19.99	     0.00	     0.00	     0.00	     0.00	     0.00	     0.00
  1105.19	 -1006.94	  -601.81	    -0.28	    22.31	     0.00	     0.00	     0.00	     0.00	     0.00	     0.00
  1123.32	  -976.13	  -612.67	    -0.27	    18.13	    30.81	   -10.86	     0.01	    32.67	  1801.77	     0.69
  1142.90	  -976.13	  -612.67	    -0.27	    19.58	     0.00	     0.00	     0.00	     0.00	     0.00	     0.00
  1164.06	  -976.13	  -612.67	    -0.27	    21.16	     0.00	     0.00	     0.00	     0.00	     0.00	     0.00
  1184.66	  -956.54	  -618.05	    -0.27	    20.61	    19.59	    -5.38	    -0.01	    20.31	   985.60	    -0.30
  1204.36	  -956.54	  -618.05	    -0.27	    19.69	     0.00	     0.00	     0.00	     0.00	     0.00	     0.00
  1223.43	  -940.43	  -623.48	    -0.24	    19.07	    16.11	    -5.43	     0.04	    17.00	   891.39	     1.86
  1244.31	  -940.43	  -623.48	    -0.24	    20.88	     0.00	     0.00	     0.00	     0.00	     0.00	     0.00
  1264.18	  -940.43	  -623.48	    -0.24	    19.87	     0.00	     0.00	     0.00	     0.00	     0.00	     0.00
  1283.64	  -940.43	  -623.48	    -0.24	    19.46	     0.00	     0.00	     0.00	     0.00	     0.00	     0.00
  1303.45	  -940.43	  -623.48	    -0.24	    19.81	     0.00	     0.00	     0.00	     0.00	     0.00	     0.00
  1323.54	  -940.43	  -623.48	    -0.24	    20.09	     0.00	     0.00	     0.00	     0.00	     0.00	     0.00
  1343.94	  -905.41	  -633.60	    -0.27	    20.40	    35.02	   -10.12	    -0.03	    36.45	  1786.81	    -1.67
  1364.41	  -900.48	  -636.36	    -0.25	    20.46	     4.93	    -2.76	     0.03	     5.65	   276.06	     1.25
  1386.10	  -894.91	  -636.28	    -0.27	    21.69	     5.58	     0.08	    -0.02	     5.58	   257.10	    -1.03
  1404.56	  -894.91	  -636.28	    -0.27	    18.47	     0.00	     0.00	     0.00	     0.00	     0.00	     0.00
  1424.06	  -890.66	  -639.76	    -0.23	    19.49	     4.25	    -3.48	     0.03	     5.49	   281.55	     1.72
  1444.52	  -886.48	  -639.70	    -0.27	    20.47	     4.18	     0.06	    -0.04	     4.18	   204.39	    -1.87
  1465.68	  -882.96	  -641.78	    -0.24	    21.16	     3.52	    -2.07	     0.04	     4.09	   193.26	     1.68
  1486.19	  -882.96	  -641.78	    -0.24	    20.50	     0.00	     0.00	     0.00	     0.00	     0.00	     0.00
  1504.08	  -878.06	  -642.42	    -0.24	    17.89	     4.89	    -0.64	    -0.00	     4.94	   275.86	    -0.17
  1524.96	  -878.06	  -642.42	    -0.24	    20.88	     0.00	     0.00	     0.00	     0.00	     0.00	     0.00
  1544.36	  -878.06	  -642.42	    -0.24	    19.40	     0.00	     0.00	     0.00	     0.00	     0.00	     0.00
  1563.87	  -878.06	  -642.42	    -0.24	    19.51	     0.00	     0.00	     0.00	     0.00	     0.00	     0.00
  1586.60	  -866.85	  -645.10	    -0.27	    22.73	    11.21	    -2.68	    -0.03	    11.53	   507.07	    -1.43
  1604.12	  -866.85	  -645.10	    -0.27	    17.52	     0.00	     0.00	     0.00	     0.00	     0.00	     0.00
  1625.82	  -866.85	  -645.10	    -0.27	    21.71	     0.00	     0.00	     0.00	     0.00	     0.00	     0.00
  1644.17	  -866.85	  -645.10	    -0.27	    18.35	     0.00	     0.00	     0.00	     0.00	     0.00	     0.00
  1666.04	  -859.85	  -646.42	    -0.30	    21.87	     7.00	    -1.32	    -0.03	     7.13	   325.76	    -1.30
  1684.34	  -859.85	  -646.42	    -0.30	    18.30	     0.00	     0.00	     0.00	     0.00	     0.00	     0.00
  1704.12	  -861.22	  -647.85	    -0.23	    19.78	    -1.37	    -1.43	     0.07	     1.98	  -100.23	     3.65
  1724.36	  -858.43	  -647.81	    -0.29	    20.24	     2.79	     0.04	    -0.06	     2.79	   137.89	    -2.81
  1744.63	  -858.43	  -647.81	    -0.26	    20.26	     0.00	     0.00	     0.03	     0.00	     0.00	     1.24
  1766.20	  -857.03	  -647.79	    -0.28	    21.57	     1.40	     0.02	    -0.02	     1.40	    64.69	    -0.86
  1784.48	  -857.03	  -647.79	    -0.28	    18.28	     0.00	     0.00	     0.00	     0.00	     0.00	     0.00
  1805.75	  -857.03	  -647.79	    -0.28	    21.27	     0.00	     0.00	     0.00	     0.00	     0.00	     0.00
  1824.19	  -857.03	  -647.79	    -0.28	    18.44	     0.00	     0.00	     0.00	     0.00	     0.00	     0.00
  1852.06	  -855.64	  -647.77	    -0.28	    27.87	     1.40	     0.02	     0.00	     1.40	    50.07	     0.00
