     Time	    Pos x	    Pos y	    Angle	Diff Time	Diff Posx	Diff Posy	Diff Angl	Diff Long	Rel Speed	Rel AnSpd	
     0.00	 -1347.14	  -543.23	     0.03	     0.00	     0.00	     0.00	     0.00	     0.00	     0.00	     0.00
    20.62	 -1346.47	  -541.81	     0.00	    20.62	     0.67	     1.42	    -0.02	     1.57	    76.20	    -1.12
    40.98	 -1346.47	  -541.81	     0.00	    20.36	     0.00	     0.00	     0.00	     0.00	     0.00	     0.00
    59.09	 -1346.47	  -541.81	     0.00	    18.11	     0.00	     0.00	     0.00	     0.00	     0.00	     0.00
    79.15	 -1346.47	  -541.81	     0.00	    20.07	     0.00	     0.00	     0.00	     0.00	     0.00	     0.00
   100.99	 -1333.92	  -543.03	    -0.48	    21.83	    12.54	    -1.23	    -0.49	    12.60	   577.24	   -22.25
   120.93	 -1333.92	  -543.03	    -0.48	    19.95	     0.00	     0.00	     0.00	     0.00	     0.00	     0.00
   142.66	 -1321.41	  -542.85	     0.03	    21.72	    12.52	     0.18	     0.51	    12.52	   576.21	    23.43
   160.24	 -1321.41	  -542.85	     0.03	    17.58	     0.00	     0.00	     0.00	     0.00	     0.00	     0.00
   181.34	 -1316.54	  -542.78	     0.03	    21.11	     4.87	     0.07	    -0.00	     4.87	   230.65	    -0.02
   201.51	 -1316.54	  -542.78	     0.03	    20.17	     0.00	     0.00	     0.00	     0.00	     0.00	     0.00
   220.32	 -1316.54	  -542.78	     0.03	    18.81	     0.00	     0.00	     0.00	     0.00	     0.00	     0.00
   241.74	 -1302.64	  -542.58	     0.03	    21.43	    13.90	     0.20	     0.00	    13.91	   649.04	     0.00
   260.53	 -1295.65	  -544.60	     0.11	    18.78	     6.99	    -2.01	     0.08	     7.27	   387.13	     4.30
   281.24	 -1295.65	  -544.60	     0.11	    20.71	     0.00	     0.00	     0.00	     0.00	     0.00	     0.00
   302.05	 -1285.95	  -542.34	     0.08	    20.81	     9.70	     2.26	    -0.03	     9.95	   478.33	    -1.45
   320.70	 -1285.95	  -542.34	     0.08	    18.64	     0.00	     0.00	     0.00	     0.00	     0.00	     0.00
   340.54	 -1267.78	  -548.42	     0.17	    19.85	    18.17	    -6.08	     0.10	    19.16	   965.72	     4.95
   361.45	 -1259.55	  -541.96	     0.05	    20.91	     8.23	     6.46	    -0.13	    10.47	   500.61	    -6.07
   380.47	 -1259.55	  -541.96	     0.05	    19.02	     0.00	     0.00	     0.00	     0.00	     0.00	     0.00
   401.77	 -1240.09	  -541.68	     0.09	    21.29	    19.45	     0.28	     0.05	    19.46	   913.73	     2.15
   423.11	 -1240.09	  -541.68	     0.09	    21.34	     0.00	     0.00	     0.00	     0.00	     0.00	     0.00
   441.85	 -1230.40	  -539.42	     0.08	    18.75	     9.69	     2.26	    -0.01	     9.95	   530.74	    -0.60
   461.88	 -1220.66	  -539.98	     0.10	    20.02	     9.74	    -0.56	     0.01	     9.75	   487.15	     0.65
   482.52	 -1210.96	  -538.43	     0.12	    20.64	     9.70	     1.55	     0.02	     9.82	   476.01	     1.11
   503.23	 -1198.33	  -546.00	     0.25	    20.71	    12.63	    -7.57	     0.13	    14.73	   711.12	     6.46
   523.48	 -1198.33	  -546.00	     0.25	    20.25	     0.00	     0.00	     0.00	     0.00	     0.00	     0.00
   541.52	 -1198.33	  -546.00	     0.25	    18.03	     0.00	     0.00	     0.00	     0.00	     0.00	     0.00
   561.91	 -1178.93	  -542.90	     0.25	    20.39	    19.40	     3.10	     0.00	    19.65	   963.58	     0.00
   582.88	 -1167.89	  -537.81	     0.14	    20.97	    11.03	     5.10	    -0.11	    12.15	   579.38	    -5.29
   603.34	 -1167.89	  -537.81	     0.14	    20.46	     0.00	     0.00	     0.00	     0.00	     0.00	     0.00
   621.47	 -1167.89	  -537.81	     0.14	    18.14	     0.00	     0.00	     0.00	     0.00	     0.00	     0.00
   641.78	 -1167.89	  -537.81	     0.14	    20.31	     0.00	     0.00	     0.00	     0.00	     0.00	     0.00
   662.36	 -1135.88	  -540.87	     0.25	    20.58	    32.01	    -3.06	     0.11	    32.16	  1562.37	     5.14
   683.51	 -1127.64	  -535.10	     0.19	    21.15	     8.24	     5.76	    -0.05	    10.05	   475.45	    -2.52
   702.98	 -1115.88	  -532.11	     0.20	    19.47	    11.76	     2.99	     0.00	    12.14	   623.37	     0.10
   721.88	 -1115.88	  -532.11	     0.20	    18.90	     0.00	     0.00	     0.00	     0.00	     0.00	     0.00
   741.85	 -1105.51	  -529.14	     0.18	    19.97	    10.37	     2.97	    -0.02	    10.79	   540.13	    -0.84
   762.59	 -1094.30	  -534.62	     0.28	    20.73	    11.21	    -5.48	     0.11	    12.48	   601.84	     5.13
   782.69	 -1083.28	  -528.81	     0.20	    20.10	    11.02	     5.80	    -0.09	    12.45	   619.45	    -4.36
   803.49	 -1072.13	  -530.77	     0.25	    20.80	    11.15	    -1.95	     0.05	    11.32	   544.47	     2.41
   821.99	 -1072.13	  -530.77	     0.25	    18.51	     0.00	     0.00	     0.00	     0.00	     0.00	     0.00
   841.96	 -1061.12	  -524.26	     0.20	    19.97	    11.01	     6.51	    -0.05	    12.79	   640.39	    -2.30
   862.12	 -1049.93	  -528.32	     0.28	    20.16	    11.19	    -4.07	     0.08	    11.91	   590.67	     3.86
   882.15	 -1038.94	  -520.40	     0.19	    20.03	    10.98	     7.92	    -0.09	    13.54	   676.09	    -4.45
   901.92	 -1038.94	  -520.40	     0.19	    19.76	     0.00	     0.00	     0.00	     0.00	     0.00	     0.00
   921.82	 -1027.78	  -523.06	     0.28	    19.91	    11.17	    -2.66	     0.09	    11.48	   576.80	     4.52
   942.83	 -1016.71	  -519.37	     0.26	    21.01	    11.06	     3.69	    -0.02	    11.66	   555.00	    -1.04
   963.49	 -1005.59	  -519.20	     0.31	    20.65	    11.12	     0.16	     0.05	    11.12	   538.60	     2.33
   983.56	  -993.12	  -516.20	     0.30	    20.07	    12.47	     3.01	    -0.01	    12.82	   638.95	    -0.45
  1002.15	  -993.12	  -516.20	     0.30	    18.60	     0.00	     0.00	     0.00	     0.00	     0.00	     0.00
  1023.40	  -982.05	  -513.21	     0.25	    21.25	    11.08	     2.99	    -0.05	    11.47	   540.04	    -2.13
  1043.83	  -972.29	  -514.47	     0.33	    20.44	     9.76	    -1.27	     0.08	     9.84	   481.69	     4.02
  1063.84	  -959.89	  -507.23	     0.25	    20.01	    12.40	     7.24	    -0.08	    14.36	   717.52	    -4.10
  1084.16	  -949.53	  -502.84	     0.22	    20.31	    10.36	     4.39	    -0.03	    11.25	   554.03	    -1.48
  1103.65	  -949.53	  -502.84	     0.22	    19.49	     0.00	     0.00	     0.00	     0.00	     0.00	     0.00
  1124.85	  -937.70	  -502.66	     0.27	    21.20	    11.83	     0.18	     0.05	    11.83	   558.17	     2.49
  1144.74	  -926.56	  -502.50	     0.33	    19.90	    11.14	     0.17	     0.05	    11.14	   559.73	     2.64
  1165.48	  -915.52	  -496.68	     0.25	    20.74	    11.04	     5.81	    -0.08	    12.48	   601.65	    -3.63
  1185.66	  -915.52	  -496.68	     0.25	    20.17	     0.00	     0.00	     0.00	     0.00	     0.00	     0.00
  1203.75	  -904.43	  -493.69	     0.26	    18.10	    11.09	     2.99	     0.01	    11.49	   634.89	     0.63
  1223.28	  -904.43	  -493.69	     0.26	    19.53	     0.00	     0.00	     0.00	     0.00	     0.00	     0.00
  1243.35	  -904.43	  -493.69	     0.26	    20.06	     0.00	     0.00	     0.00	     0.00	     0.00	     0.00
  1265.60	  -882.19	  -490.52	     0.30	    22.25	    22.24	     3.16	     0.03	    22.46	  1009.57	     1.52
  1284.11	  -844.16	  -471.57	    -1.22	    18.51	    38.02	    18.96	    -1.51	    42.49	 -2295.47	   -81.79
  1303.82	  -858.59	  -484.51	     0.30	    19.72	   -14.43	   -12.94	     1.52	    19.38	  -983.16	    77.12
  1324.37	  -848.86	  -482.95	     0.31	    20.55	     9.74	     1.56	     0.00	     9.86	   479.95	     0.13
  1344.10	  -836.38	  -478.52	     0.30	    19.74	    12.48	     4.43	    -0.00	    13.24	   670.93	    -0.13
  1364.62	  -824.59	  -474.10	     0.32	    20.52	    11.79	     4.42	     0.02	    12.59	   613.41	     0.93
  1384.15	  -824.59	  -474.10	     0.32	    19.53	     0.00	     0.00	     0.00	     0.00	     0.00	     0.00
  1404.27	  -814.12	  -473.93	     0.33	    20.12	    10.47	     0.16	     0.00	    10.47	   520.32	     0.17
  1424.55	  -802.95	  -473.76	     0.38	    20.28	    11.17	     0.17	     0.06	    11.17	   550.82	     2.84
  1445.49	  -793.26	  -469.36	     0.36	    20.94	     9.70	     4.39	    -0.03	    10.65	   508.51	    -1.32
  1464.37	  -793.26	  -469.36	     0.36	    18.88	     0.00	     0.00	     0.00	     0.00	     0.00	     0.00
  1484.36	  -781.48	  -463.52	     0.35	    19.98	    11.77	     5.84	    -0.01	    13.14	   657.71	    -0.57
  1504.22	  -771.08	  -459.11	     0.32	    19.87	    10.41	     4.41	    -0.03	    11.30	   568.85	    -1.28
  1524.32	  -759.94	  -456.11	     0.32	    20.10	    11.13	     3.01	     0.00	    11.53	   573.80	     0.00
  1545.28	  -748.78	  -454.51	     0.36	    20.96	    11.16	     1.59	     0.04	    11.28	   537.91	     1.76
  1564.30	  -748.78	  -454.51	     0.36	    19.01	     0.00	     0.00	     0.00	     0.00	     0.00	     0.00
  1584.39	  -737.69	  -448.68	     0.32	    20.10	    11.09	     5.84	    -0.04	    12.53	   623.63	    -1.83
  1605.46	  -737.69	  -448.68	     0.32	    21.07	     0.00	     0.00	     0.00	     0.00	     0.00	     0.00
  1625.85	  -715.38	  -443.36	     0.35	    20.39	    22.31	     5.31	     0.03	    22.93	  1124.77	     1.25
  1645.98	  -706.32	  -440.38	     0.38	    20.12	     9.05	     2.98	     0.03	     9.53	   473.63	     1.60
  1664.79	  -706.32	  -440.38	     0.38	    18.82	     0.00	     0.00	     0.00	     0.00	     0.00	     0.00
  1684.48	  -695.93	  -433.84	     0.33	    19.69	    10.39	     6.54	    -0.04	    12.28	   623.90	    -2.21
  1704.97	  -695.93	  -433.84	     0.33	    20.49	     0.00	     0.00	     0.00	     0.00	     0.00	     0.00
  1725.72	  -672.17	  -429.20	     0.38	    20.76	    23.76	     4.64	     0.04	    24.21	  1166.41	     2.16
  1744.26	  -672.17	  -429.20	     0.38	    18.54	     0.00	     0.00	     0.00	     0.00	     0.00	     0.00
  1764.29	  -662.41	  -425.49	     0.40	    20.03	     9.76	     3.71	     0.02	    10.44	   520.99	     1.20
  1786.13	  -641.80	  -399.63	    -1.01	    21.84	    20.61	    25.86	    -1.42	    33.07	 -1513.87	   -64.90
  1806.35	  -640.09	  -417.32	     0.42	    20.22	     1.72	   -17.69	     1.44	    17.78	  -879.08	    71.07
  1826.20	  -640.09	  -417.32	     0.42	    19.84	     0.00	     0.00	     0.00	     0.00	     0.00	     0.00
  1844.27	  -630.33	  -412.91	     0.39	    18.07	     9.76	     4.42	    -0.03	    10.71	   592.82	    -1.66
  1864.56	  -619.90	  -406.35	     0.36	    20.29	    10.43	     6.56	    -0.04	    12.32	   607.16	    -1.78
  1885.30	  -610.09	  -404.05	     0.39	    20.74	     9.81	     2.30	     0.03	    10.07	   485.64	     1.54
  1905.95	  -598.19	  -401.01	     0.42	    20.65	    11.91	     3.04	     0.03	    12.29	   595.15	     1.49
  1926.10	  -588.43	  -395.16	     0.40	    20.15	     9.75	     5.84	    -0.01	    11.37	   564.22	    -0.69
  1944.33	  -588.43	  -395.16	     0.40	    18.23	     0.00	     0.00	     0.00	     0.00	     0.00	     0.00
  1965.88	  -575.78	  -393.52	     0.42	    21.54	    12.65	     1.64	     0.01	    12.76	   592.05	     0.65
  1985.99	  -565.98	  -389.80	     0.50	    20.12	     9.80	     3.72	     0.09	    10.48	   521.17	     4.26
  2005.88	  -554.80	  -383.92	     0.48	    19.89	    11.18	     5.88	    -0.02	    12.63	   634.99	    -1.02
  2024.29	  -554.80	  -383.92	     0.48	    18.40	     0.00	     0.00	     0.00	     0.00	     0.00	     0.00
  2044.37	  -546.43	  -378.80	     0.45	    20.08	     8.38	     5.12	    -0.03	     9.82	   488.82	    -1.48
  2065.15	  -535.23	  -372.92	     0.44	    20.78	    11.19	     5.88	    -0.01	    12.64	   608.45	    -0.64
  2084.94	  -523.99	  -369.87	     0.45	    19.79	    11.25	     3.05	     0.01	    11.65	   588.63	     0.59
  2105.33	  -523.99	  -369.87	     0.45	    20.39	     0.00	     0.00	     0.00	     0.00	     0.00	     0.00
  2124.36	  -514.18	  -364.72	     0.46	    19.02	     9.80	     5.15	     0.01	    11.08	   582.22	     0.50
  2144.73	  -504.35	  -360.98	     0.47	    20.38	     9.83	     3.74	     0.01	    10.52	   516.16	     0.57
  2164.87	  -493.11	  -356.51	     0.47	    20.14	    11.24	     4.47	    -0.00	    12.10	   600.83	    -0.00
  2184.28	  -493.11	  -356.51	     0.47	    19.41	     0.00	     0.00	     0.00	     0.00	     0.00	     0.00
  2205.36	  -493.11	  -356.51	     0.47	    21.08	     0.00	     0.00	     0.00	     0.00	     0.00	     0.00
  2225.61	  -474.88	  -346.21	     0.44	    20.24	    18.23	    10.30	    -0.03	    20.94	  1034.37	    -1.51
  2246.45	  -465.04	  -341.75	     0.47	    20.84	     9.84	     4.46	     0.03	    10.80	   518.38	     1.44
  2265.97	  -458.00	  -338.77	     0.48	    19.53	     7.04	     2.98	     0.01	     7.64	   391.50	     0.56
  2286.59	  -449.59	  -332.91	     0.46	    20.62	     8.41	     5.86	    -0.02	    10.25	   497.09	    -1.03
  2306.06	  -449.59	  -332.91	     0.46	    19.47	     0.00	     0.00	     0.00	     0.00	     0.00	     0.00
  2325.53	  -441.76	  -334.19	     0.52	    19.47	     7.83	    -1.27	     0.06	     7.93	   407.27	     2.92
  2345.58	  -435.47	  -328.37	     0.48	    20.05	     6.29	     5.82	    -0.04	     8.57	   427.49	    -1.78
  2365.65	  -435.47	  -328.37	     0.48	    20.07	     0.00	     0.00	     0.00	     0.00	     0.00	     0.00
  2387.84	  -423.50	  -321.72	     0.48	    22.19	    11.96	     6.65	    -0.01	    13.68	   616.67	    -0.24
  2405.66	  -423.50	  -321.72	     0.48	    17.81	     0.00	     0.00	     0.00	     0.00	     0.00	     0.00
  2427.12	  -423.50	  -321.72	     0.48	    21.47	     0.00	     0.00	     0.00	     0.00	     0.00	     0.00
  2447.25	  -418.57	  -319.49	     0.47	    20.13	     4.94	     2.24	    -0.00	     5.42	   269.20	    -0.25
  2466.45	  -418.57	  -319.49	     0.47	    19.20	     0.00	     0.00	     0.00	     0.00	     0.00	     0.00
  2489.50	  -404.42	  -314.93	     0.51	    23.05	    14.14	     4.56	     0.04	    14.86	   644.69	     1.75
  2505.56	  -404.42	  -314.93	     0.51	    16.05	     0.00	     0.00	     0.00	     0.00	     0.00	     0.00
  2526.65	  -401.65	  -310.60	     0.46	    21.10	     2.77	     4.33	    -0.05	     5.14	   243.83	    -2.44
  2546.79	  -397.36	  -311.94	     0.52	    20.14	     4.29	    -1.34	     0.05	     4.49	   223.18	     2.63
  2566.62	  -397.36	  -311.94	     0.52	    19.83	     0.00	     0.00	     0.00	     0.00	     0.00	     0.00
  2588.86	  -397.36	  -311.94	     0.52	    22.24	     0.00	     0.00	     0.00	     0.00	     0.00	     0.00
  2608.27	  -394.61	  -306.18	     0.47	    19.41	     2.75	     5.76	    -0.04	     6.38	   328.77	    -2.14
  2629.51	  -394.61	  -306.18	     0.47	    21.24	     0.00	     0.00	     0.00	     0.00	     0.00	     0.00
  2650.21	  -387.54	  -303.18	     0.45	    20.70	     7.07	     3.00	    -0.02	     7.68	   371.02	    -1.03
  2670.20	  -387.54	  -303.18	     0.45	    20.00	     0.00	     0.00	     0.00	     0.00	     0.00	     0.00
  2688.25	  -387.54	  -303.18	     0.45	    18.04	     0.00	     0.00	     0.00	     0.00	     0.00	     0.00
  2707.97	  -387.54	  -303.18	     0.45	    19.73	     0.00	     0.00	     0.00	     0.00	     0.00	     0.00
  2728.35	  -384.01	  -300.97	     0.46	    20.38	     3.53	     2.21	     0.01	     4.16	   204.25	     0.28
  2748.47	  -383.31	  -300.24	     0.45	    20.12	     0.70	     0.73	    -0.01	     1.01	    50.16	    -0.28
  2768.60	  -381.86	  -301.64	     0.48	    20.13	     1.45	    -1.40	     0.03	     2.01	    99.96	     1.55
