     Time	    Pos x	    Pos y	    Angle	Diff Time	Diff Posx	Diff Posy	Diff Angl	Diff Long	Rel Speed	Rel AnSpd	
     0.00	 -1345.77	  -541.80	     0.05	     0.00	     0.00	     0.00	     0.00	     0.00	     0.00	     0.00
    20.64	 -1344.38	  -541.77	     0.03	    20.64	     1.39	     0.02	    -0.02	     1.39	    67.45	    -1.14
    40.93	 -1341.62	  -540.33	    -0.02	    20.30	     2.76	     1.45	    -0.05	     3.12	   153.57	    -2.41
    59.57	 -1341.62	  -540.33	    -0.02	    18.64	     0.00	     0.00	     0.00	     0.00	     0.00	     0.00
    79.63	 -1340.21	  -541.71	     0.00	    20.07	     1.41	    -1.39	     0.03	     1.98	    98.80	     1.27
    99.73	 -1336.04	  -540.95	    -0.01	    20.09	     4.16	     0.77	    -0.01	     4.23	   210.58	    -0.60
   120.46	 -1332.58	  -540.19	    -0.02	    20.73	     3.47	     0.75	    -0.01	     3.55	   171.06	    -0.55
   142.15	 -1332.58	  -540.19	    -0.02	    21.69	     0.00	     0.00	     0.00	     0.00	     0.00	     0.00
   159.33	 -1332.58	  -540.19	    -0.02	    17.18	     0.00	     0.00	     0.00	     0.00	     0.00	     0.00
   180.83	 -1332.58	  -540.19	    -0.02	    21.50	     0.00	     0.00	     0.00	     0.00	     0.00	     0.00
   201.50	 -1319.34	  -541.41	     0.00	    20.67	    13.23	    -1.22	     0.02	    13.29	   642.92	     1.09
   220.89	 -1319.34	  -541.41	     0.00	    19.39	     0.00	     0.00	     0.00	     0.00	     0.00	     0.00
   239.37	 -1319.34	  -541.41	     0.00	    18.48	     0.00	     0.00	     0.00	     0.00	     0.00	     0.00
   259.44	 -1319.34	  -541.41	     0.00	    20.07	     0.00	     0.00	     0.00	     0.00	     0.00	     0.00
   279.89	 -1302.64	  -542.58	    -0.02	    20.45	    16.71	    -1.17	    -0.02	    16.75	   818.84	    -1.05
   302.67	 -1295.66	  -543.89	    -0.02	    22.77	     6.97	    -1.31	    -0.00	     7.10	   311.57	    -0.03
   322.13	 -1295.66	  -543.89	    -0.02	    19.47	     0.00	     0.00	     0.00	     0.00	     0.00	     0.00
   339.81	 -1290.82	  -542.41	    -0.02	    17.68	     4.84	     1.48	     0.00	     5.06	   286.46	     0.06
   361.02	 -1290.82	  -542.41	    -0.02	    21.22	     0.00	     0.00	     0.00	     0.00	     0.00	     0.00
   383.03	 -1284.56	  -542.32	    -0.02	    22.01	     6.26	     0.09	    -0.00	     6.26	   284.28	    -0.02
   403.07	 -1276.20	  -543.61	     0.00	    20.04	     8.36	    -1.29	     0.02	     8.46	   422.18	     1.08
   424.82	 -1269.27	  -542.10	    -0.02	    21.75	     6.93	     1.51	    -0.02	     7.09	   325.99	    -1.07
   440.07	 -1269.27	  -542.10	    -0.02	    15.25	     0.00	     0.00	     0.00	     0.00	     0.00	     0.00
   459.94	 -1269.27	  -542.10	    -0.02	    19.88	     0.00	     0.00	     0.00	     0.00	     0.00	     0.00
   480.34	 -1269.27	  -542.10	    -0.02	    20.40	     0.00	     0.00	     0.00	     0.00	     0.00	     0.00
   503.66	 -1239.35	  -544.49	    -0.02	    23.31	    29.92	    -2.39	     0.00	    30.02	  1287.55	     0.02
   520.48	 -1239.35	  -544.49	    -0.02	    16.82	     0.00	     0.00	     0.00	     0.00	     0.00	     0.00
   541.03	 -1239.35	  -544.49	    -0.02	    20.55	     0.00	     0.00	     0.00	     0.00	     0.00	     0.00
   561.53	 -1239.28	  -548.72	     0.01	    20.49	     0.07	    -4.23	     0.03	     4.23	   206.40	     1.26
   582.25	 -1239.28	  -548.72	     0.01	    20.73	     0.00	     0.00	     0.00	     0.00	     0.00	     0.00
   600.57	 -1239.28	  -548.72	     0.01	    18.32	     0.00	     0.00	     0.00	     0.00	     0.00	     0.00
   620.42	 -1206.65	  -546.83	    -0.04	    19.85	    32.63	     1.88	    -0.05	    32.68	  1646.10	    -2.44
   639.96	 -1206.65	  -546.83	    -0.04	    19.54	     0.00	     0.00	     0.00	     0.00	     0.00	     0.00
   661.58	 -1206.65	  -546.83	    -0.04	    21.62	     0.00	     0.00	     0.00	     0.00	     0.00	     0.00
   682.60	 -1181.60	  -549.29	    -0.02	    21.02	    25.05	    -2.46	     0.03	    25.17	  1197.45	     1.20
   701.96	 -1181.60	  -549.29	    -0.02	    19.36	     0.00	     0.00	     0.00	     0.00	     0.00	     0.00
   720.49	 -1170.51	  -547.72	    -0.07	    18.53	    11.09	     1.57	    -0.05	    11.20	   604.40	    -2.81
   741.37	 -1163.54	  -549.03	    -0.02	    20.88	     6.97	    -1.31	     0.05	     7.09	   339.56	     2.42
   762.15	 -1163.54	  -549.03	    -0.02	    20.77	     0.00	     0.00	     0.00	     0.00	     0.00	     0.00
   782.50	 -1153.80	  -549.59	    -0.01	    20.35	     9.74	    -0.56	     0.01	     9.75	   479.17	     0.50
   801.06	 -1153.80	  -549.59	    -0.01	    18.56	     0.00	     0.00	     0.00	     0.00	     0.00	     0.00
   821.58	 -1135.73	  -550.03	    -0.06	    20.52	    18.07	    -0.44	    -0.06	    18.08	   880.82	    -2.69
   841.03	 -1135.73	  -550.03	    -0.06	    19.45	     0.00	     0.00	     0.00	     0.00	     0.00	     0.00
   862.19	 -1135.73	  -550.03	    -0.06	    21.15	     0.00	     0.00	     0.00	     0.00	     0.00	     0.00
   883.97	 -1107.90	  -552.45	    -0.04	    21.78	    27.83	    -2.42	     0.02	    27.94	  1282.80	     0.91
   901.43	 -1107.90	  -552.45	    -0.04	    17.46	     0.00	     0.00	     0.00	     0.00	     0.00	     0.00
   921.68	 -1100.92	  -553.76	    -0.02	    20.26	     6.97	    -1.31	     0.03	     7.09	   350.12	     1.28
   941.50	 -1100.92	  -553.76	    -0.02	    19.81	     0.00	     0.00	     0.00	     0.00	     0.00	     0.00
   962.70	 -1081.46	  -554.18	    -0.07	    21.20	    19.47	    -0.42	    -0.05	    19.47	   918.38	    -2.59
   982.68	 -1071.72	  -554.75	    -0.04	    19.98	     9.74	    -0.56	     0.03	     9.76	   488.18	     1.45
  1001.54	 -1071.72	  -554.75	    -0.04	    18.85	     0.00	     0.00	     0.00	     0.00	     0.00	     0.00
  1021.49	 -1064.75	  -556.06	    -0.04	    19.95	     6.97	    -1.31	     0.00	     7.10	   355.67	     0.19
  1041.09	 -1064.75	  -556.06	    -0.04	    19.60	     0.00	     0.00	     0.00	     0.00	     0.00	     0.00
  1061.51	 -1043.90	  -555.75	    -0.07	    20.42	    20.85	     0.30	    -0.03	    20.85	  1020.93	    -1.25
  1081.58	 -1043.90	  -555.75	    -0.07	    20.07	     0.00	     0.00	     0.00	     0.00	     0.00	     0.00
  1101.55	 -1034.14	  -557.02	    -0.04	    19.97	     9.76	    -1.27	     0.02	     9.84	   492.56	     1.15
  1121.62	 -1025.77	  -558.31	    -0.02	    20.07	     8.37	    -1.29	     0.02	     8.47	   421.70	     1.11
  1142.48	 -1025.77	  -558.31	    -0.02	    20.86	     0.00	     0.00	     0.00	     0.00	     0.00	     0.00
  1162.70	 -1005.59	  -559.43	    -0.04	    20.22	    20.19	    -1.12	    -0.02	    20.22	   999.99	    -1.13
  1181.46	 -1005.59	  -559.43	    -0.04	    18.76	     0.00	     0.00	     0.00	     0.00	     0.00	     0.00
  1201.55	  -996.52	  -560.71	    -0.08	    20.09	     9.07	    -1.28	    -0.04	     9.16	   455.82	    -2.03
  1222.26	  -996.52	  -560.71	    -0.08	    20.71	     0.00	     0.00	     0.00	     0.00	     0.00	     0.00
  1241.92	  -996.52	  -560.71	    -0.08	    19.66	     0.00	     0.00	     0.00	     0.00	     0.00	     0.00
  1262.23	  -996.52	  -560.71	    -0.08	    20.31	     0.00	     0.00	     0.00	     0.00	     0.00	     0.00
  1282.46	  -965.84	  -564.50	    -0.04	    20.24	    30.68	    -3.79	     0.04	    30.91	  1527.56	     1.97
  1302.50	  -956.12	  -562.95	    -0.07	    20.04	     9.72	     1.55	    -0.02	     9.84	   491.14	    -1.08
  1323.57	  -956.12	  -562.95	    -0.07	    21.07	     0.00	     0.00	     0.00	     0.00	     0.00	     0.00
  1343.75	  -936.58	  -565.49	    -0.04	    20.18	    19.54	    -2.54	     0.02	    19.70	   976.58	     1.14
  1365.70	  -926.84	  -565.35	    -0.09	    21.95	     9.75	     0.14	    -0.04	     9.75	   444.07	    -1.98
  1383.73	  -926.84	  -565.35	    -0.09	    18.03	     0.00	     0.00	     0.00	     0.00	     0.00	     0.00
  1403.80	  -915.67	  -566.60	    -0.05	    20.07	    11.17	    -1.25	     0.04	    11.24	   559.86	     1.96
  1424.61	  -915.67	  -566.60	    -0.05	    20.81	     0.00	     0.00	     0.00	     0.00	     0.00	     0.00
  1443.59	  -915.67	  -566.60	    -0.05	    18.98	     0.00	     0.00	     0.00	     0.00	     0.00	     0.00
  1463.77	  -897.53	  -567.75	    -0.07	    20.18	    18.14	    -1.15	    -0.02	    18.17	   900.55	    -0.93
  1484.66	  -897.53	  -567.75	    -0.07	    20.89	     0.00	     0.00	     0.00	     0.00	     0.00	     0.00
  1505.01	  -875.90	  -568.85	    -0.12	    20.35	    21.63	    -1.10	    -0.05	    21.66	  1064.14	    -2.45
  1523.81	  -875.90	  -568.85	    -0.12	    18.80	     0.00	     0.00	     0.00	     0.00	     0.00	     0.00
  1544.22	  -875.90	  -568.85	    -0.12	    20.42	     0.00	     0.00	     0.00	     0.00	     0.00	     0.00
  1563.33	  -875.90	  -568.85	    -0.12	    19.11	     0.00	     0.00	     0.00	     0.00	     0.00	     0.00
  1583.33	  -875.90	  -568.85	    -0.12	    20.00	     0.00	     0.00	     0.00	     0.00	     0.00	     0.00
  1604.26	  -875.90	  -568.85	    -0.12	    20.93	     0.00	     0.00	     0.00	     0.00	     0.00	     0.00
  1625.82	  -837.44	  -573.96	    -0.11	    21.55	    38.46	    -5.10	     0.00	    38.80	  1800.02	     0.20
  1644.51	  -837.44	  -573.96	    -0.11	    18.69	     0.00	     0.00	     0.00	     0.00	     0.00	     0.00
  1664.47	  -817.15	  -576.50	    -0.09	    19.96	    20.29	    -2.54	     0.02	    20.45	  1024.50	     1.08
  1684.59	  -808.07	  -576.37	    -0.09	    20.12	     9.08	     0.13	     0.00	     9.08	   451.15	     0.06
  1705.03	  -808.07	  -576.37	    -0.09	    20.44	     0.00	     0.00	     0.00	     0.00	     0.00	     0.00
  1726.04	  -808.07	  -576.37	    -0.09	    21.01	     0.00	     0.00	     0.00	     0.00	     0.00	     0.00
  1746.72	  -787.76	  -578.91	    -0.09	    20.68	    20.31	    -2.54	    -0.00	    20.47	   989.57	    -0.06
  1765.11	  -787.76	  -578.91	    -0.09	    18.39	     0.00	     0.00	     0.00	     0.00	     0.00	     0.00
  1785.44	  -768.14	  -581.46	    -0.11	    20.33	    19.63	    -2.55	    -0.02	    19.79	   973.40	    -1.13
  1806.51	  -768.14	  -581.46	    -0.11	    21.07	     0.00	     0.00	     0.00	     0.00	     0.00	     0.00
  1826.13	  -768.14	  -581.46	    -0.11	    19.62	     0.00	     0.00	     0.00	     0.00	     0.00	     0.00
  1845.02	  -768.14	  -581.46	    -0.11	    18.89	     0.00	     0.00	     0.00	     0.00	     0.00	     0.00
  1865.05	  -768.14	  -581.46	    -0.11	    20.03	     0.00	     0.00	     0.00	     0.00	     0.00	     0.00
  1888.90	  -728.85	  -586.57	    -0.11	    23.85	    39.29	    -5.11	     0.00	    39.62	  1661.07	     0.12
  1908.46	  -728.85	  -586.57	    -0.11	    19.55	     0.00	     0.00	     0.00	     0.00	     0.00	     0.00
  1927.72	  -728.85	  -586.57	    -0.11	    19.27	     0.00	     0.00	     0.00	     0.00	     0.00	     0.00
  1945.43	  -709.88	  -589.14	    -0.09	    17.71	    18.97	    -2.57	     0.02	    19.14	  1080.62	     1.20
  1965.45	  -702.87	  -589.04	    -0.11	    20.02	     7.01	     0.10	    -0.02	     7.01	   350.17	    -0.99
  1986.82	  -702.87	  -589.04	    -0.11	    21.37	     0.00	     0.00	     0.00	     0.00	     0.00	     0.00
  2007.22	  -686.00	  -590.93	    -0.11	    20.40	    16.87	    -1.89	     0.00	    16.97	   832.02	     0.01
  2026.04	  -686.00	  -590.93	    -0.11	    18.82	     0.00	     0.00	     0.00	     0.00	     0.00	     0.00
  2045.60	  -680.39	  -590.85	    -0.10	    19.56	     5.61	     0.08	     0.01	     5.61	   286.90	     0.29
  2065.93	  -680.39	  -590.85	    -0.10	    20.32	     0.00	     0.00	     0.00	     0.00	     0.00	     0.00
  2085.54	  -680.39	  -590.85	    -0.10	    19.61	     0.00	     0.00	     0.00	     0.00	     0.00	     0.00
  2105.50	  -680.39	  -590.85	    -0.10	    19.96	     0.00	     0.00	     0.00	     0.00	     0.00	     0.00
  2125.21	  -680.39	  -590.85	    -0.10	    19.71	     0.00	     0.00	     0.00	     0.00	     0.00	     0.00
  2145.71	  -657.87	  -594.08	    -0.09	    20.50	    22.53	    -3.23	     0.01	    22.76	  1109.86	     0.56
  2165.37	  -657.87	  -594.08	    -0.09	    19.66	     0.00	     0.00	     0.00	     0.00	     0.00	     0.00
  2185.14	  -657.87	  -594.08	    -0.09	    19.77	     0.00	     0.00	     0.00	     0.00	     0.00	     0.00
  2214.68	  -645.18	  -596.03	    -0.08	    29.54	    12.68	    -1.95	     0.02	    12.83	   434.41	     0.53
