     Time	    Pos x	    Pos y	    Angle	Diff Time	Diff Posx	Diff Posy	Diff Angl	Diff Long	Rel Speed	Rel AnSpd	
     0.00	 -1721.77	  -544.34	     0.05	     0.00	     0.00	     0.00	     0.00	     0.00	     0.00	     0.00
    18.22	 -1721.79	  -542.93	     0.03	    18.22	    -0.02	     1.41	    -0.02	     1.41	    77.40	    -1.10
    38.20	 -1718.96	  -544.30	     0.05	    19.98	     2.83	    -1.37	     0.02	     3.14	   157.37	     1.00
    98.33	 -1716.15	  -544.26	     0.10	    60.13	     2.81	     0.04	     0.05	     2.81	    46.74	     0.83
   118.24	 -1714.74	  -544.24	     0.05	    19.91	     1.41	     0.02	    -0.05	     1.41	    70.83	    -2.51
   138.28	 -1711.13	  -550.55	     0.16	    20.04	     3.61	    -6.31	     0.11	     7.27	   362.76	     5.49
   180.09	 -1710.52	  -544.18	     0.05	    41.81	     0.61	     6.37	    -0.11	     6.40	   153.05	    -2.63
   198.19	 -1707.71	  -544.14	     0.05	    18.10	     2.81	     0.04	     0.00	     2.81	   155.26	     0.00
   218.20	 -1704.90	  -544.10	     0.05	    20.01	     2.81	     0.04	     0.00	     2.81	   140.44	     0.00
   238.40	 -1702.09	  -544.06	     0.05	    20.20	     2.81	     0.04	     0.00	     2.81	   139.12	     0.00
   280.39	 -1699.27	  -544.02	     0.05	    41.99	     2.82	     0.04	     0.00	     2.82	    67.17	     0.00
   298.61	 -1696.46	  -543.98	     0.05	    18.22	     2.81	     0.04	     0.00	     2.81	   154.24	     0.00
   318.57	 -1693.65	  -543.94	     0.05	    19.96	     2.81	     0.04	     0.00	     2.81	   140.80	     0.00
   338.98	 -1709.76	  -548.41	     0.18	    20.41	   -16.11	    -4.47	     0.13	    16.72	  -819.14	     6.37
   359.81	 -1688.03	  -543.86	     0.03	    20.83	    21.73	     4.55	    -0.15	    22.20	  1065.83	    -7.20
   399.34	 -1653.83	  -531.37	    -2.29	    39.53	    34.20	    12.49	    -2.32	    36.41	  -921.06	   -58.69
   419.12	 -1681.01	  -543.77	     0.05	    19.78	   -27.18	   -12.40	     2.34	    29.87	 -1510.36	   118.30
   439.45	 -1700.63	  -548.28	     0.09	    20.33	   -19.62	    -4.51	     0.04	    20.13	  -990.24	     1.97
   478.80	 -1673.99	  -543.67	     0.05	    39.35	    26.64	     4.61	    -0.04	    27.04	   687.06	    -1.02
   498.69	 -1671.19	  -542.92	     0.04	    19.89	     2.80	     0.75	    -0.01	     2.90	   145.74	    -0.50
   519.01	 -1690.79	  -548.14	     0.09	    20.32	   -19.60	    -5.22	     0.05	    20.28	  -998.19	     2.46
   562.38	 -1659.96	  -543.47	     0.05	    43.37	    30.83	     4.67	    -0.04	    31.18	   718.97	    -0.92
   661.66	 -1648.75	  -541.90	     0.05	    99.28	    11.21	     1.57	     0.00	    11.32	   114.01	     0.00
   750.69	 -1637.52	  -543.15	     0.10	    89.03	    11.23	    -1.25	     0.05	    11.30	   126.92	     0.56
   780.35	 -1629.13	  -541.62	     0.08	    29.66	     8.39	     1.53	    -0.02	     8.53	   287.54	    -0.67
   801.94	 -1626.32	  -541.58	     0.07	    21.59	     2.81	     0.04	    -0.01	     2.81	   130.17	    -0.46
   821.95	 -1622.12	  -541.52	     0.05	    20.01	     4.20	     0.06	    -0.02	     4.20	   209.92	    -1.00
   842.38	 -1617.92	  -541.46	     0.07	    20.43	     4.20	     0.06	     0.02	     4.20	   205.60	     0.98
   921.96	 -1629.05	  -547.26	     0.13	    79.58	   -11.13	    -5.80	     0.06	    12.55	  -157.71	     0.75
   960.50	 -1602.44	  -546.18	     0.21	    38.54	    26.61	     1.08	     0.08	    26.63	   691.02	     2.08
   980.64	 -1598.33	  -539.77	     0.10	    20.14	     4.11	     6.41	    -0.11	     7.61	   378.08	    -5.46
  1000.83	 -1592.73	  -539.69	     0.10	    20.19	     5.60	     0.08	     0.00	     5.60	   277.39	     0.00
  1020.83	 -1589.94	  -539.65	     0.10	    20.00	     2.79	     0.04	     0.00	     2.79	   139.51	     0.00
  1142.82	 -1574.53	  -540.13	     0.10	   121.99	    15.41	    -0.48	     0.00	    15.42	   126.38	     0.00
  1162.85	 -1568.87	  -544.29	     0.18	    20.03	     5.66	    -4.16	     0.08	     7.02	   350.69	     3.99
  1182.88	 -1564.78	  -537.88	     0.07	    20.03	     4.09	     6.41	    -0.11	     7.60	   379.62	    -5.49
  1202.80	 -1560.44	  -546.99	     0.25	    19.92	     4.34	    -9.11	     0.18	    10.09	   506.57	     9.04
  1303.51	 -1543.71	  -543.93	     0.24	   100.71	    16.73	     3.06	    -0.01	    17.01	   168.88	    -0.10
  1363.50	 -1548.64	  -541.88	     0.15	    59.99	    -4.93	     2.05	    -0.09	     5.34	   -89.00	    -1.50
  1423.17	 -1527.04	  -537.34	     0.24	    59.67	    21.60	     4.54	     0.09	    22.07	   369.90	     1.51
  1483.63	 -1512.98	  -543.49	     0.25	    60.46	    14.06	    -6.15	     0.01	    15.35	   253.82	     0.17
  1523.41	 -1510.30	  -536.40	     0.13	    39.78	     2.68	     7.09	    -0.12	     7.58	   190.54	    -3.02
  1543.18	 -1506.15	  -534.22	     0.09	    19.77	     4.15	     2.18	    -0.04	     4.69	   237.11	    -2.02
  1643.36	 -1487.92	  -538.90	     0.20	   100.18	    18.23	    -4.68	     0.11	    18.82	   187.87	     1.10
  1684.06	 -1478.14	  -540.17	     0.27	    40.70	     9.78	    -1.27	     0.07	     9.86	   242.31	     1.72
  1765.23	 -1465.59	  -539.99	     0.27	    81.17	    12.55	     0.18	     0.00	    12.55	   154.63	     0.00
  1785.13	 -1461.52	  -532.88	     0.15	    19.90	     4.07	     7.11	    -0.12	     8.19	   411.68	    -6.03
  1864.68	 -1453.22	  -528.53	     0.11	    79.55	     8.30	     4.35	    -0.04	     9.37	   117.80	    -0.50
  1903.98	 -1444.83	  -529.82	     0.15	    39.30	     8.39	    -1.29	     0.04	     8.49	   215.99	     1.02
  1984.23	 -1432.29	  -529.64	     0.19	    80.25	    12.54	     0.18	     0.04	    12.54	   156.28	     0.50
  2004.10	 -1428.17	  -526.05	     0.12	    19.87	     4.12	     3.59	    -0.07	     5.46	   275.02	    -3.52
  2024.04	 -1422.54	  -529.50	     0.20	    19.94	     5.63	    -3.45	     0.08	     6.60	   331.14	     4.01
  2084.12	 -1414.25	  -525.15	     0.15	    60.08	     8.29	     4.35	    -0.05	     9.36	   155.83	    -0.83
  2104.21	 -1411.50	  -523.00	     0.11	    20.09	     2.75	     2.15	    -0.04	     3.49	   173.75	    -1.99
  2145.71	 -1400.21	  -532.00	     0.26	    41.50	    11.29	    -9.00	     0.15	    14.44	   347.91	     3.61
  2204.09	 -1391.93	  -527.65	     0.28	    58.38	     8.28	     4.35	     0.02	     9.35	   160.21	     0.34
  2224.93	 -1387.75	  -527.59	     0.24	    20.84	     4.18	     0.06	    -0.04	     4.18	   200.60	    -1.92
  2245.38	 -1383.60	  -526.12	     0.21	    20.45	     4.15	     1.47	    -0.03	     4.40	   215.29	    -1.47
  2284.18	 -1377.99	  -528.86	     0.29	    38.80	     5.61	    -2.74	     0.08	     6.24	   160.91	     2.06
  2304.08	 -1375.36	  -518.95	     0.13	    19.90	     2.63	     9.91	    -0.16	    10.25	   515.23	    -8.04
  2325.34	 -1338.05	  -590.34	     1.87	    21.26	    37.31	   -71.39	     1.74	    80.55	 -3788.88	    81.84
  2345.74	 -1367.01	  -518.83	     0.15	    20.40	   -28.96	    71.51	    -1.72	    77.15	 -3781.94	   -84.31
  2384.10	 -1362.70	  -527.23	     0.27	    38.36	     4.31	    -8.40	     0.12	     9.44	   246.12	     3.13
  2430.19	 -1353.05	  -521.45	     0.22	    46.09	     9.65	     5.78	    -0.05	    11.25	   244.06	    -1.08
  2450.66	 -1347.51	  -519.96	     0.26	    20.47	     5.54	     1.49	     0.04	     5.74	   280.26	     1.95
  2485.77	 -1344.71	  -521.33	     0.25	    35.11	     2.80	    -1.37	    -0.01	     3.12	    88.78	    -0.28
  2505.65	 -1339.17	  -519.84	     0.24	    19.88	     5.54	     1.49	    -0.01	     5.74	   288.58	    -0.50
  2525.91	 -1336.49	  -513.46	     0.16	    20.26	     2.68	     6.38	    -0.08	     6.92	   341.56	    -3.95
  2547.50	 -1330.92	  -514.08	     0.18	    21.59	     5.57	    -0.62	     0.02	     5.60	   259.58	     0.93
  2585.79	 -1325.28	  -518.23	     0.27	    38.29	     5.64	    -4.15	     0.09	     7.00	   182.88	     2.35
  2607.03	 -1322.53	  -516.78	     0.21	    21.24	     2.75	     1.45	    -0.06	     3.11	   146.37	    -2.82
  2626.65	 -1316.92	  -519.52	     0.29	    19.62	     5.61	    -2.74	     0.08	     6.24	   318.21	     4.08
  2665.66	 -1312.86	  -512.41	     0.22	    39.01	     4.06	     7.11	    -0.07	     8.19	   209.88	    -1.79
  2685.75	 -1308.68	  -513.06	     0.20	    20.09	     4.18	    -0.65	    -0.02	     4.23	   210.56	    -1.00
  2705.61	 -1305.91	  -512.31	     0.19	    19.86	     2.77	     0.75	    -0.01	     2.87	   144.50	    -0.50
  2725.84	 -1300.40	  -509.41	     0.18	    20.23	     5.51	     2.90	    -0.01	     6.23	   307.79	    -0.49
  2765.88	 -1294.70	  -517.79	     0.32	    40.04	     5.70	    -8.38	     0.14	    10.13	   253.12	     3.50
  2785.85	 -1289.16	  -516.30	     0.31	    19.97	     5.54	     1.49	    -0.01	     5.74	   287.27	    -0.50
  2806.77	 -1286.47	  -510.62	     0.24	    20.92	     2.69	     5.68	    -0.07	     6.28	   300.42	    -3.35
  2845.73	 -1283.07	  -506.35	     0.17	    38.96	     3.40	     4.27	    -0.07	     5.46	   140.10	    -1.80
  2865.73	 -1278.14	  -510.50	     0.26	    20.00	     4.93	    -4.15	     0.09	     6.44	   322.21	     4.50
  2886.51	 -1274.06	  -504.80	     0.19	    20.78	     4.08	     5.70	    -0.07	     7.01	   337.33	    -3.37
  2925.81	 -1268.50	  -504.72	     0.20	    39.30	     5.56	     0.08	     0.01	     5.56	   141.49	     0.25
  2967.01	 -1260.20	  -502.49	     0.16	    41.20	     8.30	     2.23	    -0.04	     8.59	   208.60	    -0.97
  2986.79	 -1255.95	  -507.36	     0.26	    19.78	     4.25	    -4.87	     0.10	     6.46	   326.78	     5.06
  3025.75	 -1250.37	  -508.69	     0.33	    38.96	     5.58	    -1.33	     0.07	     5.74	   147.24	     1.80
  3045.73	 -1247.68	  -503.01	     0.24	    19.98	     2.69	     5.68	    -0.09	     6.28	   314.55	    -4.50
  3066.73	 -1243.57	  -499.43	     0.21	    21.00	     4.11	     3.58	    -0.03	     5.45	   259.55	    -1.43
  3109.31	 -1233.80	  -502.11	     0.28	    42.58	     9.77	    -2.68	     0.07	    10.13	   237.93	     1.64
  3146.06	 -1229.73	  -496.41	     0.20	    36.75	     4.07	     5.70	    -0.08	     7.00	   190.58	    -2.18
  3187.73	 -1219.94	  -499.79	     0.25	    41.67	     9.79	    -3.38	     0.05	    10.36	   248.55	     1.20
  3226.31	 -1215.80	  -498.32	     0.26	    38.58	     4.14	     1.47	     0.01	     4.39	   113.87	     0.26
  3246.39	 -1211.66	  -496.85	     0.26	    20.08	     4.14	     1.47	     0.00	     4.39	   218.79	     0.00
  3266.43	 -1207.56	  -492.56	     0.19	    20.04	     4.10	     4.29	    -0.07	     5.93	   296.12	    -3.49
  3286.91	 -1201.98	  -493.89	     0.22	    20.48	     5.58	    -1.33	     0.03	     5.74	   280.09	     1.46
  3325.93	 -1197.77	  -496.65	     0.30	    39.02	     4.21	    -2.76	     0.08	     5.03	   129.01	     2.05
  3346.31	 -1193.67	  -492.36	     0.24	    20.38	     4.10	     4.29	    -0.06	     5.93	   291.18	    -2.94
  3367.47	 -1189.43	  -496.52	     0.31	    21.16	     4.24	    -4.16	     0.07	     5.94	   280.72	     3.31
  3406.15	 -1185.34	  -492.23	     0.28	    38.68	     4.09	     4.29	    -0.03	     5.93	   153.24	    -0.78
  3426.31	 -1179.83	  -489.33	     0.24	    20.16	     5.51	     2.90	    -0.04	     6.23	   308.86	    -1.98
  3446.71	 -1177.05	  -489.29	     0.24	    20.40	     2.78	     0.04	     0.00	     2.78	   136.29	     0.00
  3466.76	 -1171.52	  -487.80	     0.25	    20.05	     5.53	     1.49	     0.01	     5.73	   285.65	     0.50
  3506.24	 -1167.28	  -491.97	     0.30	    39.48	     4.24	    -4.17	     0.05	     5.95	   150.63	     1.27
  3526.55	 -1162.54	  -484.85	     0.22	    20.31	     4.74	     7.12	    -0.08	     8.55	   421.15	    -3.94
  3546.74	 -1159.09	  -483.39	     0.24	    20.19	     3.45	     1.46	     0.02	     3.75	   185.55	     0.99
  3567.08	 -1153.42	  -490.36	     0.36	    20.34	     5.67	    -6.97	     0.12	     8.98	   441.74	     5.90
  3606.98	 -1149.30	  -487.47	     0.31	    39.90	     4.12	     2.89	    -0.05	     5.03	   126.13	    -1.25
  3627.52	 -1145.11	  -488.82	     0.33	    20.54	     4.19	    -1.35	     0.02	     4.40	   214.32	     0.97
  3647.90	 -1141.06	  -481.71	     0.26	    20.38	     4.05	     7.11	    -0.07	     8.18	   401.50	    -3.43
  3687.07	 -1135.48	  -483.04	     0.26	    39.17	     5.58	    -1.33	     0.00	     5.74	   146.45	     0.00
  3707.48	 -1131.39	  -478.75	     0.23	    20.41	     4.09	     4.29	    -0.03	     5.93	   290.41	    -1.47
  3727.92	 -1127.12	  -484.33	     0.32	    20.44	     4.27	    -5.58	     0.09	     7.03	   343.75	     4.40
  3747.88	 -1121.61	  -481.43	     0.31	    19.96	     5.51	     2.90	    -0.01	     6.23	   311.95	    -0.50
  3787.13	 -1118.89	  -478.57	     0.31	    39.25	     2.72	     2.86	     0.00	     3.95	   100.56	     0.00
  3807.19	 -1113.33	  -478.48	     0.31	    20.06	     5.56	     0.09	     0.00	     5.56	   277.20	     0.00
  3827.77	 -1109.24	  -474.19	     0.24	    20.58	     4.09	     4.29	    -0.07	     5.93	   288.01	    -3.40
  3867.17	 -1105.02	  -476.95	     0.29	    39.40	     4.22	    -2.76	     0.05	     5.04	   127.98	     1.27
  3887.11	 -1100.95	  -471.25	     0.22	    19.94	     4.07	     5.70	    -0.07	     7.00	   351.25	    -3.51
  3907.99	 -1096.76	  -472.59	     0.26	    20.88	     4.19	    -1.34	     0.04	     4.40	   210.68	     1.92
  3927.95	 -1092.61	  -471.12	     0.27	    19.96	     4.15	     1.47	     0.01	     4.40	   220.57	     0.50
  3967.18	 -1086.98	  -475.27	     0.33	    39.23	     5.63	    -4.15	     0.06	     6.99	   178.29	     1.53
  3987.09	 -1085.73	  -467.49	     0.23	    19.91	     1.25	     7.78	    -0.10	     7.88	   395.77	    -5.02
  4008.13	 -1081.55	  -468.14	     0.25	    21.04	     4.18	    -0.65	     0.02	     4.23	   201.06	     0.95
  4029.03	 -1077.36	  -469.48	     0.32	    20.90	     4.19	    -1.34	     0.07	     4.40	   210.48	     3.35
  4067.29	 -1095.30	  -476.10	     0.29	    38.26	   -17.94	    -6.62	    -0.03	    19.12	  -499.80	    -0.78
  4109.68	 -1071.82	  -467.99	     0.29	    42.39	    23.48	     8.11	     0.00	    24.84	   586.01	     0.00
  4129.68	 -1069.05	  -467.95	     0.29	    20.00	     2.77	     0.04	     0.00	     2.77	   138.51	     0.00
  4167.23	 -1069.10	  -465.13	     0.26	    37.55	    -0.05	     2.82	    -0.03	     2.82	    75.11	    -0.80
  4187.48	 -1067.58	  -472.16	     0.36	    20.25	     1.52	    -7.03	     0.10	     7.19	  -355.18	     4.94
  4208.75	 -1066.24	  -469.32	     0.34	    21.27	     1.34	     2.84	    -0.02	     3.14	   147.64	    -0.94
  4247.29	 -1066.24	  -469.32	     0.31	    38.54	     0.00	     0.00	    -0.03	     0.00	     0.00	    -0.78
  4267.30	 -1064.95	  -463.66	     0.23	    20.01	     1.29	     5.66	    -0.08	     5.81	   290.11	    -4.00
  4287.24	 -1064.90	  -466.48	     0.29	    19.94	     0.05	    -2.82	     0.06	     2.82	  -141.45	     3.01
  4308.55	 -1064.94	  -464.36	     0.29	    21.31	    -0.04	     2.12	     0.00	     2.12	    99.50	     0.00
  4347.42	 -1066.34	  -463.68	     0.26	    38.87	    -1.40	     0.68	    -0.03	     1.56	   -40.04	    -0.77
