     Time	    Pos x	    Pos y	    Angle	Diff Time	Diff Posx	Diff Posy	Diff Angl	Diff Leng	Rel Speed	Rel AnSpd	
     0.00	 -1348.57	  -540.43	     0.00	     0.00	     0.00	     0.00	     0.00	     0.00	     0.00	     0.00
    21.87	 -1349.27	  -540.44	     0.03	    21.87	    -0.70	    -0.01	     0.03	     0.70	   -32.01	     1.37
   121.98	 -1361.72	  -544.84	     0.06	   100.11	   -12.45	    -4.40	     0.03	    13.20	  -131.90	     0.30
   200.44	 -1337.46	  -539.56	     0.15	    78.46	    24.26	     5.28	     0.09	    24.83	   316.44	     1.15
   240.44	 -1333.31	  -538.09	     0.17	    40.00	     4.15	     1.47	     0.02	     4.40	   110.07	     0.50
   262.54	 -1327.65	  -543.65	     0.31	    22.10	     5.66	    -5.56	     0.14	     7.93	   359.01	     6.33
   282.23	 -1323.59	  -536.54	     0.24	    19.69	     4.06	     7.11	    -0.07	     8.19	   415.82	    -3.56
   302.69	 -1316.69	  -533.62	     0.26	    20.46	     6.90	     2.92	     0.02	     7.49	   366.20	     0.98
   322.68	 -1312.55	  -531.44	     0.30	    19.99	     4.14	     2.18	     0.04	     4.68	   234.06	     2.00
   362.07	 -1307.00	  -530.66	     0.33	    39.39	     5.55	     0.78	     0.03	     5.60	   142.28	     0.76
   382.73	 -1300.10	  -527.74	     0.33	    20.66	     6.90	     2.92	     0.00	     7.49	   362.65	     0.00
   402.60	 -1293.17	  -526.23	     0.38	    19.87	     6.93	     1.51	     0.05	     7.09	   356.95	     2.52
   442.00	 -1289.04	  -523.35	     0.40	    39.40	     4.13	     2.88	     0.02	     5.04	   127.79	     0.51
   461.78	 -1279.32	  -523.21	     0.48	    19.78	     9.72	     0.14	     0.08	     9.72	   491.46	     4.04
   481.91	 -1273.83	  -518.90	     0.48	    20.13	     5.49	     4.31	     0.00	     6.98	   346.73	     0.00
   502.60	 -1266.90	  -517.39	     0.55	    20.69	     6.93	     1.51	     0.07	     7.09	   342.80	     3.38
   541.62	 -1258.61	  -514.45	     0.62	    39.02	     8.29	     2.94	     0.07	     8.80	   225.42	     1.79
   562.31	 -1253.12	  -510.14	     0.63	    20.69	     5.49	     4.31	     0.01	     6.98	   337.35	     0.48
   582.35	 -1246.25	  -505.81	     0.65	    20.04	     6.87	     4.33	     0.02	     8.12	   405.22	     1.00
   620.56	 -1239.37	  -501.48	     0.69	    38.21	     6.88	     4.33	     0.04	     8.13	   212.75	     1.05
   642.16	 -1233.88	  -497.17	     0.73	    21.60	     5.49	     4.31	     0.04	     6.98	   323.13	     1.85
   700.53	 -1220.16	  -487.10	     0.79	    58.37	    13.72	    10.07	     0.06	    17.02	   291.57	     1.03
   721.75	 -1217.50	  -480.02	     0.78	    21.22	     2.66	     7.08	    -0.01	     7.56	   356.42	    -0.47
   742.07	 -1207.85	  -475.65	     0.84	    20.32	     9.65	     4.37	     0.06	    10.59	   521.33	     2.95
   763.08	 -1205.20	  -467.85	     0.82	    21.01	     2.65	     7.80	    -0.02	     8.24	   392.09	    -0.95
   783.18	 -1197.65	  -462.81	     0.88	    20.10	     7.55	     5.04	     0.06	     9.08	   451.63	     2.99
   823.18	 -1191.50	  -457.08	     0.94	    40.00	     6.15	     5.73	     0.06	     8.41	   210.14	     1.50
   955.73	 -1169.73	  -430.68	     1.06	   132.55	    21.77	    26.40	     0.12	    34.22	   258.15	     0.91
  1024.88	 -1154.29	  -400.13	     1.18	    69.15	    15.44	    30.55	     0.12	    34.23	   495.01	     1.74
  1045.08	 -1155.10	  -393.09	     1.15	    20.20	    -0.81	     7.04	    -0.03	     7.09	   350.81	    -1.49
  1065.57	 -1146.90	  -385.92	     1.24	    20.49	     8.20	     7.17	     0.09	    10.89	   531.61	     4.39
  1105.05	 -1145.66	  -377.44	     1.26	    39.48	     1.24	     8.48	     0.02	     8.57	   217.08	     0.51
  1125.03	 -1141.64	  -368.92	     1.31	    19.98	     4.02	     8.52	     0.05	     9.42	   471.51	     2.50
  1146.45	 -1143.18	  -360.48	     1.24	    21.42	    -1.54	     8.44	    -0.07	     8.58	   400.53	    -3.27
  1166.63	 -1140.53	  -353.39	     1.27	    20.18	     2.65	     7.09	     0.03	     7.57	   375.08	     1.49
  1206.68	 -1142.09	  -343.54	     1.29	    40.05	    -1.56	     9.85	     0.02	     9.97	   249.01	     0.50
  1226.77	 -1133.20	  -335.64	     1.39	    20.09	     8.89	     7.90	     0.10	    11.89	   591.98	     4.98
  1246.72	 -1131.28	  -326.44	     1.47	    19.95	     1.92	     9.20	     0.08	     9.40	   471.09	     4.01
  1267.00	 -1135.60	  -318.04	     1.42	    20.28	    -4.32	     8.40	    -0.05	     9.45	   465.77	    -2.47
  1326.93	 -1129.66	  -301.01	     1.56	    59.93	     5.94	    17.03	     0.14	    18.04	   300.95	     2.34
  1348.06	 -1129.84	  -291.14	     1.55	    21.13	    -0.18	     9.87	    -0.01	     9.87	   467.19	    -0.47
  1368.57	 -1128.60	  -282.65	     1.64	    20.51	     1.24	     8.49	     0.09	     8.58	   418.34	     4.39
  1406.96	 -1130.14	  -274.20	     1.60	    38.39	    -1.54	     8.45	    -0.04	     8.59	   223.73	    -1.04
  1426.83	 -1130.27	  -267.15	     1.64	    19.87	    -0.13	     7.05	     0.04	     7.05	   354.87	     2.01
  1486.84	 -1130.61	  -248.79	     1.76	    60.01	    -0.34	    18.36	     0.12	    18.36	   306.00	     2.00
  1508.10	 -1130.76	  -240.32	     1.78	    21.26	    -0.15	     8.47	     0.02	     8.47	   398.46	     0.94
  1566.84	 -1135.25	  -222.73	     1.79	    58.74	    -4.49	    17.59	     0.01	    18.15	   309.06	     0.17
  1627.59	 -1139.88	  -198.07	     1.89	    60.75	    -4.63	    24.66	     0.10	    25.09	   413.02	     1.65
  1647.60	 -1142.82	  -189.64	     1.92	    20.01	    -2.94	     8.43	     0.03	     8.93	   446.17	     1.50
  1740.57	 -1173.40	  -152.64	     0.00	    92.97	   -30.58	    37.00	    -1.92	    48.00	  -516.31	   -20.65
  1760.74	 -1153.89	  -155.16	     2.18	    20.17	    19.51	    -2.52	     2.18	    19.67	  -975.31	   108.08
  1788.00	 -1157.52	  -146.73	     2.14	    27.26	    -3.63	     8.43	    -0.04	     9.18	   336.70	    -1.47
  1808.68	 -1161.83	  -139.72	     2.20	    20.68	    -4.31	     7.01	     0.06	     8.23	   397.92	     2.90
  1828.76	 -1166.16	  -131.30	     2.21	    20.08	    -4.33	     8.42	     0.01	     9.47	   471.52	     0.50
  1867.62	 -1171.85	  -124.31	     2.21	    38.86	    -5.69	     6.99	     0.00	     9.01	   231.94	     0.00
  1889.11	 -1176.19	  -115.88	     2.23	    21.49	    -4.34	     8.43	     0.02	     9.48	   441.21	     0.93
  1909.08	 -1181.88	  -108.89	     2.27	    19.97	    -5.69	     6.99	     0.04	     9.01	   451.33	     2.00
  1929.25	 -1184.80	  -101.85	     2.33	    20.17	    -2.92	     7.04	     0.06	     7.62	   377.87	     2.97
  1989.79	 -1196.23	   -86.44	     2.35	    60.54	   -11.43	    15.41	     0.02	    19.19	   316.92	     0.33
  2010.78	 -1203.29	   -80.88	     2.35	    20.99	    -7.06	     5.56	     0.00	     8.99	   428.13	     0.00
  2049.34	 -1207.60	   -73.86	     2.43	    38.56	    -4.31	     7.02	     0.08	     8.24	   213.63	     2.07
  2069.49	 -1214.70	   -66.88	     2.48	    20.15	    -7.10	     6.98	     0.05	     9.96	   494.12	     2.48
  2111.25	 -1227.47	   -54.31	     2.51	    41.76	   -12.77	    12.57	     0.03	    17.92	   429.09	     0.72
  2149.42	 -1234.57	   -47.33	     2.52	    38.17	    -7.10	     6.98	     0.01	     9.96	   260.84	     0.26
  2170.34	 -1240.25	   -41.73	     2.58	    20.92	    -5.68	     5.60	     0.06	     7.98	   381.28	     2.87
  2190.35	 -1247.29	   -37.58	     2.61	    20.01	    -7.04	     4.15	     0.03	     8.17	   408.40	     1.50
  2210.47	 -1255.74	   -32.74	     2.60	    20.12	    -8.45	     4.84	    -0.01	     9.74	   483.99	    -0.50
  2249.57	 -1263.54	   -25.76	     2.67	    39.10	    -7.80	     6.98	     0.07	    10.47	   267.70	     1.79
  2290.57	 -1268.47	   -22.99	     2.66	    41.00	    -4.93	     2.77	    -0.01	     5.65	   137.92	    -0.24
  2310.28	 -1278.34	   -16.74	     2.70	    19.71	    -9.87	     6.25	     0.04	    11.68	   592.72	     2.03
  2329.38	 -1282.58	   -13.96	     2.75	    19.10	    -4.24	     2.78	     0.05	     5.07	   265.45	     2.62
  2370.59	 -1315.16	    11.86	    -2.06	    41.21	   -32.58	    25.82	    -4.81	    41.57	 -1008.75	  -116.72
  2409.58	 -1310.69	    -1.58	     2.83	    38.99	     4.47	   -13.44	     4.89	    14.16	  -363.27	   125.42
  2429.63	 -1317.75	     2.59	     2.87	    20.05	    -7.06	     4.17	     0.04	     8.20	   408.95	     2.00
  2470.07	 -1327.56	     5.29	     2.90	    40.44	    -9.81	     2.70	     0.03	    10.17	   251.60	     0.74
  2490.56	 -1335.28	     8.03	     2.96	    20.49	    -7.72	     2.74	     0.06	     8.19	   399.80	     2.93
  2509.47	 -1343.01	    10.77	     2.97	    18.91	    -7.73	     2.74	     0.01	     8.20	   433.70	     0.53
  2570.28	 -1359.83	    14.81	     3.04	    60.81	   -16.82	     4.04	     0.07	    17.30	   284.47	     1.15
  2590.60	 -1373.83	    17.47	     3.05	    20.32	   -14.00	     2.66	     0.01	    14.25	   701.30	     0.49
  2630.38	 -1382.24	    19.49	     3.07	    39.78	    -8.41	     2.02	     0.02	     8.65	   217.43	     0.50
  2670.79	 -1389.23	    20.12	     3.09	    40.41	    -6.99	     0.63	     0.02	     7.02	   173.68	     0.49
  2689.56	 -1396.27	    22.87	     3.14	    18.77	    -7.04	     2.75	     0.05	     7.56	   402.67	     2.66
  2709.60	 -1400.45	    22.82	     3.14	    20.04	    -4.18	    -0.05	     0.00	     4.18	  -208.60	     0.00
  2752.41	 -1410.22	    22.70	    -3.09	    42.81	    -9.77	    -0.12	    -6.23	     9.77	   228.23	  -145.53
  2793.92	 -1445.34	    32.23	    -0.78	    41.51	   -35.12	     9.53	     2.31	    36.39	  -876.66	    55.65
  2812.36	 -1419.29	    22.58	    -3.09	    18.44	    26.05	    -9.65	    -2.31	    27.78	 -1506.50	  -125.27
  2832.40	 -1452.32	    32.15	    -0.72	    20.04	   -33.03	     9.57	     2.37	    34.39	 -1715.99	   118.26
  2874.31	 -1453.72	    32.13	    -0.79	    41.91	    -1.40	    -0.02	    -0.07	     1.40	   -33.41	    -1.67
  2892.54	 -1460.89	     9.99	     0.36	    18.23	    -7.17	   -22.14	     1.15	    23.27	 -1276.58	    63.08
  2912.37	 -1436.06	    23.80	    -3.01	    19.83	    24.83	    13.81	    -3.37	    28.41	 -1432.78	  -169.94
  2932.55	 -1433.94	    22.41	    -3.04	    20.18	     2.12	    -1.39	    -0.03	     2.54	  -125.62	    -1.49
  2953.11	 -1436.73	    22.37	    -3.04	    20.56	    -2.79	    -0.04	     0.00	     2.79	   135.71	     0.00
  2992.45	 -1438.13	    22.36	    -3.04	    39.34	    -1.40	    -0.01	     0.00	     1.40	    35.59	     0.00
  3033.77	 -1440.22	    22.33	    -3.04	    41.32	    -2.09	    -0.03	     0.00	     2.09	    50.59	     0.00
  3072.86	 -1440.92	    22.32	    -3.04	    39.09	    -0.70	    -0.01	     0.00	     0.70	    17.91	     0.00
  3092.42	 -1440.89	    20.90	    -3.07	    19.56	     0.03	    -1.42	    -0.03	     1.42	    72.61	    -1.53
  3112.63	 -1440.92	    22.32	    -3.04	    20.21	    -0.03	     1.42	     0.03	     1.42	   -70.28	     1.48
  3192.50	 -1446.53	    23.68	    -2.94	    79.87	    -5.61	     1.36	     0.10	     5.77	   -72.27	     1.25
  3253.99	 -1439.52	    22.34	    -2.99	    61.49	     7.01	    -1.34	    -0.05	     7.14	  -116.07	    -0.81
  3292.66	 -1441.58	    20.89	    -3.07	    38.67	    -2.06	    -1.45	    -0.08	     2.52	    65.14	    -2.07
  3312.75	 -1447.23	    23.67	    -3.00	    20.09	    -5.65	     2.78	     0.07	     6.30	  -313.43	     3.48
  3332.94	 -1438.82	    22.35	    -2.17	    20.19	     8.41	    -1.32	     0.83	     8.51	  -421.64	    41.11
  3372.64	 -1441.62	    22.31	    -3.04	    39.70	    -2.80	    -0.04	    -0.87	     2.80	    70.54	   -21.91
  3413.62	 -1440.92	    22.32	    -2.99	    40.98	     0.70	     0.01	     0.05	     0.70	   -17.08	     1.22
  3433.48	 -1442.28	    20.88	    -3.06	    19.86	    -1.36	    -1.44	    -0.07	     1.98	    99.73	    -3.52
  3452.57	 -1443.71	    22.29	    -2.99	    19.09	    -1.43	     1.41	     0.07	     2.01	  -105.20	     3.67
  3472.66	 -1442.28	    20.88	    -3.06	    20.09	     1.43	    -1.41	    -0.07	     2.01	   -99.96	    -3.48
  3513.87	 -1440.89	    20.90	    -3.07	    41.21	     1.39	     0.02	    -0.01	     1.39	   -33.73	    -0.24
  3533.89	 -1441.62	    22.31	    -3.04	    20.02	    -0.73	     1.41	     0.03	     1.59	   -79.31	     1.50
  3572.65	 -1440.89	    20.90	    -3.07	    38.76	     0.73	    -1.41	    -0.03	     1.59	   -40.96	    -0.77
  3592.58	 -1469.75	    30.52	    -1.41	    19.93	   -28.86	     9.62	     1.66	    30.42	 -1526.40	    83.29
  3613.21	 -1438.78	    20.21	    -3.03	    20.63	    30.97	   -10.31	    -1.62	    32.64	 -1582.21	   -78.53
  3652.60	 -1440.92	    22.32	    -3.04	    39.39	    -2.14	     2.11	    -0.01	     3.01	   -76.30	    -0.25
  3693.23	 -1447.23	    23.67	    -3.00	    40.63	    -6.31	     1.35	     0.04	     6.45	  -158.82	     0.98
  3732.51	 -1443.71	    22.29	    -3.04	    39.28	     3.52	    -1.38	    -0.04	     3.78	   -96.25	    -1.02
  3752.52	 -1440.89	    20.90	    -3.07	    20.01	     2.82	    -1.39	    -0.03	     3.14	  -157.12	    -1.50
  3773.81	 -1440.92	    22.32	    -3.04	    21.29	    -0.03	     1.42	     0.03	     1.42	   -66.71	     1.41
  3814.87	 -1469.75	    30.52	    -0.72	    41.06	   -28.83	     8.20	     2.32	    29.97	  -729.99	    56.50
  3853.59	 -1470.45	    30.51	    -1.20	    38.72	    -0.70	    -0.01	    -0.48	     0.70	   -18.08	   -12.40
  3895.16	 -1442.31	    22.31	    -3.04	    41.57	    28.14	    -8.20	    -1.84	    29.31	  -705.09	   -44.26
  3953.69	 -1440.92	    22.32	    -3.04	    58.53	     1.39	     0.01	     0.00	     1.39	   -23.75	     0.00
  3994.89	 -1469.03	    29.82	    -1.40	    41.20	   -28.11	     7.50	     1.64	    29.09	  -706.15	    39.81
  4013.77	 -1469.05	    30.53	    -1.79	    18.88	    -0.02	     0.71	    -0.39	     0.71	   -37.62	   -20.66
  4033.77	 -1469.05	    30.53	    -0.90	    20.00	     0.00	     0.00	     0.89	     0.00	     0.00	    44.50
  4053.75	 -1440.92	    22.32	    -3.04	    19.98	    28.13	    -8.21	    -2.14	    29.30	 -1466.65	  -107.11
  4074.43	 -1441.62	    22.31	    -3.04	    20.68	    -0.70	    -0.01	     0.00	     0.70	    33.85	     0.00
  4113.84	 -1442.31	    22.31	    -3.04	    39.41	    -0.69	     0.00	     0.00	     0.69	   -17.51	     0.00
  4134.36	 -1442.28	    20.88	    -3.07	    20.52	     0.03	    -1.43	    -0.03	     1.43	    69.70	    -1.46
  4154.45	 -1446.53	    23.68	    -3.00	    20.09	    -4.25	     2.80	     0.07	     5.09	  -253.33	     3.48
  4193.76	 -1440.92	    22.32	    -3.04	    39.31	     5.61	    -1.36	    -0.04	     5.77	  -146.85	    -1.02
  4213.92	 -1440.89	    20.90	    -3.07	    20.16	     0.03	    -1.42	    -0.03	     1.42	    70.45	    -1.49
  4233.77	 -1469.24	     8.48	     0.34	    19.85	   -28.35	   -12.42	     3.41	    30.95	 -1559.26	   171.79
  4256.28	 -1441.58	    20.89	    -3.06	    22.51	    27.66	    12.41	    -3.40	    30.32	 -1346.80	  -151.04
  4275.01	 -1441.62	    22.31	    -3.04	    18.73	    -0.04	     1.42	     0.02	     1.42	   -75.84	     1.07
  4313.77	 -1440.92	    22.32	    -2.99	    38.76	     0.70	     0.01	     0.05	     0.70	   -18.06	     1.29
  4333.80	 -1443.71	    22.29	    -3.04	    20.03	    -2.79	    -0.03	    -0.05	     2.79	   139.30	    -2.50
  4354.43	 -1440.89	    20.90	    -3.07	    20.63	     2.82	    -1.39	    -0.03	     3.14	  -152.40	    -1.45
  4375.11	 -1440.90	    21.61	    -3.05	    20.68	    -0.01	     0.71	     0.02	     0.71	   -34.34	     0.97
  4414.66	 -1440.92	    22.32	    -3.04	    39.55	    -0.02	     0.71	     0.01	     0.71	   -17.96	     0.25
  4434.77	 -1442.28	    20.88	    -3.06	    20.11	    -1.36	    -1.44	    -0.02	     1.98	    98.49	    -0.99
  4454.73	 -1440.92	    22.32	    -3.04	    19.96	     1.36	     1.44	     0.02	     1.98	   -99.23	     1.00
  4475.84	 -1442.28	    20.88	    -3.06	    21.11	    -1.36	    -1.44	    -0.02	     1.98	    93.83	    -0.95
  4514.72	 -1443.71	    22.29	    -3.04	    38.88	    -1.43	     1.41	     0.02	     2.01	   -51.65	     0.51
  4534.76	 -1441.62	    22.31	    -3.04	    20.04	     2.09	     0.02	     0.00	     2.09	  -104.30	     0.00
  4555.73	 -1440.92	    22.32	    -3.04	    20.97	     0.70	     0.01	     0.00	     0.70	   -33.38	     0.00
  4594.74	 -1440.89	    20.90	    -3.06	    39.01	     0.03	    -1.42	    -0.02	     1.42	    36.41	    -0.51
  4614.76	 -1443.68	    20.87	    -3.06	    20.02	    -2.79	    -0.03	     0.00	     2.79	   139.37	     0.00
  4634.90	 -1441.62	    22.31	    -3.04	    20.14	     2.06	     1.44	     0.02	     2.51	  -124.80	     0.99
  4674.83	 -1440.90	    21.61	    -3.05	    39.93	     0.72	    -0.70	    -0.01	     1.00	   -25.15	    -0.25
  4694.89	 -1443.68	    20.87	    -3.06	    20.06	    -2.78	    -0.74	    -0.01	     2.88	   143.41	    -0.50
  4714.75	 -1443.01	    22.30	    -3.03	    19.86	     0.67	     1.43	     0.03	     1.58	   -79.52	     1.51
  4736.18	 -1443.71	    22.29	    -3.04	    21.43	    -0.70	    -0.01	    -0.01	     0.70	    32.67	    -0.47
  4774.81	 -1440.92	    22.32	    -3.04	    38.63	     2.79	     0.03	     0.00	     2.79	   -72.23	     0.00
  4795.72	 -1442.31	    22.31	    -3.04	    20.91	    -1.39	    -0.01	     0.00	     1.39	    66.48	     0.00
  4839.35	 -1446.53	    23.68	    -3.00	    43.63	    -4.22	     1.37	     0.04	     4.44	  -101.69	     0.92
  4874.85	 -1440.92	    22.32	    -3.04	    35.50	     5.61	    -1.36	    -0.04	     5.77	  -162.61	    -1.13
  4894.81	 -1440.89	    20.90	    -3.07	    19.96	     0.03	    -1.42	    -0.03	     1.42	    71.16	    -1.50
  4916.20	 -1443.71	    22.29	    -3.04	    21.39	    -2.82	     1.39	     0.03	     3.14	  -146.98	     1.40
  4936.23	 -1441.62	    22.31	    -2.98	    20.03	     2.09	     0.02	     0.06	     2.09	  -104.35	     3.00
  4976.17	 -1440.89	    20.90	    -3.07	    39.94	     0.73	    -1.41	    -0.09	     1.59	   -39.75	    -2.25
  4996.31	 -1441.62	    22.31	    -3.04	    20.14	    -0.73	     1.41	     0.03	     1.59	   -78.84	     1.49
  5016.10	 -1440.92	    22.32	    -2.99	    19.79	     0.70	     0.01	     0.05	     0.70	   -35.38	     2.53
  5054.98	 -1445.14	    23.69	    -3.01	    38.88	    -4.22	     1.37	    -0.02	     4.44	  -114.12	    -0.51
  5074.87	 -1440.92	    22.32	    -3.04	    19.89	     4.22	    -1.37	    -0.03	     4.44	  -223.07	    -1.51
  5094.98	 -1440.89	    20.90	    -3.07	    20.11	     0.03	    -1.42	    -0.03	     1.42	    70.63	    -1.49
  5134.91	 -1440.92	    22.32	    -3.04	    39.93	    -0.03	     1.42	     0.03	     1.42	   -35.57	     0.75
  5154.87	 -1440.90	    21.61	    -3.05	    19.96	     0.02	    -0.71	    -0.01	     0.71	    35.59	    -0.50
  5175.80	 -1440.89	    20.90	    -3.01	    20.93	     0.01	    -0.71	     0.04	     0.71	    33.93	     1.91
