     Time	    Pos x	    Pos y	    Angle	Diff Time	Diff Posx	Diff Posy	Diff Angl	Diff Leng	Rel Speed	Rel AnSpd	
     0.00	 -1345.84	  -537.57	     0.03	     0.00	     0.00	     0.00	     0.00	     0.00	     0.00	     0.00
    20.85	 -1345.85	  -536.86	     0.01	    20.85	    -0.01	     0.71	    -0.02	     0.71	   -34.06	    -0.96
    40.72	 -1345.88	  -534.75	    -0.02	    19.87	    -0.03	     2.11	    -0.03	     2.11	  -106.20	    -1.51
    81.37	 -1345.85	  -536.86	     0.01	    40.65	     0.03	    -2.11	     0.03	     2.11	    51.91	     0.74
   101.73	 -1343.08	  -536.12	     0.00	    20.36	     2.77	     0.74	    -0.01	     2.87	   140.82	    -0.49
   121.55	 -1341.69	  -536.10	    -0.02	    19.82	     1.39	     0.02	    -0.02	     1.39	    70.14	    -1.01
   141.43	 -1336.11	  -536.72	     0.01	    19.88	     5.58	    -0.62	     0.03	     5.61	   282.41	     1.51
   178.93	 -1330.56	  -535.93	    -0.02	    37.50	     5.55	     0.79	    -0.03	     5.61	   149.49	    -0.80
   220.83	 -1323.58	  -537.24	     0.03	    41.90	     6.98	    -1.31	     0.05	     7.10	   169.50	     1.19
   238.96	 -1331.19	  -540.17	     0.06	    18.13	    -7.61	    -2.93	     0.03	     8.15	  -449.78	     1.65
   259.78	 -1308.31	  -535.61	     0.00	    20.82	    22.88	     4.56	    -0.06	    23.33	  1120.56	    -2.88
   279.84	 -1299.95	  -536.90	     0.03	    20.06	     8.36	    -1.29	     0.03	     8.46	   421.68	     1.50
   300.52	 -1291.61	  -536.78	     0.03	    20.68	     8.34	     0.12	     0.00	     8.34	   403.33	     0.00
   320.83	 -1280.50	  -535.92	    -0.01	    20.31	    11.11	     0.86	    -0.04	    11.14	   548.66	    -1.97
   360.80	 -1272.83	  -537.22	     0.04	    39.97	     7.67	    -1.30	     0.05	     7.78	   194.63	     1.25
   380.80	 -1261.01	  -537.75	     0.03	    20.00	    11.82	    -0.53	    -0.01	    11.83	   591.59	    -0.50
   400.72	 -1252.67	  -537.63	     0.00	    19.92	     8.34	     0.12	    -0.03	     8.34	   418.72	    -1.51
   439.73	 -1240.16	  -537.45	     0.00	    39.01	    12.51	     0.18	     0.00	    12.51	   320.72	     0.00
   459.73	 -1230.45	  -536.60	    -0.01	    20.00	     9.71	     0.85	    -0.01	     9.75	   487.36	    -0.50
   502.07	 -1219.30	  -538.55	     0.05	    42.34	    11.15	    -1.95	     0.06	    11.32	   267.34	     1.42
   519.79	 -1208.21	  -536.98	    -0.02	    17.72	    11.09	     1.57	    -0.07	    11.20	   632.09	    -3.95
   539.97	 -1197.07	  -538.23	     0.03	    20.18	    11.14	    -1.25	     0.05	    11.21	   555.50	     2.48
   682.44	 -1135.94	  -537.34	     0.03	   142.47	    61.13	     0.89	     0.00	    61.14	   429.12	     0.00
   800.40	 -1074.84	  -535.04	     0.00	   117.96	    61.10	     2.30	    -0.03	    61.14	   518.34	    -0.25
   820.49	 -1064.99	  -541.95	     0.11	    20.09	     9.85	    -6.91	     0.11	    12.03	   598.91	     5.48
   961.58	 -1002.52	  -536.09	     0.04	   141.09	    62.47	     5.86	    -0.07	    62.74	   444.71	    -0.50
  1145.31	  -902.98	  -536.04	     0.11	   183.73	    99.54	     0.05	     0.07	    99.54	   541.77	     0.38
  1263.04	  -853.44	  -538.14	     0.15	   117.73	    49.54	    -2.10	     0.04	    49.58	   421.17	     0.34
  1322.74	  -816.49	  -536.18	     0.13	    59.70	    36.95	     1.96	    -0.02	    37.00	   619.80	    -0.34
  1449.21	  -752.77	  -542.31	     0.21	   126.47	    63.72	    -6.13	     0.08	    64.01	   506.16	     0.63
  1482.54	  -741.68	  -536.49	     0.15	    33.33	    11.09	     5.82	    -0.06	    12.52	   375.77	    -1.80
  1503.40	  -728.50	  -529.92	     0.05	    20.86	    13.18	     6.57	    -0.10	    14.73	   705.98	    -4.79
  1562.80	  -703.82	  -538.76	     0.20	    59.40	    24.68	    -8.84	     0.15	    26.22	   441.34	     2.53
  1624.26	  -681.53	  -530.64	     0.07	    61.46	    22.29	     8.12	    -0.13	    23.72	   385.99	    -2.12
  1731.72	  -633.86	  -526.38	     0.04	   107.46	    47.67	     4.26	    -0.03	    47.86	   445.37	    -0.28
  1763.91	  -626.70	  -533.36	     0.17	    32.19	     7.16	    -6.98	     0.13	    10.00	   310.63	     4.04
  1783.83	  -618.19	  -537.49	     0.24	    19.92	     8.51	    -4.13	     0.07	     9.46	   474.86	     3.51
  1883.95	  -592.88	  -535.69	     0.25	   100.12	    25.31	     1.80	     0.01	    25.37	   253.44	     0.10
  1904.13	  -587.25	  -535.61	     0.22	    20.18	     5.63	     0.08	    -0.03	     5.63	   279.02	    -1.49
  1924.19	  -583.16	  -528.45	     0.11	    20.06	     4.09	     7.16	    -0.11	     8.25	   411.06	    -5.48
  1963.53	  -578.89	  -530.52	     0.19	    39.34	     4.27	    -2.07	     0.08	     4.75	   120.62	     2.03
  1984.34	  -574.71	  -528.33	     0.15	    20.81	     4.18	     2.19	    -0.04	     4.72	   226.76	    -1.92
  2064.52	  -564.80	  -530.31	     0.18	    80.18	     9.91	    -1.98	     0.03	    10.11	   126.04	     0.37
  2084.62	  -561.91	  -533.81	     0.24	    20.10	     2.89	    -3.50	     0.06	     4.54	   225.82	     2.99
  2142.89	  -557.11	  -526.64	     0.11	    58.27	     4.80	     7.17	    -0.13	     8.63	   148.08	    -2.23
  2164.06	  -556.38	  -528.05	     0.15	    21.17	     0.73	    -1.41	     0.04	     1.59	    75.00	     1.89
