     Time	    Pos x	    Pos y	    Angle	Diff Time	Diff Posx	Diff Posy	Diff Angl	Diff Leng	Rel Speed	Rel AnSpd	
     0.00	 -1350.01	  -537.63	     0.03	     0.00	     0.00	     0.00	     0.00	     0.00	     0.00	     0.00
    20.06	 -1347.23	  -537.59	     0.03	    20.06	     2.78	     0.04	     0.00	     2.78	   138.60	     0.00
    39.94	 -1347.25	  -536.18	     0.66	    19.88	    -0.02	     1.41	     0.63	     1.41	    70.93	    31.69
    79.10	 -1345.86	  -536.16	     0.00	    39.16	     1.39	     0.02	    -0.66	     1.39	    35.50	   -16.85
    99.55	 -1344.45	  -537.55	     0.03	    20.45	     1.41	    -1.39	     0.03	     1.98	    96.82	     1.47
   120.23	 -1341.64	  -538.91	     0.03	    20.68	     2.81	    -1.36	     0.00	     3.12	   150.96	     0.00
   158.77	 -1341.66	  -537.51	     0.00	    38.54	    -0.02	     1.40	    -0.03	     1.40	   -36.33	    -0.78
   179.12	 -1338.88	  -537.47	     0.03	    20.35	     2.78	     0.04	     0.03	     2.78	   136.62	     1.47
   200.58	 -1336.10	  -537.43	     0.03	    21.46	     2.78	     0.04	     0.00	     2.78	   129.56	     0.00
   220.96	 -1333.32	  -537.38	     0.03	    20.38	     2.78	     0.05	     0.00	     2.78	   136.43	     0.00
   279.30	 -1330.54	  -537.34	     0.03	    58.34	     2.78	     0.04	     0.00	     2.78	    47.66	     0.00
   300.12	 -1324.97	  -537.26	     0.08	    20.82	     5.57	     0.08	     0.05	     5.57	   267.56	     2.40
   360.10	 -1318.02	  -537.16	     0.19	    59.98	     6.95	     0.10	     0.11	     6.95	   115.88	     1.83
   401.50	 -1315.15	  -542.76	     0.16	    41.40	     2.87	    -5.60	    -0.03	     6.29	   152.00	    -0.72
   421.98	 -1311.07	  -537.06	     0.07	    20.48	     4.08	     5.70	    -0.09	     7.01	   342.27	    -4.39
   541.12	 -1291.61	  -536.78	     0.07	   119.14	    19.46	     0.28	     0.00	    19.46	   163.35	     0.00
   560.75	 -1290.22	  -536.76	     0.07	    19.63	     1.39	     0.02	     0.00	     1.39	    70.82	     0.00
   581.60	 -1284.60	  -540.21	     0.13	    20.85	     5.62	    -3.45	     0.06	     6.59	   316.28	     2.88
   601.85	 -1280.49	  -536.62	     0.12	    20.25	     4.11	     3.59	    -0.01	     5.46	   269.49	    -0.49
   641.31	 -1246.68	  -521.32	    -1.98	    39.46	    33.81	    15.30	    -2.10	    37.11	  -940.46	   -53.22
   661.47	 -1272.16	  -535.80	     0.10	    20.16	   -25.48	   -14.48	     2.08	    29.31	 -1453.72	   103.17
   721.65	 -1263.84	  -534.27	     0.06	    60.18	     8.32	     1.53	    -0.04	     8.46	   140.57	    -0.66
   741.51	 -1259.63	  -537.02	     0.13	    19.86	     4.21	    -2.75	     0.07	     5.03	   253.20	     3.52
   761.62	 -1253.95	  -543.99	     0.30	    20.11	     5.68	    -6.97	     0.17	     8.99	   447.11	     8.45
   801.56	 -1251.17	  -543.95	     0.28	    39.94	     2.78	     0.04	    -0.02	     2.78	    69.61	    -0.50
   862.86	 -1237.39	  -536.70	     0.17	    61.30	    13.78	     7.25	    -0.11	    15.57	   254.01	    -1.79
   883.11	 -1233.21	  -537.35	     0.19	    20.25	     4.18	    -0.65	     0.02	     4.23	   208.90	     0.99
   921.99	 -1227.67	  -536.56	     0.23	    38.88	     5.54	     0.79	     0.04	     5.60	   143.93	     1.03
   982.03	 -1219.31	  -537.85	     0.21	    60.04	     8.36	    -1.29	    -0.02	     8.46	   140.89	    -0.33
  1001.75	 -1216.66	  -530.06	     0.12	    19.72	     2.65	     7.79	    -0.09	     8.23	   417.26	    -4.56
  1021.61	 -1211.09	  -530.68	     0.13	    19.86	     5.57	    -0.62	     0.01	     5.60	   282.20	     0.50
  1042.86	 -1205.44	  -536.24	     0.27	    21.25	     5.65	    -5.56	     0.14	     7.93	   373.03	     6.59
  1101.72	 -1197.22	  -529.07	     0.16	    58.86	     8.22	     7.17	    -0.11	    10.91	   185.32	    -1.87
  1121.71	 -1194.47	  -527.62	     0.12	    19.99	     2.75	     1.45	    -0.04	     3.11	   155.52	    -2.00
  1141.71	 -1187.35	  -537.38	     0.30	    20.00	     7.12	    -9.76	     0.18	    12.08	   604.05	     9.00
  1162.11	 -1183.23	  -534.50	     0.29	    20.40	     4.12	     2.88	    -0.01	     5.03	   246.41	    -0.49
  1202.19	 -1177.72	  -531.60	     0.25	    40.08	     5.51	     2.90	    -0.04	     6.23	   155.35	    -1.00
  1221.92	 -1173.63	  -527.31	     0.17	    19.73	     4.09	     4.29	    -0.08	     5.93	   300.42	    -4.05
  1263.89	 -1163.81	  -532.81	     0.28	    41.97	     9.82	    -5.50	     0.11	    11.26	   268.18	     2.62
  1301.71	 -1161.15	  -525.72	     0.19	    37.82	     2.66	     7.09	    -0.09	     7.57	   200.23	    -2.38
  1323.35	 -1155.59	  -525.64	     0.17	    21.64	     5.56	     0.08	    -0.02	     5.56	   256.96	    -0.92
  1343.21	 -1149.94	  -531.20	     0.33	    19.86	     5.65	    -5.56	     0.16	     7.93	   399.14	     8.06
  1381.75	 -1144.39	  -531.12	     0.33	    38.54	     5.55	     0.08	     0.00	     5.55	   144.02	     0.00
  1401.72	 -1141.66	  -528.26	     0.26	    19.97	     2.73	     2.86	    -0.07	     3.95	   197.99	    -3.51
  1421.80	 -1136.17	  -523.95	     0.26	    20.08	     5.49	     4.31	     0.00	     6.98	   347.59	     0.00
  1442.91	 -1133.39	  -523.91	     0.26	    21.11	     2.78	     0.04	     0.00	     2.78	   131.70	     0.00
  1482.48	 -1127.88	  -521.00	     0.19	    39.57	     5.51	     2.91	    -0.07	     6.23	   157.47	    -1.77
  1502.81	 -1122.25	  -525.15	     0.28	    20.33	     5.63	    -4.15	     0.09	     6.99	   344.04	     4.43
  1544.04	 -1112.68	  -516.55	     0.17	    41.23	     9.57	     8.60	    -0.11	    12.87	   312.06	    -2.67
  1582.68	 -1108.46	  -519.31	     0.26	    38.64	     4.22	    -2.76	     0.09	     5.04	   130.50	     2.33
  1602.66	 -1102.99	  -514.29	     0.22	    19.98	     5.47	     5.02	    -0.04	     7.42	   371.59	    -2.00
  1662.52	 -1093.23	  -516.26	     0.25	    59.86	     9.76	    -1.97	     0.03	     9.96	   166.34	     0.50
  1683.82	 -1088.98	  -520.43	     0.36	    21.30	     4.25	    -4.17	     0.11	     5.95	   279.54	     5.16
  1704.36	 -1083.43	  -520.35	     0.36	    20.54	     5.55	     0.08	     0.00	     5.55	   270.23	     0.00
  1724.18	 -1080.07	  -513.25	     0.28	    19.82	     3.36	     7.10	    -0.08	     7.85	   396.31	    -4.04
  1763.47	 -1073.80	  -514.57	     0.29	    39.29	     6.27	    -1.32	     0.01	     6.41	   163.08	     0.25
  1784.08	 -1071.09	  -510.30	     0.24	    20.61	     2.71	     4.27	    -0.05	     5.06	   245.38	    -2.43
  1804.00	 -1065.51	  -511.62	     0.32	    19.92	     5.58	    -1.32	     0.08	     5.73	   287.85	     4.02
  1824.55	 -1059.95	  -511.54	     0.31	    20.55	     5.56	     0.08	    -0.01	     5.56	   270.59	    -0.49
  1863.90	 -1057.24	  -507.27	     0.26	    39.35	     2.71	     4.27	    -0.05	     5.06	   128.52	    -1.27
  1904.13	 -1046.10	  -508.51	     0.31	    40.23	    11.14	    -1.24	     0.05	    11.21	   278.62	     1.24
  1942.81	 -1040.57	  -507.02	     0.31	    38.68	     5.53	     1.49	     0.00	     5.73	   148.07	     0.00
  1963.34	 -1037.86	  -502.75	     0.26	    20.53	     2.71	     4.27	    -0.05	     5.06	   246.34	    -2.44
  1983.94	 -1032.28	  -504.08	     0.31	    20.60	     5.58	    -1.33	     0.05	     5.74	   278.46	     2.43
  2004.00	 -1026.67	  -506.82	     0.37	    20.06	     5.61	    -2.74	     0.06	     6.24	   311.23	     2.99
  2042.67	 -1022.64	  -498.29	     0.27	    38.67	     4.03	     8.53	    -0.10	     9.43	   243.96	    -2.59
  2063.56	 -1018.45	  -499.64	     0.29	    20.89	     4.19	    -1.35	     0.02	     4.40	   210.73	     0.96
  2083.75	 -1014.33	  -496.76	     0.26	    20.19	     4.12	     2.88	    -0.03	     5.03	   248.98	    -1.49
  2103.93	 -1008.79	  -495.26	     0.29	    20.18	     5.54	     1.50	     0.03	     5.74	   284.41	     1.49
  2143.00	 -1003.18	  -498.00	     0.33	    39.07	     5.61	    -2.74	     0.04	     6.24	   159.80	     1.02
  2164.13	  -997.67	  -495.09	     0.33	    21.13	     5.51	     2.91	     0.00	     6.23	   294.90	     0.00
  2184.25	  -993.42	  -499.26	     0.41	    20.12	     4.25	    -4.17	     0.08	     5.95	   295.93	     3.98
  2222.92	  -987.91	  -496.36	     0.41	    38.67	     5.51	     2.90	     0.00	     6.23	   161.02	     0.00
  2243.81	  -985.25	  -489.26	     0.29	    20.89	     2.66	     7.10	    -0.12	     7.58	   362.95	    -5.74
  2264.12	  -979.05	  -485.64	     0.26	    20.31	     6.20	     3.62	    -0.03	     7.18	   353.49	    -1.48
  2284.75	  -975.56	  -486.29	     0.29	    20.63	     3.49	    -0.65	     0.03	     3.55	   172.08	     1.45
  2324.19	  -969.28	  -487.61	     0.34	    39.44	     6.28	    -1.32	     0.05	     6.42	   162.71	     1.27
  2344.15	  -965.88	  -483.32	     0.29	    19.96	     3.40	     4.29	    -0.05	     5.47	   274.25	    -2.51
  2364.10	  -959.64	  -481.82	     0.28	    19.95	     6.24	     1.50	    -0.01	     6.42	   321.69	    -0.50
  2385.26	  -956.20	  -479.65	     0.26	    21.16	     3.44	     2.17	    -0.02	     4.07	   192.21	    -0.95
  2424.18	  -950.57	  -483.09	     0.38	    38.92	     5.63	    -3.44	     0.12	     6.60	   169.52	     3.08
  2444.52	  -945.03	  -481.60	     0.36	    20.34	     5.54	     1.49	    -0.02	     5.74	   282.05	    -0.98
  2465.25	  -940.93	  -477.30	     0.34	    20.73	     4.10	     4.30	    -0.02	     5.94	   286.61	    -0.96
  2504.40	  -935.39	  -475.80	     0.33	    39.15	     5.54	     1.50	    -0.01	     5.74	   146.60	    -0.26
  2525.11	  -931.16	  -478.56	     0.38	    20.71	     4.23	    -2.76	     0.05	     5.05	   243.88	     2.41
  2545.33	  -927.11	  -471.44	     0.30	    20.22	     4.05	     7.12	    -0.08	     8.19	   405.11	    -3.96
  2566.19	  -921.51	  -472.77	     0.36	    20.86	     5.60	    -1.33	     0.06	     5.76	   275.92	     2.88
  2604.20	  -916.00	  -469.86	     0.34	    38.01	     5.51	     2.91	    -0.02	     6.23	   163.94	    -0.53
  2624.37	  -913.24	  -468.40	     0.33	    20.17	     2.76	     1.46	    -0.01	     3.12	   154.80	    -0.50
  2644.45	  -907.72	  -465.49	     0.35	    20.08	     5.52	     2.91	     0.02	     6.24	   310.76	     1.00
  2665.86	  -902.14	  -465.41	     0.36	    21.41	     5.58	     0.08	     0.01	     5.58	   260.65	     0.47
  2704.85	  -899.38	  -463.95	     0.35	    38.99	     2.76	     1.46	    -0.01	     3.12	    80.08	    -0.26
  2725.31	  -893.85	  -461.75	     0.35	    20.46	     5.53	     2.20	     0.00	     5.95	   290.89	     0.00
  2746.45	  -888.28	  -461.66	     0.39	    21.14	     5.57	     0.09	     0.04	     5.57	   263.52	     1.89
  2784.65	  -882.74	  -459.46	     0.39	    38.20	     5.54	     2.20	     0.00	     5.96	   156.04	     0.00
  2804.80	  -880.00	  -456.59	     0.34	    20.15	     2.74	     2.87	    -0.05	     3.97	   196.92	    -2.48
  2825.52	  -874.45	  -455.09	     0.34	    20.72	     5.55	     1.50	     0.00	     5.75	   277.47	     0.00
  2846.09	  -870.27	  -455.02	     0.38	    20.57	     4.18	     0.07	     0.04	     4.18	   203.24	     1.94
  2885.12	  -864.00	  -454.92	     0.40	    39.03	     6.27	     0.10	     0.02	     6.27	   160.67	     0.51
  2928.34	  -855.01	  -450.54	     0.41	    43.22	     8.99	     4.38	     0.01	    10.00	   231.38	     0.23
  2948.13	  -849.46	  -449.04	     0.41	    19.79	     5.55	     1.50	     0.00	     5.75	   290.51	     0.00
  2987.94	  -845.33	  -446.15	     0.40	    39.81	     4.13	     2.89	    -0.01	     5.04	   126.62	    -0.25
  3008.06	  -841.19	  -443.26	     0.35	    20.12	     4.14	     2.89	    -0.05	     5.05	   250.94	    -2.49
  3028.28	  -837.03	  -441.78	     0.40	    20.22	     4.16	     1.48	     0.05	     4.42	   218.37	     2.47
  3049.49	  -831.50	  -438.87	     0.37	    21.21	     5.53	     2.91	    -0.03	     6.25	   294.62	    -1.41
  3088.16	  -827.33	  -438.09	     0.39	    38.67	     4.17	     0.78	     0.02	     4.24	   109.71	     0.52
  3109.95	  -823.18	  -435.91	     0.38	    21.79	     4.15	     2.18	    -0.01	     4.69	   215.13	    -0.46
  3130.10	  -817.59	  -436.52	     0.41	    20.15	     5.59	    -0.61	     0.03	     5.62	   279.07	     1.49
  3150.03	  -813.44	  -434.34	     0.42	    19.93	     4.15	     2.18	     0.01	     4.69	   235.21	     0.50
  3189.22	  -809.30	  -431.44	     0.41	    39.19	     4.14	     2.90	    -0.01	     5.05	   128.98	    -0.26
  3209.29	  -806.53	  -429.98	     0.39	    20.07	     2.77	     1.46	    -0.02	     3.13	   156.01	    -1.00
  3229.25	  -803.76	  -428.52	     0.39	    19.96	     2.77	     1.46	     0.00	     3.13	   156.87	     0.00
  3268.18	  -800.97	  -428.48	     0.41	    38.93	     2.79	     0.04	     0.02	     2.79	    71.67	     0.51
  3290.29	  -796.76	  -429.83	     0.49	    22.11	     4.21	    -1.35	     0.08	     4.42	   199.96	     3.62
  3310.40	  -796.11	  -426.99	     0.43	    20.11	     0.65	     2.84	    -0.06	     2.91	   144.87	    -2.98
  3330.44	  -794.01	  -426.95	     0.43	    20.04	     2.10	     0.04	     0.00	     2.10	   104.81	     0.00
  3369.43	  -792.64	  -425.52	     0.39	    38.99	     1.37	     1.43	    -0.04	     1.98	    50.79	    -1.03
  3389.49	  -792.69	  -422.69	     0.37	    20.06	    -0.05	     2.83	    -0.02	     2.83	   141.10	    -1.00
  3409.67	  -789.87	  -424.06	     0.41	    20.18	     2.82	    -1.37	     0.04	     3.14	   155.36	     1.98
  3429.89	  -789.90	  -422.64	     0.39	    20.22	    -0.03	     1.42	    -0.02	     1.42	    70.24	    -0.99
  3468.14	  -789.87	  -424.06	     0.41	    38.25	     0.03	    -1.42	     0.02	     1.42	   -37.13	     0.52
