     Time	    Pos x	    Pos y	    Angle	Diff Time	Diff Posx	Diff Posy	Diff Angl	Diff Leng	Rel Speed	Rel AnSpd	
     0.00	 -1345.79	  -540.39	     0.00	     0.00	     0.00	     0.00	     0.00	     0.00	     0.00	     0.00
    20.13	 -1347.18	  -540.41	     0.03	    20.13	    -1.39	    -0.02	     0.03	     1.39	   -69.06	     1.49
    41.97	 -1347.19	  -539.70	     0.01	    21.84	    -0.01	     0.71	    -0.02	     0.71	   -32.51	    -0.92
   122.39	 -1338.88	  -537.47	     0.07	    80.42	     8.31	     2.23	     0.06	     8.60	   106.99	     0.75
   143.57	 -1336.09	  -538.13	     0.13	    21.18	     2.79	    -0.66	     0.06	     2.87	   135.36	     2.83
   185.57	 -1327.74	  -538.01	     0.22	    42.00	     8.35	     0.12	     0.09	     8.35	   198.83	     2.14
   223.73	 -1323.64	  -533.72	     0.22	    38.16	     4.10	     4.29	     0.00	     5.93	   155.51	     0.00
   243.81	 -1318.08	  -533.64	     0.33	    20.08	     5.56	     0.08	     0.11	     5.56	   276.92	     5.48
   264.21	 -1313.98	  -529.35	     0.31	    20.40	     4.10	     4.29	    -0.02	     5.93	   290.89	    -0.98
   303.96	 -1308.44	  -527.86	     0.33	    39.75	     5.54	     1.49	     0.02	     5.74	   144.32	     0.50
   323.88	 -1301.51	  -526.35	     0.40	    19.92	     6.93	     1.51	     0.07	     7.09	   356.05	     3.51
   344.02	 -1294.65	  -520.61	     0.39	    20.14	     6.86	     5.74	    -0.01	     8.94	   444.12	    -0.50
   382.91	 -1290.50	  -519.14	     0.46	    38.89	     4.15	     1.47	     0.07	     4.40	   113.21	     1.80
   403.19	 -1282.23	  -514.79	     0.48	    20.28	     8.27	     4.35	     0.02	     9.34	   460.76	     0.99
   423.33	 -1275.31	  -513.28	     0.56	    20.14	     6.92	     1.51	     0.08	     7.08	   351.68	     3.97
   444.30	 -1268.41	  -510.36	     0.60	    20.97	     6.90	     2.92	     0.04	     7.49	   357.29	     1.91
   482.92	 -1264.33	  -504.66	     0.60	    38.62	     4.08	     5.70	     0.00	     7.01	   181.51	     0.00
   503.50	 -1256.76	  -500.32	     0.64	    20.58	     7.57	     4.34	     0.04	     8.73	   424.00	     1.94
   523.02	 -1249.14	  -498.80	     0.71	    19.52	     7.62	     1.52	     0.07	     7.77	   398.06	     3.59
   544.07	 -1243.68	  -493.09	     0.73	    21.05	     5.46	     5.71	     0.02	     7.90	   375.31	     0.95
   583.30	 -1238.22	  -487.37	     0.73	    39.23	     5.46	     5.72	     0.00	     7.91	   201.57	     0.00
   603.66	 -1231.32	  -484.45	     0.79	    20.36	     6.90	     2.92	     0.06	     7.49	   368.00	     2.95
   624.54	 -1224.47	  -478.71	     0.84	    20.88	     6.85	     5.74	     0.05	     8.94	   428.02	     2.39
   645.12	 -1220.40	  -473.01	     0.85	    20.58	     4.07	     5.70	     0.01	     7.00	   340.33	     0.49
   683.81	 -1214.96	  -465.88	     0.87	    38.69	     5.44	     7.13	     0.02	     8.97	   231.80	     0.52
   704.40	 -1209.50	  -460.16	     0.90	    20.59	     5.46	     5.72	     0.03	     7.91	   384.05	     1.46
   724.32	 -1202.66	  -454.42	     0.96	    19.92	     6.84	     5.74	     0.06	     8.93	   448.26	     3.01
   763.26	 -1197.22	  -447.30	     0.97	    38.94	     5.44	     7.12	     0.01	     8.96	   230.11	     0.26
   784.09	 -1191.79	  -440.17	     1.02	    20.83	     5.43	     7.13	     0.05	     8.96	   430.26	     2.40
   825.41	 -1185.06	  -427.38	     1.03	    41.32	     6.73	    12.79	     0.01	    14.45	   349.77	     0.24
   863.29	 -1176.85	  -420.21	     1.12	    37.88	     8.21	     7.17	     0.09	    10.90	   287.75	     2.38
   883.53	 -1174.20	  -413.12	     1.13	    20.24	     2.65	     7.09	     0.01	     7.57	   373.97	     0.49
   904.86	 -1168.77	  -405.99	     1.18	    21.33	     5.43	     7.13	     0.05	     8.96	   420.17	     2.34
   925.00	 -1165.42	  -398.89	     1.20	    20.14	     3.35	     7.10	     0.02	     7.85	   389.80	     0.99
   963.75	 -1163.49	  -390.40	     1.19	    38.75	     1.93	     8.49	    -0.01	     8.71	   224.69	    -0.26
  1004.37	 -1156.82	  -374.79	     1.26	    40.62	     6.67	    15.61	     0.07	    16.98	   417.91	     1.72
  1043.24	 -1156.27	  -366.32	     1.29	    38.87	     0.55	     8.47	     0.03	     8.49	   218.36	     0.77
  1064.59	 -1151.56	  -357.78	     1.35	    21.35	     4.71	     8.54	     0.06	     9.75	   456.80	     2.81
  1084.64	 -1149.61	  -350.70	     1.35	    20.05	     1.95	     7.08	     0.00	     7.34	   366.27	     0.00
  1104.89	 -1146.28	  -342.19	     1.45	    20.25	     3.33	     8.51	     0.10	     9.14	   451.28	     4.94
  1144.35	 -1150.58	  -335.20	     1.35	    39.46	    -4.30	     6.99	    -0.10	     8.21	   207.98	    -2.53
  1164.19	 -1150.70	  -328.15	     1.34	    19.84	    -0.12	     7.05	    -0.01	     7.05	   355.39	    -0.50
  1185.08	 -1145.27	  -321.01	     1.43	    20.89	     5.43	     7.14	     0.09	     8.97	   429.40	     4.31
  1285.08	 -1139.33	  -303.99	     1.60	   100.00	     5.94	    17.02	     0.17	    18.03	   180.27	     1.70
  1303.46	 -1139.43	  -298.34	     1.60	    18.38	    -0.10	     5.65	     0.00	     5.65	   307.45	     0.00
  1324.87	 -1139.50	  -294.82	     1.60	    21.41	    -0.07	     3.52	     0.00	     3.52	   164.44	     0.00
  1344.48	 -1140.25	  -291.30	     1.61	    19.61	    -0.75	     3.52	     0.01	     3.60	   183.53	     0.51
  1364.50	 -1139.61	  -288.47	     1.64	    20.02	     0.64	     2.83	     0.03	     2.90	   144.93	     1.50
  1445.04	 -1141.15	  -280.02	     1.62	    80.54	    -1.54	     8.45	    -0.02	     8.59	   106.64	    -0.25
  1465.93	 -1142.57	  -278.63	     1.62	    20.89	    -1.42	     1.39	     0.00	     1.99	    95.12	     0.00
  1486.17	 -1142.62	  -275.81	     1.65	    20.24	    -0.05	     2.82	     0.03	     2.82	   139.35	     1.48
  1526.20	 -1142.65	  -274.40	     1.62	    40.03	    -0.03	     1.41	    -0.03	     1.41	    35.23	    -0.75
  1546.20	 -1141.27	  -273.67	     1.65	    20.00	     1.38	     0.73	     0.03	     1.56	    78.06	     1.50
  1587.38	 -1142.65	  -274.40	     1.62	    41.18	    -1.38	    -0.73	    -0.03	     1.56	   -37.91	    -0.73
  1624.98	 -1141.31	  -271.55	     1.65	    37.60	     1.34	     2.85	     0.03	     3.15	    83.76	     0.80
  1645.02	 -1142.67	  -272.99	     1.62	    20.04	    -1.36	    -1.44	    -0.03	     1.98	   -98.84	    -1.50
