     Time	    Pos x	    Pos y	    Angle	Diff Time	Diff Posx	Diff Posy	Diff Angl	Diff Long	Rel Speed	Rel AnSpd	
     0.00	 -1721.81	  -541.51	     0.00	     0.00	     0.00	     0.00	     0.00	     0.00	     0.00	     0.00
    20.01	 -1716.19	  -541.44	     0.00	    20.01	     5.62	     0.07	     0.00	     5.62	   280.88	     0.00
    60.12	 -1713.37	  -541.40	     0.03	    40.11	     2.82	     0.04	     0.03	     2.82	    70.31	     0.75
    80.14	 -1706.26	  -546.95	     0.15	    20.02	     7.11	    -5.55	     0.12	     9.02	   450.53	     5.99
   160.76	 -1683.87	  -540.27	     0.09	    80.62	    22.39	     6.68	    -0.06	    23.37	   289.82	    -0.74
   241.65	 -1643.19	  -538.99	     0.13	    80.89	    40.68	     1.28	     0.04	    40.70	   503.15	     0.49
   280.22	 -1634.79	  -538.16	     0.13	    38.57	     8.40	     0.83	     0.00	     8.44	   218.85	     0.00
   300.29	 -1620.80	  -535.85	     0.13	    20.07	    13.99	     2.31	     0.00	    14.18	   706.50	     0.00
   360.27	 -1599.79	  -536.26	     0.18	    59.98	    21.01	    -0.41	     0.05	    21.01	   350.35	     0.83
   381.22	 -1610.96	  -538.53	     0.16	    20.95	   -11.17	    -2.27	    -0.02	    11.40	  -544.07	    -0.95
   402.17	 -1576.00	  -535.92	     0.21	    20.95	    34.96	     2.61	     0.05	    35.06	  1673.38	     2.39
   422.24	 -1564.17	  -531.52	     0.13	    20.07	    11.83	     4.40	    -0.08	    12.62	   628.89	    -3.99
   460.28	 -1553.01	  -529.95	     0.18	    38.04	    11.16	     1.57	     0.05	    11.27	   296.26	     1.31
   540.41	 -1517.39	  -529.44	     0.23	    80.13	    35.62	     0.51	     0.05	    35.62	   444.57	     0.62
   561.71	 -1506.20	  -530.69	     0.29	    21.30	    11.19	    -1.25	     0.06	    11.26	   528.62	     2.82
   581.88	 -1493.69	  -526.99	     0.26	    20.17	    12.51	     3.70	    -0.03	    13.05	   646.79	    -1.49
   602.01	 -1482.63	  -520.48	     0.15	    20.13	    11.06	     6.51	    -0.11	    12.83	   637.54	    -5.46
   682.37	 -1456.12	  -521.52	     0.22	    80.36	    26.51	    -1.04	     0.07	    26.53	   330.14	     0.87
   701.36	 -1444.99	  -519.95	     0.27	    18.99	    11.13	     1.57	     0.05	    11.24	   591.90	     2.63
   740.92	 -1431.03	  -521.16	     0.33	    39.56	    13.96	    -1.21	     0.06	    14.01	   354.20	     1.52
   761.04	 -1407.56	  -508.13	     0.19	    20.12	    23.47	    13.03	    -0.14	    26.84	  1334.21	    -6.96
   781.48	 -1397.85	  -505.88	     0.14	    20.44	     9.71	     2.25	    -0.05	     9.97	   487.64	    -2.45
   820.89	 -1383.94	  -504.97	     0.15	    39.41	    13.91	     0.91	     0.01	    13.94	   353.71	     0.25
   841.09	 -1372.72	  -510.45	     0.31	    20.20	    11.22	    -5.48	     0.16	    12.49	   618.16	     7.92
   861.36	 -1360.35	  -501.11	     0.17	    20.27	    12.37	     9.34	    -0.14	    15.50	   764.68	    -6.91
   881.57	 -1347.85	  -499.52	     0.21	    20.21	    12.50	     1.59	     0.04	    12.60	   623.49	     1.98
   901.96	 -1333.84	  -505.67	     0.35	    20.39	    14.01	    -6.15	     0.14	    15.30	   750.39	     6.87
   941.08	 -1322.79	  -500.57	     0.26	    39.12	    11.05	     5.10	    -0.09	    12.17	   311.10	    -2.30
   961.17	 -1282.17	  -477.43	    -2.24	    20.09	    40.62	    23.14	    -2.50	    46.75	 -2326.97	  -124.44
   981.91	 -1297.85	  -495.28	     0.24	    20.74	   -15.68	   -17.85	     2.48	    23.76	 -1145.56	   119.58
  1021.24	 -1286.78	  -492.30	     0.25	    39.33	    11.07	     2.98	     0.01	    11.46	   291.48	     0.25
  1041.12	 -1274.32	  -489.30	     0.23	    19.88	    12.46	     3.00	    -0.02	    12.82	   644.67	    -1.01
  1062.38	 -1265.31	  -487.76	     0.24	    21.26	     9.01	     1.54	     0.01	     9.14	   429.95	     0.47
  1082.85	 -1254.24	  -484.78	     0.23	    20.47	    11.07	     2.98	    -0.01	    11.46	   560.04	    -0.49
  1121.77	 -1243.75	  -488.86	     0.31	    38.92	    10.49	    -4.08	     0.08	    11.26	   289.20	     2.06
  1142.11	 -1236.93	  -481.71	     0.26	    20.34	     6.82	     7.15	    -0.05	     9.88	   485.79	    -2.46
  1162.33	 -1228.54	  -484.41	     0.28	    20.22	     8.39	    -2.70	     0.02	     8.81	   435.89	     0.99
  1201.42	 -1220.30	  -478.65	     0.25	    39.09	     8.24	     5.76	    -0.03	    10.05	   257.19	    -0.77
  1221.92	 -1211.92	  -481.34	     0.29	    20.50	     8.38	    -2.69	     0.04	     8.80	   429.33	     1.95
  1242.05	 -1206.46	  -475.63	     0.25	    20.13	     5.46	     5.71	    -0.04	     7.90	   392.47	    -1.99
  1263.13	 -1199.55	  -473.41	     0.18	    21.08	     6.91	     2.22	    -0.07	     7.26	   344.30	    -3.32
  1301.51	 -1193.31	  -472.61	     0.22	    38.38	     6.24	     0.80	     0.04	     6.29	   163.92	     1.04
  1323.17	 -1187.81	  -469.71	     0.20	    21.66	     5.50	     2.90	    -0.02	     6.22	   287.06	    -0.92
  1342.96	 -1182.87	  -473.87	     0.23	    19.79	     4.94	    -4.16	     0.03	     6.46	   326.34	     1.52
  1362.99	 -1175.98	  -470.95	     0.26	    20.03	     6.89	     2.92	     0.03	     7.48	   373.60	     1.50
  1402.13	 -1171.77	  -473.00	     0.30	    39.14	     4.21	    -2.05	     0.04	     4.68	   119.64	     1.02
  1423.05	 -1167.55	  -476.46	     0.36	    20.92	     4.22	    -3.46	     0.06	     5.46	   260.86	     2.87
  1443.21	 -1163.53	  -467.95	     0.20	    20.16	     4.02	     8.51	    -0.16	     9.41	   466.85	    -7.94
  1464.35	 -1162.15	  -467.22	     0.26	    21.14	     1.38	     0.73	     0.06	     1.56	    73.85	     2.84
  1524.30	 -1156.56	  -469.25	     0.28	    59.95	     5.59	    -2.03	     0.02	     5.95	    99.20	     0.33
  1544.12	 -1152.44	  -466.37	     0.22	    19.82	     4.12	     2.88	    -0.06	     5.03	   253.62	    -3.03
  1581.59	 -1152.46	  -464.96	     0.22	    37.47	    -0.02	     1.41	     0.00	     1.41	    37.63	     0.00
  1603.37	 -1148.32	  -463.49	     0.20	    21.78	     4.14	     1.47	    -0.02	     4.39	   201.71	    -0.92
  1623.32	 -1148.32	  -463.49	     0.17	    19.95	     0.00	     0.00	    -0.03	     0.00	     0.00	    -1.50
  1643.52	 -1146.91	  -464.88	     0.22	    20.20	     1.41	    -1.39	     0.05	     1.98	    98.02	     2.48
  1683.13	 -1145.47	  -467.68	     0.27	    39.61	     1.44	    -2.80	     0.05	     3.15	    79.49	     1.26
  1703.15	 -1145.52	  -464.86	     0.22	    20.02	    -0.05	     2.82	    -0.05	     2.82	   140.88	    -2.50
  1723.20	 -1144.08	  -467.66	     0.28	    20.05	     1.44	    -2.80	     0.06	     3.15	   157.04	     2.99
  1743.16	 -1144.13	  -464.84	     0.26	    19.96	    -0.05	     2.82	    -0.02	     2.82	   141.30	    -1.00
