     Time	    Pos x	    Pos y	    Angle	Diff Time	Diff Posx	Diff Posy	Diff Angl	Diff Long	Rel Speed	Rel AnSpd	
     0.00	 -1347.18	  -540.41	     0.03	     0.00	     0.00	     0.00	     0.00	     0.00	     0.00	     0.00
    21.04	 -1345.79	  -540.39	     0.00	    21.04	     1.39	     0.02	    -0.03	     1.39	    66.07	    -1.43
    81.38	 -1344.40	  -540.37	    -0.02	    60.34	     1.39	     0.02	    -0.02	     1.39	    23.04	    -0.33
   119.41	 -1340.23	  -540.30	    -0.02	    38.03	     4.17	     0.07	     0.00	     4.17	   109.67	     0.00
   139.28	 -1337.45	  -540.26	    -0.02	    19.87	     2.78	     0.04	     0.00	     2.78	   139.92	     0.00
   160.01	 -1334.62	  -543.04	    -0.02	    20.73	     2.83	    -2.78	     0.00	     3.97	   191.37	     0.00
   180.09	 -1331.84	  -543.00	    -0.02	    20.08	     2.78	     0.04	     0.00	     2.78	   138.46	     0.00
   201.41	 -1327.67	  -542.94	    -0.02	    21.32	     4.17	     0.06	     0.00	     4.17	   195.61	     0.00
   260.59	 -1320.71	  -542.84	    -0.06	    59.18	     6.96	     0.10	    -0.04	     6.96	   117.62	    -0.68
   280.77	 -1315.15	  -542.76	    -0.07	    20.18	     5.56	     0.08	    -0.01	     5.56	   275.55	    -0.50
   319.33	 -1310.96	  -544.11	    -0.09	    38.56	     4.19	    -1.35	    -0.02	     4.40	   114.16	    -0.52
   340.31	 -1305.39	  -544.03	    -0.10	    20.98	     5.57	     0.08	    -0.01	     5.57	   265.52	    -0.48
   380.97	 -1295.62	  -546.71	    -0.11	    40.66	     9.77	    -2.68	    -0.01	    10.13	   249.16	    -0.25
   460.88	 -1285.89	  -546.57	    -0.16	    79.91	     9.73	     0.14	    -0.05	     9.73	   121.77	    -0.63
   481.96	 -1276.11	  -549.25	    -0.18	    21.08	     9.78	    -2.68	    -0.02	    10.14	   481.05	    -0.95
   519.42	 -1269.16	  -549.15	    -0.21	    37.46	     6.95	     0.10	    -0.03	     6.95	   185.55	    -0.80
   541.54	 -1263.57	  -551.18	    -0.19	    22.12	     5.59	    -2.03	     0.02	     5.95	   268.86	     0.90
   599.40	 -1252.40	  -553.84	    -0.24	    57.86	    11.17	    -2.66	    -0.05	    11.48	   198.45	    -0.86
   685.06	 -1232.84	  -559.90	    -0.24	    85.66	    19.56	    -6.06	     0.00	    20.48	   239.05	     0.00
   721.42	 -1227.26	  -561.23	    -0.25	    36.36	     5.58	    -1.33	    -0.01	     5.74	   157.76	    -0.28
   741.48	 -1214.69	  -565.28	    -0.32	    20.06	    12.57	    -4.05	    -0.07	    13.21	   658.34	    -3.49
   761.44	 -1209.08	  -568.02	    -0.32	    19.96	     5.61	    -2.74	     0.00	     6.24	   312.79	     0.00
   873.83	 -1189.53	  -574.09	    -0.35	   112.39	    19.55	    -6.07	    -0.03	    20.47	   182.14	    -0.27
  1020.82	 -1146.81	  -593.93	    -0.51	   146.99	    42.72	   -19.84	    -0.16	    47.10	   320.45	    -1.09
  1041.07	 -1141.92	  -595.27	    -0.48	    20.25	     4.89	    -1.34	     0.03	     5.07	   250.38	     1.48
  1081.24	 -1134.90	  -599.40	    -0.49	    40.17	     7.02	    -4.13	    -0.01	     8.14	   202.76	    -0.25
  1101.38	 -1128.60	  -602.13	    -0.57	    20.14	     6.30	    -2.73	    -0.08	     6.87	   340.92	    -3.97
  1121.40	 -1122.97	  -606.29	    -0.49	    20.02	     5.63	    -4.16	     0.08	     7.00	   349.66	     4.00
  1159.65	 -1118.76	  -609.05	    -0.58	    38.25	     4.21	    -2.76	    -0.09	     5.03	   131.61	    -2.35
  1180.49	 -1110.35	  -613.16	    -0.62	    20.84	     8.41	    -4.11	    -0.04	     9.36	   449.16	    -1.92
  1200.73	 -1104.05	  -615.90	    -0.54	    20.24	     6.30	    -2.74	     0.08	     6.87	   339.43	     3.95
  1221.09	 -1101.21	  -619.39	    -0.53	    20.36	     2.84	    -3.49	     0.01	     4.50	   221.00	     0.49
  1260.15	 -1092.10	  -623.49	    -0.59	    39.06	     9.11	    -4.10	    -0.06	     9.99	   255.76	    -1.54
  1280.72	 -1087.87	  -626.96	    -0.56	    20.57	     4.23	    -3.47	     0.03	     5.47	   265.98	     1.46
  1300.44	 -1081.55	  -631.11	    -0.63	    19.72	     6.32	    -4.15	    -0.07	     7.56	   383.41	    -3.55
  1321.85	 -1073.83	  -635.24	    -0.61	    21.41	     7.72	    -4.13	     0.02	     8.76	   408.94	     0.93
  1361.42	 -1068.20	  -639.40	    -0.62	    39.57	     5.63	    -4.16	    -0.01	     7.00	   176.91	    -0.25
  1381.66	 -1062.59	  -642.14	    -0.66	    20.24	     5.61	    -2.74	    -0.04	     6.24	   308.47	    -1.98
  1401.60	 -1056.94	  -647.01	    -0.66	    19.94	     5.65	    -4.87	     0.00	     7.46	   374.08	     0.00
  1421.84	 -1052.01	  -650.47	    -0.60	    20.24	     4.93	    -3.46	     0.06	     6.02	   297.58	     2.96
  1460.86	 -1045.68	  -654.62	    -0.62	    39.02	     6.33	    -4.15	    -0.02	     7.57	   193.98	    -0.51
  1501.98	 -1035.11	  -662.95	    -0.63	    41.12	    10.57	    -8.33	    -0.01	    13.46	   327.28	    -0.24
  1540.45	 -1028.77	  -667.10	    -0.67	    38.47	     6.34	    -4.15	    -0.04	     7.58	   196.97	    -1.04
  1561.62	 -1021.74	  -671.25	    -0.70	    21.17	     7.03	    -4.15	    -0.03	     8.16	   385.62	    -1.42
  1581.47	 -1016.78	  -676.84	    -0.65	    19.85	     4.96	    -5.59	     0.05	     7.47	   376.49	     2.52
  1602.06	 -1011.83	  -681.01	    -0.67	    20.59	     4.95	    -4.17	    -0.02	     6.47	   314.34	    -0.97
  1662.94	  -999.15	  -690.03	    -0.72	    60.88	    12.68	    -9.02	    -0.05	    15.56	   255.60	    -0.82
  1703.51	  -987.16	  -699.06	    -0.71	    40.57	    11.99	    -9.03	     0.01	    15.01	   369.98	     0.25
  1742.24	  -983.60	  -703.26	    -0.70	    38.73	     3.56	    -4.20	     0.01	     5.51	   142.16	     0.26
  1762.25	  -977.26	  -707.42	    -0.71	    20.01	     6.34	    -4.16	    -0.01	     7.58	   378.96	    -0.50
  1782.28	  -970.90	  -712.99	    -0.73	    20.03	     6.36	    -5.57	    -0.02	     8.45	   422.08	    -1.00
  1820.43	  -964.55	  -717.16	    -0.79	    38.15	     6.35	    -4.17	    -0.06	     7.60	   199.13	    -1.57
  1841.44	  -961.67	  -722.78	    -0.71	    21.01	     2.88	    -5.62	     0.08	     6.31	   300.57	     3.81
  1862.14	  -955.30	  -728.36	    -0.71	    20.70	     6.37	    -5.58	     0.00	     8.47	   409.10	     0.00
  1882.07	  -948.24	  -733.23	    -0.75	    19.93	     7.06	    -4.87	    -0.04	     8.58	   430.34	    -2.01
  1920.94	  -944.00	  -736.71	    -0.75	    38.87	     4.24	    -3.48	     0.00	     5.49	   141.12	     0.00
  1940.87	  -938.32	  -742.31	    -0.73	    19.93	     5.68	    -5.60	     0.02	     7.98	   400.22	     1.00
  1961.91	  -932.67	  -746.48	    -0.76	    21.04	     5.65	    -4.17	    -0.03	     7.02	   333.76	    -1.43
  2000.48	  -926.27	  -753.49	    -0.77	    38.57	     6.40	    -7.01	    -0.01	     9.49	   246.10	    -0.26
  2021.20	  -922.01	  -757.69	    -0.80	    20.72	     4.26	    -4.20	    -0.03	     5.98	   288.72	    -1.45
  2042.07	  -915.63	  -763.28	    -0.78	    20.87	     6.38	    -5.59	     0.02	     8.48	   406.44	     0.96
  2062.27	  -910.65	  -768.89	    -0.77	    20.20	     4.98	    -5.61	     0.01	     7.50	   371.36	     0.50
  2101.26	  -904.99	  -773.07	    -0.82	    38.99	     5.66	    -4.18	    -0.05	     7.04	   180.46	    -1.28
  2121.24	  -899.29	  -779.38	    -0.78	    19.98	     5.70	    -6.31	     0.04	     8.50	   425.59	     2.00
  2142.13	  -895.71	  -784.30	    -0.79	    20.89	     3.58	    -4.92	    -0.01	     6.08	   291.27	    -0.48
  2162.21	  -890.03	  -789.91	    -0.83	    20.08	     5.68	    -5.61	    -0.04	     7.98	   397.58	    -1.99
  2202.56	  -885.75	  -794.82	    -0.82	    40.35	     4.28	    -4.91	     0.01	     6.51	   161.43	     0.25
  2222.60	  -880.04	  -801.14	    -0.85	    20.04	     5.71	    -6.32	    -0.03	     8.52	   425.02	    -1.50
  2242.54	  -874.35	  -806.76	    -0.81	    19.94	     5.69	    -5.62	     0.04	     8.00	   401.08	     2.01
  2280.58	  -869.36	  -812.38	    -0.80	    38.04	     4.99	    -5.62	     0.01	     7.52	   197.57	     0.26
  2301.96	  -864.36	  -818.00	    -0.82	    21.38	     5.00	    -5.62	    -0.02	     7.52	   351.84	    -0.94
  2322.46	  -857.94	  -825.03	    -0.85	    20.50	     6.42	    -7.03	    -0.03	     9.52	   464.41	    -1.46
  2342.59	  -852.96	  -829.95	    -0.85	    20.13	     4.98	    -4.92	     0.00	     7.00	   347.76	     0.00
  2381.66	  -848.66	  -835.58	    -0.83	    39.07	     4.30	    -5.63	     0.02	     7.08	   181.32	     0.51
  2401.91	  -842.95	  -841.21	    -0.87	    20.25	     5.71	    -5.63	    -0.04	     8.02	   395.99	    -1.98
  2422.11	  -837.24	  -847.54	    -0.86	    20.20	     5.71	    -6.33	     0.01	     8.52	   422.02	     0.50
  2442.25	  -832.23	  -853.18	    -0.89	    20.14	     5.01	    -5.64	    -0.03	     7.54	   374.57	    -1.49
  2481.71	  -827.23	  -858.81	    -0.91	    39.46	     5.00	    -5.63	    -0.02	     7.53	   190.82	    -0.51
  2502.27	  -822.92	  -864.46	    -0.89	    20.56	     4.31	    -5.65	     0.02	     7.11	   345.63	     0.97
  2541.82	  -817.18	  -871.52	    -0.90	    39.55	     5.74	    -7.06	    -0.01	     9.10	   230.06	    -0.25
  2560.53	  -811.47	  -877.15	    -0.95	    18.71	     5.71	    -5.63	    -0.05	     8.02	   428.58	    -2.67
  2582.10	  -807.17	  -882.09	    -0.91	    21.57	     4.30	    -4.94	     0.04	     6.55	   303.63	     1.85
  2602.12	  -802.12	  -889.88	    -0.94	    20.02	     5.05	    -7.79	    -0.03	     9.28	   463.72	    -1.50
  2622.25	  -797.10	  -895.53	    -0.93	    20.13	     5.02	    -5.65	     0.01	     7.56	   375.46	     0.50
  2661.20	  -794.19	  -901.20	    -0.93	    38.95	     2.91	    -5.67	     0.00	     6.37	   163.62	     0.00
  2681.36	  -788.44	  -908.27	    -0.91	    20.16	     5.75	    -7.07	     0.02	     9.11	   452.04	     0.99
  2702.67	  -785.52	  -913.95	    -0.94	    21.31	     2.92	    -5.68	    -0.03	     6.39	   299.70	    -1.41
  2722.71	  -780.50	  -919.60	    -0.95	    20.04	     5.02	    -5.65	    -0.01	     7.56	   377.14	    -0.50
  2760.83	  -775.48	  -925.26	    -1.00	    38.12	     5.02	    -5.66	    -0.05	     7.57	   198.46	    -1.31
  2781.81	  -771.10	  -933.79	    -0.95	    20.98	     4.38	    -8.53	     0.05	     9.59	   457.05	     2.38
  2802.29	  -765.37	  -939.45	    -0.98	    20.48	     5.73	    -5.66	    -0.03	     8.05	   393.27	    -1.46
  2840.70	  -763.15	  -945.14	    -0.97	    38.41	     2.22	    -5.69	     0.01	     6.11	   159.01	     0.26
  2862.43	  -756.70	  -951.51	    -1.00	    21.73	     6.45	    -6.37	    -0.03	     9.07	   417.18	    -1.38
  2882.51	  -753.02	  -959.34	    -1.01	    20.08	     3.68	    -7.83	    -0.01	     8.65	   430.86	    -0.50
  2902.44	  -747.96	  -966.45	    -1.05	    19.93	     5.06	    -7.11	    -0.04	     8.73	   437.87	    -2.01
  2941.18	  -745.05	  -971.43	    -1.03	    38.74	     2.91	    -4.98	     0.02	     5.77	   148.89	     0.52
  2961.96	  -739.96	  -979.25	    -1.03	    20.78	     5.09	    -7.82	     0.00	     9.33	   449.02	     0.00
  2982.71	  -737.03	  -984.95	    -1.01	    20.75	     2.93	    -5.70	     0.02	     6.41	   308.87	     0.96
  3002.75	  -732.66	  -992.08	    -1.02	    20.04	     4.37	    -7.13	    -0.01	     8.36	   417.30	    -0.50
  3040.83	  -702.53	 -1019.10	    -2.53	    38.08	    30.13	   -27.02	    -1.51	    40.47	 -1062.79	   -39.65
  3062.39	  -723.95	 -1004.90	    -1.05	    21.56	   -21.42	    14.20	     1.48	    25.70	 -1191.99	    68.65
  3082.45	  -721.75	 -1009.18	    -1.04	    20.06	     2.20	    -4.28	     0.01	     4.81	   239.90	     0.50
  3120.92	  -718.81	 -1014.89	    -1.03	    38.47	     2.94	    -5.71	     0.01	     6.42	   166.95	     0.26
  3141.83	  -715.87	 -1020.61	    -1.03	    20.91	     2.94	    -5.72	     0.00	     6.43	   307.57	     0.00
  3162.26	  -713.01	 -1022.74	    -1.06	    20.43	     2.86	    -2.13	    -0.03	     3.57	   174.55	    -1.47
  3183.01	  -710.09	 -1027.73	    -1.04	    20.75	     2.92	    -4.99	     0.02	     5.78	   278.63	     0.96
  3221.11	  -709.32	 -1030.60	    -1.00	    38.10	     0.77	    -2.87	     0.04	     2.97	    77.99	     1.05
  3242.71	  -706.43	 -1034.17	    -1.04	    21.60	     2.89	    -3.57	    -0.04	     4.59	   212.65	    -1.85
  3262.78	  -706.37	 -1037.04	    -1.01	    20.07	     0.06	    -2.87	     0.03	     2.87	   143.03	     1.49
  3282.74	  -704.19	 -1039.89	    -1.03	    19.96	     2.18	    -2.85	    -0.02	     3.59	   179.77	    -1.00
  3322.29	  -702.06	 -1040.59	    -1.04	    39.55	     2.13	    -0.70	    -0.01	     2.24	    56.69	    -0.25
  3342.13	  -699.85	 -1044.89	    -1.08	    19.84	     2.21	    -4.30	    -0.04	     4.83	   243.68	    -2.02
  3380.85	  -698.41	 -1046.31	    -1.07	    38.72	     1.44	    -1.42	     0.01	     2.02	    52.23	     0.26
  3400.94	  -697.68	 -1047.74	    -1.05	    20.09	     0.73	    -1.43	     0.02	     1.61	    79.92	     1.00
  3421.09	  -696.94	 -1049.17	    -1.05	    20.15	     0.74	    -1.43	     0.00	     1.61	    79.91	     0.00
  3441.31	  -696.91	 -1050.61	    -1.02	    20.22	     0.03	    -1.44	     0.03	     1.44	    71.23	     1.48
  3462.58	  -698.33	 -1049.90	    -1.01	    21.27	    -1.42	     0.71	     0.01	     1.59	   -74.64	     0.47
  3501.17	  -696.21	 -1050.61	    -1.03	    38.59	     2.12	    -0.71	    -0.02	     2.24	    57.94	    -0.52
  3542.48	  -668.91	 -1072.74	    -2.54	    41.31	    27.30	   -22.13	    -1.51	    35.14	  -850.71	   -36.55
  3565.11	  -695.47	 -1052.04	    -1.03	    22.63	   -26.56	    20.70	     1.51	    33.67	 -1488.02	    66.73
