     Time	    Pos x	    Pos y	    Angle	Diff Time	Diff Posx	Diff Posy	Diff Angl	Diff Long	Rel Speed	Rel AnSpd	
     0.00	 -1345.79	  -540.39	    -0.02	     0.00	     0.00	     0.00	     0.00	     0.00	     0.00	     0.00
    19.47	 -1344.40	  -540.37	     0.00	    19.47	     1.39	     0.02	     0.02	     1.39	    71.40	     1.03
    39.96	 -1341.62	  -540.33	     0.00	    20.49	     2.78	     0.04	     0.00	     2.78	   135.69	     0.00
    60.27	 -1336.06	  -540.24	     0.00	    20.31	     5.56	     0.09	     0.00	     5.56	   273.79	     0.00
    81.41	 -1330.49	  -540.16	     0.03	    21.14	     5.57	     0.08	     0.03	     5.57	   263.51	     1.42
   160.87	 -1313.85	  -537.10	     0.07	    79.46	    16.64	     3.06	     0.04	    16.92	   212.92	     0.50
   241.04	 -1288.83	  -536.74	     0.12	    80.17	    25.02	     0.36	     0.05	    25.02	   312.12	     0.62
   319.89	 -1259.63	  -537.02	     0.24	    78.85	    29.20	    -0.28	     0.12	    29.20	   370.34	     1.52
   340.27	 -1251.39	  -530.56	     0.16	    20.38	     8.24	     6.46	    -0.08	    10.47	   513.76	    -3.93
   379.69	 -1240.29	  -529.69	     0.18	    39.42	    11.10	     0.87	     0.02	    11.13	   282.45	     0.51
   400.08	 -1231.99	  -527.46	     0.18	    20.39	     8.30	     2.23	     0.00	     8.59	   421.50	     0.00
   420.14	 -1218.11	  -526.55	     0.21	    20.06	    13.88	     0.91	     0.03	    13.91	   693.41	     1.50
   441.15	 -1209.77	  -526.43	     0.25	    21.01	     8.34	     0.12	     0.04	     8.34	   396.99	     1.90
   461.70	 -1197.29	  -524.84	     0.27	    20.55	    12.48	     1.59	     0.02	    12.58	   612.21	     0.97
   499.98	 -1189.04	  -519.78	     0.23	    38.28	     8.25	     5.06	    -0.04	     9.68	   252.82	    -1.04
   520.07	 -1177.20	  -521.73	     0.31	    20.09	    11.84	    -1.95	     0.08	    12.00	   597.29	     3.98
   541.06	 -1166.16	  -517.33	     0.27	    20.99	    11.04	     4.40	    -0.04	    11.88	   566.20	    -1.91
   561.61	 -1155.80	  -513.66	     0.26	    20.55	    10.36	     3.67	    -0.01	    10.99	   534.83	    -0.49
   621.70	 -1135.02	  -509.83	     0.31	    60.09	    20.78	     3.83	     0.05	    21.13	   351.64	     0.83
   641.66	 -1119.74	  -509.60	     0.39	    19.96	    15.28	     0.23	     0.08	    15.28	   765.62	     4.01
   679.75	 -1112.92	  -502.45	     0.28	    38.09	     6.82	     7.15	    -0.11	     9.88	   259.41	    -2.89
   701.04	 -1100.46	  -499.45	     0.30	    21.29	    12.46	     3.00	     0.02	    12.82	   601.98	     0.94
   721.21	 -1088.01	  -496.44	     0.30	    20.17	    12.45	     3.01	     0.00	    12.81	   635.04	     0.00
   741.78	 -1076.94	  -493.46	     0.31	    20.57	    11.07	     2.98	     0.01	    11.46	   557.32	     0.49
   779.94	 -1066.58	  -489.78	     0.34	    38.16	    10.36	     3.68	     0.03	    10.99	   288.11	     0.79
   821.67	 -1055.50	  -487.49	     0.32	    41.73	    11.08	     2.29	    -0.02	    11.31	   271.13	    -0.48
   842.06	 -1033.36	  -481.52	     0.38	    20.39	    22.14	     5.97	     0.06	    22.93	  1124.61	     2.94
   901.22	 -1011.27	  -472.72	     0.34	    59.16	    22.09	     8.80	    -0.04	    23.78	   401.93	    -0.68
   921.63	  -998.08	  -471.82	     0.42	    20.41	    13.19	     0.90	     0.08	    13.22	   647.75	     3.92
   959.99	  -988.44	  -466.02	     0.37	    38.36	     9.64	     5.80	    -0.05	    11.25	   293.28	    -1.30
   980.07	  -975.99	  -462.31	     0.40	    20.08	    12.45	     3.71	     0.03	    12.99	   646.96	     1.49
  1001.81	  -966.31	  -458.63	     0.38	    21.74	     9.68	     3.68	    -0.02	    10.36	   476.35	    -0.92
  1021.84	  -955.27	  -453.52	     0.37	    20.03	    11.04	     5.11	    -0.01	    12.17	   607.35	    -0.50
  1081.73	  -945.58	  -450.55	     0.38	    59.89	     9.69	     2.97	     0.01	    10.13	   169.23	     0.17
  1102.07	  -929.00	  -443.23	     0.39	    20.34	    16.58	     7.32	     0.01	    18.12	   891.05	     0.49
  1140.13	  -920.62	  -444.51	     0.45	    38.06	     8.38	    -1.28	     0.06	     8.48	   222.73	     1.58
  1160.14	  -912.37	  -438.73	     0.41	    20.01	     8.25	     5.78	    -0.04	    10.07	   503.41	    -2.00
  1180.88	  -906.87	  -434.41	     0.38	    20.74	     5.50	     4.32	    -0.03	     6.99	   337.21	    -1.45
  1220.15	  -899.93	  -432.89	     0.41	    39.27	     6.94	     1.52	     0.03	     7.10	   180.91	     0.76
  1240.61	  -893.03	  -429.25	     0.42	    20.46	     6.90	     3.64	     0.01	     7.80	   381.29	     0.49
  1261.53	  -888.19	  -427.05	     0.42	    20.92	     4.84	     2.20	     0.00	     5.32	   254.14	     0.00
  1281.87	  -884.75	  -424.88	     0.39	    20.34	     3.44	     2.17	    -0.03	     4.07	   199.96	    -1.47
  1320.12	  -879.20	  -423.38	     0.39	    38.25	     5.55	     1.50	     0.00	     5.75	   150.30	     0.00
  1341.33	  -873.64	  -422.58	     0.41	    21.21	     5.56	     0.80	     0.02	     5.62	   264.84	     0.94
  1361.41	  -869.51	  -419.69	     0.39	    20.08	     4.13	     2.89	    -0.02	     5.04	   251.03	    -1.00
  1381.85	  -866.72	  -419.65	     0.41	    20.44	     2.79	     0.04	     0.02	     2.79	   136.51	     0.98
  1420.37	  -862.56	  -418.17	     0.38	    38.52	     4.16	     1.48	    -0.03	     4.42	   114.63	    -0.78
  1441.81	  -859.77	  -418.12	     0.42	    21.44	     2.79	     0.05	     0.04	     2.79	   130.15	     1.87
  1482.44	  -855.67	  -413.82	     0.39	    40.63	     4.10	     4.30	    -0.03	     5.94	   146.23	    -0.74
  1541.47	  -851.48	  -413.75	     0.41	    59.03	     4.19	     0.07	     0.02	     4.19	    70.99	     0.34
  1561.63	  -851.51	  -412.34	     0.40	    20.16	    -0.03	     1.41	    -0.01	     1.41	    69.96	    -0.50
  1600.18	  -848.72	  -412.29	     0.39	    38.55	     2.79	     0.05	    -0.01	     2.79	    72.39	    -0.26
  1620.62	  -848.74	  -410.88	     0.39	    20.44	    -0.02	     1.41	     0.00	     1.41	    68.99	     0.00
  1641.08	  -847.30	  -413.68	     0.44	    20.46	     1.44	    -2.80	     0.05	     3.15	   153.89	     2.44
  1662.08	  -845.92	  -412.95	     0.44	    21.00	     1.38	     0.73	     0.00	     1.56	    74.34	     0.00
  1700.10	  -847.32	  -412.27	     0.41	    38.02	    -1.40	     0.68	    -0.03	     1.56	   -40.94	    -0.79
  1721.07	  -845.93	  -412.24	     0.43	    20.97	     1.39	     0.03	     0.02	     1.39	    66.30	     0.95
  1741.52	  -846.66	  -410.14	     0.39	    20.45	    -0.73	     2.10	    -0.04	     2.22	   108.72	    -1.96
  1761.82	  -847.32	  -412.27	     0.40	    20.30	    -0.66	    -2.13	     0.01	     2.23	  -109.85	     0.49
  1822.05	  -848.05	  -410.87	     0.39	    60.23	    -0.73	     1.40	    -0.01	     1.58	   -26.21	    -0.17
  1843.40	  -846.65	  -410.84	     0.39	    21.35	     1.40	     0.03	     0.00	     1.40	    65.59	     0.00
  1881.70	  -845.94	  -411.54	     0.42	    38.30	     0.71	    -0.70	     0.03	     1.00	    26.03	     0.78
  1901.90	  -847.35	  -410.85	     0.38	    20.20	    -1.41	     0.69	    -0.04	     1.57	   -77.71	    -1.98
  1923.15	  -847.32	  -412.27	     0.38	    21.25	     0.03	    -1.42	     0.00	     1.42	   -66.84	     0.00
  1943.30	  -848.08	  -408.75	     0.36	    20.15	    -0.76	     3.52	    -0.02	     3.60	   178.72	    -0.99
  1981.88	  -848.08	  -408.75	     0.35	    38.58	     0.00	     0.00	    -0.01	     0.00	     0.00	    -0.26
  2023.64	  -848.05	  -410.87	     0.36	    41.76	     0.03	    -2.12	     0.01	     2.12	   -50.77	     0.24
  2043.81	  -847.30	  -413.68	     0.44	    20.17	     0.75	    -2.81	     0.08	     2.91	  -144.19	     3.97
  2081.80	  -845.90	  -413.66	     0.44	    37.99	     1.40	     0.02	     0.00	     1.40	    36.86	     0.00
  2103.17	  -847.32	  -412.27	     0.41	    21.37	    -1.42	     1.39	    -0.03	     1.99	   -92.98	    -1.40
  2123.40	  -845.89	  -414.36	     0.49	    20.23	     1.43	    -2.09	     0.08	     2.53	   125.18	     3.95
  2143.41	  -845.90	  -413.66	     0.44	    20.01	    -0.01	     0.70	    -0.05	     0.70	    34.99	    -2.50
