time 		pos x 		pos y 		angle 		
0.0 		-518.46 		-479.88 		0.0 		
0.02 		-520.58 		-479.91 		0.03 		
0.04 		-520.58 		-479.91 		0.03 		
0.06 		-520.58 		-479.91 		0.03 		
0.08 		-520.58 		-479.91 		0.03 		
0.1 		-520.58 		-479.91 		0.03 		
0.12 		-520.46 		-486.31 		0.08 		
0.14 		-520.46 		-486.31 		0.08 		
0.16 		-520.46 		-486.31 		0.08 		
0.18 		-520.49 		-484.88 		0.06 		
0.2 		-520.49 		-484.88 		0.06 		
0.22 		-520.55 		-481.33 		0.0 		
0.25 		-521.28 		-479.93 		-0.04 		
0.27 		-519.16 		-479.89 		0.0 		
0.28 		-519.16 		-479.89 		0.0 		
0.3 		-520.58 		-479.91 		-0.02 		
0.32 		-518.46 		-479.88 		0.03 		
0.34 		-520.45 		-487.02 		0.14 		
0.36 		-520.45 		-487.02 		0.14 		
0.38 		-520.45 		-487.02 		0.14 		
0.4 		-520.45 		-487.02 		0.14 		
0.43 		-519.79 		-484.16 		0.05 		
0.44 		-519.79 		-484.16 		0.05 		
0.46 		-519.79 		-484.16 		0.05 		
0.48 		-520.46 		-486.31 		0.13 		
0.51 		-519.16 		-479.89 		0.0 		
0.53 		-519.16 		-479.89 		0.0 		
0.54 		-519.16 		-479.89 		0.0 		
0.56 		-518.46 		-479.88 		0.03 		
0.58 		-518.46 		-479.88 		0.03 		
0.6 		-518.46 		-479.88 		0.03 		
0.62 		-518.46 		-479.88 		0.03 		
0.64 		-518.46 		-479.88 		0.03 		
0.66 		-520.49 		-484.88 		0.06 		
0.68 		-519.16 		-479.89 		0.0 		
0.7 		-519.16 		-479.89 		0.0 		
0.72 		-519.16 		-479.89 		0.0 		
0.74 		-519.16 		-479.89 		0.0 		
0.76 		-519.16 		-479.89 		0.0 		
0.79 		-519.15 		-480.6 		0.04 		
0.8 		-519.15 		-480.6 		0.04 		
0.82 		-519.15 		-480.6 		0.04 		
0.84 		-519.16 		-479.89 		0.03 		
0.86 		-519.16 		-479.89 		0.03 		
0.88 		-519.16 		-479.89 		0.03 		
0.9 		-519.16 		-479.89 		0.03 		
0.93 		-520.54 		-482.05 		0.02 		
0.95 		-520.54 		-482.05 		0.02 		
0.96 		-520.54 		-482.05 		0.02 		
0.99 		-520.45 		-487.02 		0.14 		
1.0 		-520.45 		-487.02 		0.14 		
1.02 		-520.45 		-487.02 		0.14 		
1.04 		-520.45 		-487.02 		0.14 		
1.06 		-520.45 		-487.02 		0.14 		
1.09 		-520.45 		-487.02 		0.14 		
1.11 		-520.45 		-487.02 		0.14 		
1.13 		-519.14 		-481.31 		0.05 		
1.14 		-519.14 		-481.31 		0.05 		
1.17 		-519.14 		-481.31 		0.05 		
1.19 		-519.16 		-479.89 		0.03 		
1.21 		-519.16 		-479.89 		0.03 		
1.23 		-520.45 		-487.02 		0.14 		
1.25 		-519.77 		-485.58 		0.07 		
1.27 		-520.58 		-479.91 		0.03 		
1.29 		-519.87 		-479.9 		0.03 		
1.31 		-519.87 		-479.9 		0.03 		
1.33 		-519.87 		-479.9 		0.03 		
1.35 		-519.87 		-479.9 		0.03 		
1.37 		-519.15 		-480.6 		-0.01 		
1.39 		-519.15 		-480.6 		-0.01 		
1.41 		-519.15 		-480.6 		-0.01 		
1.43 		-520.46 		-486.31 		0.11 		
1.45 		-520.49 		-484.88 		0.11 		
1.47 		-520.49 		-484.88 		0.11 		
1.49 		-520.49 		-484.88 		0.11 		
1.51 		-520.49 		-484.88 		0.11 		
1.53 		-520.49 		-484.88 		0.11 		
1.55 		-520.49 		-484.88 		0.11 		
1.57 		-520.49 		-484.88 		0.11 		
1.59 		-519.16 		-479.89 		-0.02 		
1.61 		-519.16 		-479.89 		-0.02 		
1.63 		-519.16 		-479.89 		-0.02 		
1.66 		-520.41 		-489.15 		0.13 		
1.67 		-519.87 		-479.9 		0.0 		
1.7 		-520.42 		-488.44 		0.16 		
1.71 		-520.42 		-488.44 		0.16 		
1.73 		-520.42 		-488.44 		0.16 		
1.75 		-520.42 		-488.44 		0.16 		
1.77 		-520.5 		-484.18 		0.1 		
1.79 		-520.5 		-484.18 		0.1 		
1.81 		-520.5 		-484.18 		0.1 		
1.83 		-518.46 		-479.88 		0.03 		
1.85 		-518.46 		-479.88 		0.03 		
1.87 		-518.46 		-479.88 		0.03 		
1.89 		-518.46 		-479.88 		0.03 		
1.91 		-518.46 		-479.88 		0.03 		
1.93 		-520.51 		-483.46 		0.04 		
1.95 		-488.23 		-468.74 		-2.29 		
1.97 		-488.23 		-468.74 		-2.29 		
1.99 		-488.23 		-468.74 		-2.29 		
2.01 		-488.23 		-468.74 		-2.29 		
2.03 		-488.23 		-468.74 		-2.29 		
2.05 		-519.74 		-487.0 		0.12 		
2.07 		-519.74 		-487.0 		0.12 		
2.09 		-519.74 		-487.0 		0.12 		
2.11 		-519.74 		-487.0 		0.12 		
2.13 		-519.16 		-479.89 		-0.02 		
2.15 		-519.16 		-479.89 		-0.02 		
2.17 		-519.16 		-479.89 		-0.02 		
2.19 		-519.16 		-479.89 		0.0 		
2.21 		-519.16 		-479.89 		0.0 		
2.23 		-519.16 		-479.89 		0.0 		
2.25 		-519.16 		-479.89 		0.0 		
2.27 		-519.7 		-489.13 		0.15 		
2.29 		-519.7 		-489.13 		0.15 		
2.31 		-519.7 		-489.13 		0.15 		
2.33 		-520.58 		-479.91 		0.0 		
2.35 		-520.58 		-479.91 		0.0 		
2.37 		-519.16 		-479.89 		-0.02 		
2.39 		-519.16 		-479.89 		-0.02 		
2.41 		-519.16 		-479.89 		-0.02 		
2.43 		-519.16 		-479.89 		0.03 		
2.45 		-519.16 		-479.89 		0.03 		
2.47 		-519.16 		-479.89 		0.03 		
2.49 		-520.58 		-479.91 		0.03 		
2.51 		-520.58 		-479.91 		0.03 		
2.53 		-520.58 		-479.91 		0.03 		
2.55 		-519.7 		-489.13 		0.18 		
2.57 		-519.7 		-489.13 		0.18 		
2.59 		-519.7 		-489.13 		0.18 		
2.61 		-520.57 		-480.62 		0.02 		
2.63 		-520.57 		-480.62 		0.02 		
2.65 		-518.46 		-479.88 		-0.02 		
2.67 		-519.75 		-486.29 		0.13 		
2.69 		-519.75 		-486.29 		0.13 		
2.71 		-519.75 		-486.29 		0.13 		
2.73 		-519.16 		-479.89 		0.03 		
2.75 		-519.16 		-479.89 		0.03 		
2.77 		-519.16 		-479.89 		0.03 		
2.79 		-519.16 		-479.89 		0.03 		
2.81 		-519.16 		-479.89 		0.03 		
2.83 		-519.16 		-479.89 		0.03 		
2.85 		-519.16 		-479.89 		0.03 		
2.87 		-519.16 		-479.89 		0.03 		
2.9 		-519.16 		-479.89 		0.03 		
2.91 		-519.16 		-479.89 		0.03 		
2.93 		-519.16 		-479.89 		0.03 		
2.95 		-519.16 		-479.89 		0.03 		
2.97 		-519.16 		-479.89 		0.03 		
2.99 		-519.16 		-479.89 		0.03 		
3.01 		-519.16 		-479.89 		0.03 		
3.03 		-519.16 		-479.89 		0.03 		
3.05 		-519.16 		-479.89 		0.03 		
3.07 		-519.16 		-479.89 		0.03 		
3.09 		-519.16 		-479.89 		0.03 		
3.11 		-520.41 		-489.15 		0.18 		
3.13 		-520.41 		-489.15 		0.18 		
3.15 		-520.41 		-489.15 		0.18 		
3.17 		-520.41 		-489.15 		0.18 		
3.19 		-520.41 		-489.15 		0.18 		
3.21 		-519.14 		-481.31 		0.03 		
3.23 		-519.14 		-481.31 		0.03 		
3.25 		-519.15 		-480.6 		0.04 		
3.27 		-519.87 		-479.9 		0.0 		
3.29 		-519.87 		-479.9 		0.0 		
3.31 		-519.87 		-479.9 		0.0 		
3.33 		-519.87 		-479.9 		0.0 		
3.35 		-519.87 		-479.9 		0.0 		
3.37 		-519.87 		-479.9 		0.0 		
3.39 		-519.16 		-479.89 		0.03 		
3.41 		-519.16 		-479.89 		0.03 		
3.43 		-519.16 		-479.89 		0.03 		
3.46 		-520.41 		-489.15 		0.17 		
3.48 		-519.14 		-481.31 		0.05 		
3.49 		-519.14 		-481.31 		0.05 		
3.51 		-520.46 		-486.31 		0.14 		
3.53 		-519.79 		-484.16 		0.1 		
3.55 		-519.79 		-484.16 		0.1 		
3.57 		-519.79 		-484.16 		0.1 		
3.59 		-519.79 		-484.16 		0.1 		
3.61 		-519.14 		-481.31 		0.0 		
3.63 		-519.14 		-481.31 		0.0 		
3.65 		-519.14 		-481.31 		0.0 		
3.67 		-519.63 		-492.69 		0.24 		
3.69 		-520.43 		-487.73 		0.13 		
3.71 		-519.14 		-481.31 		0.05 		
3.74 		-519.14 		-481.31 		0.05 		
3.75 		-519.14 		-481.31 		0.05 		
3.77 		-519.86 		-480.61 		0.02 		
3.79 		-520.51 		-483.46 		0.08 		
3.82 		-520.51 		-483.46 		0.08 		
3.83 		-520.51 		-483.46 		0.08 		
3.86 		-519.16 		-479.89 		0.0 		
3.87 		-519.16 		-479.89 		0.0 		
3.89 		-519.16 		-479.89 		0.0 		
3.91 		-519.16 		-479.89 		0.0 		
3.94 		-520.58 		-479.91 		0.03 		
3.95 		-520.58 		-479.91 		0.03 		
3.97 		-520.58 		-479.91 		0.03 		
3.99 		-520.58 		-479.91 		0.03 		
4.02 		-519.7 		-489.13 		0.13 		
4.03 		-519.7 		-489.13 		0.13 		
4.05 		-519.15 		-480.6 		0.02 		
4.07 		-520.41 		-489.15 		0.15 		
4.09 		-520.41 		-489.15 		0.15 		
4.11 		-520.41 		-489.15 		0.15 		
4.14 		-520.46 		-486.31 		0.13 		
4.15 		-520.46 		-486.31 		0.13 		
4.17 		-519.71 		-488.42 		0.17 		
4.2 		-519.71 		-488.42 		0.17 		
4.21 		-519.71 		-488.42 		0.17 		
4.23 		-520.46 		-486.31 		0.13 		
4.26 		-520.43 		-487.73 		0.1 		
4.28 		-520.43 		-487.73 		0.16 		
4.3 		-520.41 		-489.15 		0.13 		
4.32 		-520.58 		-479.91 		-0.02 		
4.33 		-520.58 		-479.91 		-0.02 		
4.35 		-519.7 		-489.13 		0.15 		
4.37 		-519.7 		-489.13 		0.15 		
4.39 		-519.7 		-489.13 		0.15 		
4.41 		-519.7 		-489.13 		0.15 		
4.43 		-519.7 		-489.13 		0.15 		
4.45 		-519.7 		-489.13 		0.15 		
4.47 		-519.7 		-489.13 		0.15 		
4.49 		-519.7 		-489.13 		0.15 		
4.51 		-519.14 		-481.31 		0.05 		
4.53 		-519.14 		-481.31 		0.05 		
4.55 		-519.14 		-481.31 		0.05 		
4.57 		-519.14 		-481.31 		0.05 		
4.6 		-519.83 		-482.03 		0.02 		
4.61 		-519.83 		-482.03 		0.02 		
4.63 		-519.83 		-482.03 		0.02 		
4.65 		-519.83 		-482.03 		0.02 		
4.67 		-519.83 		-482.03 		0.02 		
4.7 		-519.16 		-479.89 		0.03 		
4.71 		-519.16 		-479.89 		0.03 		
4.74 		-519.78 		-484.87 		0.11 		
4.76 		-519.78 		-484.87 		0.11 		
4.77 		-519.78 		-484.87 		0.11 		
4.8 		-519.83 		-482.03 		0.06 		
4.81 		-519.83 		-482.03 		0.06 		
4.83 		-519.83 		-482.03 		0.06 		
4.85 		-519.83 		-482.03 		0.06 		
4.87 		-519.83 		-482.03 		0.06 		
4.9 		-520.42 		-488.44 		0.11 		
4.92 		-519.78 		-484.87 		0.11 		
4.93 		-519.78 		-484.87 		0.11 		
4.95 		-519.78 		-484.87 		0.11 		
4.98 		-519.78 		-484.87 		0.11 		
5.0 		-520.43 		-487.73 		0.1 		
5.02 		-519.15 		-480.6 		-0.01 		
5.04 		-520.41 		-489.15 		0.13 		
5.06 		-520.41 		-489.15 		0.13 		
5.07 		-520.41 		-489.15 		0.13 		
5.1 		-519.75 		-486.29 		0.14 		
5.12 		-519.75 		-486.29 		0.14 		
5.13 		-519.75 		-486.29 		0.14 		
5.16 		-520.5 		-484.18 		0.1 		
5.17 		-520.5 		-484.18 		0.1 		
5.2 		-519.15 		-480.6 		0.04 		
5.22 		-488.94 		-468.75 		-2.28 		
5.24 		-488.94 		-468.75 		-2.28 		
5.25 		-488.94 		-468.75 		-2.28 		
5.27 		-488.94 		-468.75 		-2.28 		
5.29 		-488.94 		-468.75 		-2.28 		
5.32 		-488.94 		-468.75 		-2.28 		
5.34 		-488.94 		-468.75 		-2.28 		
5.35 		-488.94 		-468.75 		-2.28 		
5.37 		-488.94 		-468.75 		-2.28 		
5.4 		-488.94 		-468.75 		-2.28 		
5.42 		-488.94 		-468.75 		-2.28 		
5.44 		-488.94 		-468.75 		-2.28 		
5.46 		-520.58 		-479.91 		0.03 		
5.48 		-520.58 		-479.91 		0.03 		
5.5 		-520.58 		-479.91 		0.03 		
5.52 		-520.58 		-479.91 		0.03 		
5.54 		-520.58 		-479.91 		0.03 		
5.57 		-519.16 		-479.89 		-0.02 		
5.58 		-519.16 		-479.89 		-0.02 		
5.6 		-521.14 		-487.74 		0.13 		
5.62 		-521.14 		-487.74 		0.13 		
5.64 		-521.14 		-487.74 		0.13 		
5.67 		-519.7 		-489.13 		0.13 		
5.68 		-519.7 		-489.13 		0.13 		
5.7 		-519.7 		-489.13 		0.13 		
5.73 		-519.14 		-481.31 		0.03 		
5.74 		-519.14 		-481.31 		0.03 		
5.76 		-519.14 		-481.31 		0.03 		
5.78 		-519.14 		-481.31 		0.03 		
5.8 		-519.14 		-481.31 		0.03 		
5.82 		-519.14 		-481.31 		0.03 		
5.84 		-519.14 		-481.31 		0.03 		
5.86 		-519.14 		-481.31 		0.03 		
5.89 		-519.16 		-479.89 		0.03 		
5.9 		-519.87 		-479.9 		0.03 		
5.92 		-519.75 		-486.29 		0.14 		
5.94 		-519.75 		-486.29 		0.14 		
5.96 		-519.75 		-486.29 		0.14 		
5.98 		-519.75 		-486.29 		0.14 		
6.01 		-520.58 		-479.91 		0.03 		
6.02 		-519.77 		-485.58 		0.12 		
6.04 		-519.77 		-485.58 		0.12 		
6.06 		-519.77 		-485.58 		0.12 		
6.08 		-519.77 		-485.58 		0.12 		
6.11 		-519.77 		-485.58 		0.12 		
6.13 		-519.15 		-480.6 		-0.01 		
6.14 		-519.15 		-480.6 		-0.01 		
6.16 		-518.46 		-479.88 		-0.02 		
6.19 		-518.46 		-479.88 		-0.02 		
6.2 		-518.46 		-479.88 		-0.02 		
6.23 		-520.58 		-479.91 		-0.02 		
6.24 		-520.58 		-479.91 		-0.02 		
6.26 		-519.16 		-479.89 		-0.02 		
6.28 		-519.87 		-479.9 		0.03 		
6.31 		-519.87 		-479.9 		0.03 		
6.32 		-519.87 		-479.9 		0.03 		
6.34 		-519.87 		-479.9 		0.03 		
6.36 		-519.87 		-479.9 		0.03 		
6.38 		-519.87 		-479.9 		0.03 		
6.41 		-520.58 		-479.91 		0.0 		
6.42 		-520.58 		-479.91 		0.0 		
6.45 		-519.16 		-479.89 		-0.02 		
6.46 		-519.16 		-479.89 		-0.02 		
6.48 		-519.16 		-479.89 		-0.02 		
6.51 		-520.47 		-485.6 		0.1 		
6.52 		-520.47 		-485.6 		0.1 		
6.55 		-519.73 		-487.71 		0.13 		
6.57 		-520.47 		-485.6 		0.07 		
6.59 		-519.74 		-487.0 		0.15 		
6.6 		-519.74 		-487.0 		0.15 		
6.62 		-519.82 		-482.74 		0.03 		
6.65 		-520.41 		-489.15 		0.17 		
6.67 		-519.74 		-487.0 		0.12 		
6.69 		-519.74 		-487.0 		0.12 		
6.7 		-519.74 		-487.0 		0.12 		
6.72 		-519.74 		-487.0 		0.12 		
6.74 		-519.74 		-487.0 		0.12 		
6.76 		-519.74 		-487.0 		0.12 		
6.79 		-519.77 		-485.58 		0.07 		
6.8 		-519.77 		-485.58 		0.07 		
6.82 		-518.46 		-479.88 		0.03 		
