time 		pos x 		pos y 		angle 		
0.0 		1202.62 		809.05 		2.68 		
0.02 		1202.62 		809.05 		2.68 		
0.04 		1202.62 		809.05 		2.68 		
0.06 		1202.62 		809.05 		2.64 		
0.08 		1202.62 		809.05 		2.64 		
0.1 		1202.62 		809.05 		2.64 		
0.12 		1202.62 		809.05 		2.59 		
0.14 		1202.62 		809.05 		2.59 		
0.16 		1202.62 		809.05 		2.59 		
0.18 		1202.62 		809.05 		2.59 		
0.2 		1129.5 		916.85 		-1.11 		
0.22 		1129.5 		916.85 		-1.11 		
0.23 		1129.5 		916.85 		-1.11 		
0.26 		1202.62 		809.05 		2.54 		
0.28 		1202.62 		809.05 		2.63 		
0.3 		1202.62 		809.05 		2.54 		
0.32 		1202.62 		809.05 		2.54 		
0.34 		1202.62 		809.05 		2.54 		
0.36 		1202.62 		809.05 		2.54 		
0.38 		1202.62 		809.05 		2.64 		
0.4 		1202.62 		809.05 		2.64 		
0.42 		1202.62 		809.05 		2.64 		
0.44 		1202.6 		810.45 		2.65 		
0.46 		1202.62 		809.05 		2.65 		
0.48 		1202.62 		809.05 		2.68 		
0.5 		1202.62 		809.05 		2.68 		
0.52 		1202.62 		809.05 		2.68 		
0.54 		1202.62 		809.05 		2.4 		
0.56 		1074.84 		836.88 		-0.03 		
0.58 		1202.62 		809.05 		2.64 		
0.6 		1202.62 		809.05 		2.64 		
0.62 		1202.62 		809.05 		2.64 		
0.64 		1155.76 		796.22 		2.4 		
0.66 		1155.76 		796.22 		2.4 		
0.68 		1155.76 		796.22 		2.4 		
0.7 		1202.62 		809.05 		2.76 		
0.72 		1202.62 		809.05 		2.76 		
0.74 		1177.13 		833.35 		-2.55 		
0.76 		1202.62 		809.05 		2.63 		
0.78 		1202.62 		809.05 		2.67 		
0.8 		1202.62 		809.05 		2.66 		
0.82 		1202.62 		809.05 		2.66 		
0.84 		1202.62 		809.05 		2.64 		
0.86 		1202.62 		809.05 		2.65 		
0.88 		1202.62 		809.05 		2.63 		
0.9 		1202.62 		809.05 		2.63 		
0.92 		1202.62 		809.05 		2.64 		
0.94 		1195.18 		856.52 		2.9 		
0.96 		1202.62 		809.05 		2.59 		
0.98 		1202.62 		809.05 		2.63 		
1.0 		1202.62 		809.05 		2.63 		
1.02 		1202.62 		809.05 		2.76 		
1.04 		1201.2 		810.44 		2.77 		
1.06 		1202.62 		809.05 		2.46 		
1.08 		1202.62 		809.05 		2.59 		
1.1 		1202.62 		809.05 		2.59 		
1.12 		1202.62 		809.05 		2.59 		
1.14 		1201.2 		810.44 		2.64 		
1.16 		1202.62 		809.05 		2.6 		
1.18 		1202.62 		809.05 		2.6 		
1.2 		1202.62 		809.05 		2.55 		
1.22 		1195.17 		857.92 		2.92 		
1.24 		1123.22 		915.41 		-1.07 		
1.26 		1202.62 		809.05 		2.64 		
1.28 		1202.62 		809.05 		2.64 		
1.3 		1062.29 		833.31 		-0.01 		
1.32 		1202.62 		808.35 		2.67 		
1.34 		1202.62 		808.35 		2.67 		
1.36 		1202.62 		808.35 		2.67 		
1.38 		1202.62 		809.05 		2.68 		
1.4 		1206.46 		851.72 		2.91 		
1.42 		1202.62 		809.05 		2.64 		
1.44 		1198.8 		843.27 		2.86 		
1.46 		1198.8 		843.27 		2.86 		
1.48 		1198.8 		843.27 		2.86 		
1.5 		1116.98 		906.28 		-0.99 		
1.52 		1202.62 		809.05 		2.69 		
1.54 		1202.62 		809.05 		2.69 		
1.56 		1202.62 		809.05 		2.69 		
1.58 		1062.37 		824.94 		0.05 		
1.6 		1062.37 		824.94 		0.05 		
1.62 		1062.37 		824.94 		0.05 		
1.64 		1202.62 		809.05 		2.59 		
1.66 		1202.62 		809.05 		2.59 		
1.68 		1202.62 		809.05 		2.59 		
1.7 		1202.62 		809.05 		2.59 		
1.72 		1193.77 		856.51 		2.89 		
1.74 		1193.77 		856.51 		2.89 		
1.76 		1193.77 		856.51 		2.89 		
1.78 		1193.77 		856.51 		2.89 		
1.8 		1188.88 		853.68 		2.93 		
1.82 		1202.62 		809.05 		2.66 		
1.84 		1202.62 		809.05 		2.66 		
1.86 		1202.62 		809.05 		2.6 		
1.88 		1199.41 		853.76 		2.89 		
1.9 		1199.41 		853.76 		2.89 		
1.92 		1199.41 		853.76 		2.89 		
1.94 		1199.41 		853.76 		2.89 		
1.96 		1202.62 		809.05 		2.7 		
1.98 		1202.62 		809.05 		2.7 		
2.0 		1152.95 		798.3 		2.41 		
2.02 		1152.95 		798.3 		2.41 		
2.04 		1152.95 		798.3 		2.41 		
2.06 		1168.22 		809.53 		1.37 		
2.08 		1144.11 		845.67 		0.66 		
2.1 		1202.62 		809.05 		2.76 		
2.12 		1202.62 		809.05 		2.76 		
2.14 		1202.62 		809.05 		2.76 		
2.16 		1202.62 		809.05 		2.76 		
2.18 		1202.62 		809.05 		2.76 		
2.2 		1202.62 		809.05 		2.76 		
2.22 		1202.62 		809.05 		2.46 		
2.24 		1062.96 		836.12 		-0.03 		
2.26 		1202.62 		809.05 		2.67 		
2.28 		1202.62 		809.05 		2.67 		
2.3 		1202.62 		809.05 		2.67 		
2.32 		1202.62 		809.05 		2.67 		
2.34 		1202.62 		809.05 		2.67 		
2.36 		1202.62 		809.05 		2.67 		
2.38 		1202.62 		809.05 		2.67 		
2.4 		1202.62 		809.05 		2.67 		
2.42 		1202.62 		809.05 		2.65 		
2.44 		1202.62 		809.05 		2.56 		
2.46 		1202.62 		809.05 		2.64 		
2.48 		1202.62 		809.05 		2.64 		
2.5 		1202.62 		809.05 		2.64 		
2.52 		1202.62 		809.05 		2.68 		
2.54 		1202.62 		809.05 		2.68 		
2.56 		1202.62 		809.05 		2.68 		
2.58 		1202.62 		809.05 		2.68 		
2.6 		1198.68 		857.25 		2.91 		
2.62 		1202.62 		809.05 		2.64 		
2.64 		1202.62 		809.05 		2.64 		
2.66 		1202.62 		809.05 		2.64 		
2.68 		1202.62 		809.05 		2.64 		
2.7 		1118.37 		906.29 		-1.01 		
2.72 		1202.62 		809.05 		2.64 		
2.74 		1202.62 		809.05 		2.67 		
2.76 		1202.62 		809.05 		2.59 		
2.78 		1202.62 		809.05 		2.59 		
2.8 		1202.62 		808.35 		2.59 		
2.82 		1202.62 		809.05 		2.63 		
2.84 		1202.62 		808.35 		2.63 		
2.86 		1202.62 		808.35 		2.63 		
2.88 		1202.62 		808.35 		2.63 		
2.9 		1073.39 		841.77 		-0.07 		
2.92 		1073.39 		841.77 		-0.07 		
2.94 		1073.39 		841.77 		-0.07 		
2.96 		1167.03 		867.49 		-2.27 		
2.98 		1155.75 		797.62 		2.35 		
3.0 		1177.13 		833.35 		-2.48 		
3.02 		1177.13 		833.35 		-2.48 		
3.04 		1203.32 		809.05 		-2.96 		
3.06 		1153.65 		798.31 		2.4 		
3.08 		1202.62 		809.05 		2.64 		
3.1 		1155.06 		796.92 		2.49 		
3.12 		1202.62 		809.05 		2.64 		
3.14 		1202.62 		809.05 		2.64 		
3.16 		1197.98 		857.24 		2.96 		
3.18 		1197.98 		857.24 		2.96 		
3.2 		1197.98 		857.24 		2.96 		
3.22 		1201.2 		810.44 		2.66 		
3.24 		1201.2 		810.44 		2.66 		
3.26 		1202.62 		809.05 		2.67 		
3.28 		1202.62 		809.05 		2.55 		
3.3 		1168.22 		809.53 		1.14 		
3.32 		1168.22 		809.53 		1.38 		
3.34 		1168.22 		809.53 		1.38 		
3.36 		1168.22 		809.53 		1.08 		
3.38 		1168.22 		809.53 		1.08 		
3.4 		1168.22 		809.53 		1.08 		
3.42 		1202.62 		809.05 		2.41 		
3.44 		1201.2 		810.44 		2.41 		
3.46 		1205.74 		853.11 		2.86 		
3.48 		1205.74 		853.11 		2.86 		
3.5 		1205.74 		853.11 		2.86 		
3.52 		1202.6 		810.45 		2.64 		
3.54 		1054.66 		826.99 		0.03 		
3.56 		1202.62 		809.05 		2.64 		
3.58 		1202.62 		809.05 		2.55 		
3.6 		1202.62 		809.05 		2.55 		
3.62 		1202.62 		809.05 		2.55 		
3.64 		1202.62 		809.05 		2.55 		
3.66 		1073.51 		829.2 		0.02 		
3.68 		1202.62 		809.05 		2.64 		
3.7 		1202.62 		809.05 		2.64 		
3.72 		1152.96 		796.91 		2.39 		
3.74 		1202.62 		809.05 		2.67 		
3.76 		1202.62 		809.05 		2.67 		
3.78 		1202.62 		809.05 		2.67 		
3.8 		1202.62 		809.05 		2.67 		
3.82 		1202.62 		809.05 		2.67 		
3.84 		1202.62 		809.05 		2.67 		
3.86 		1202.62 		809.05 		2.67 		
3.88 		1060.2 		831.91 		0.49 		
3.9 		1060.2 		831.91 		0.49 		
3.92 		1202.62 		809.05 		2.76 		
3.94 		1202.62 		809.05 		2.21 		
3.96 		1202.62 		809.05 		2.76 		
3.98 		1202.62 		809.05 		2.76 		
4.0 		1202.62 		809.05 		2.76 		
4.02 		1177.13 		833.35 		-2.53 		
4.04 		1203.32 		809.05 		2.53 		
4.06 		1202.62 		809.05 		2.64 		
4.08 		1202.62 		809.05 		2.64 		
4.1 		1202.62 		809.05 		2.54 		
4.12 		1202.62 		809.05 		2.65 		
4.14 		1195.17 		857.22 		2.94 		
4.16 		1204.34 		853.1 		2.85 		
4.18 		1204.34 		853.1 		2.85 		
4.2 		1204.34 		853.1 		2.85 		
4.22 		1204.34 		853.1 		2.85 		
4.25 		1202.62 		809.05 		2.67 		
4.26 		1202.62 		809.05 		2.67 		
4.28 		1202.62 		809.05 		2.67 		
4.3 		1202.62 		809.05 		2.67 		
4.32 		1202.62 		809.05 		2.61 		
4.34 		1202.62 		809.05 		2.61 		
4.36 		1202.62 		809.05 		2.61 		
4.38 		1202.62 		809.05 		2.59 		
4.4 		1202.62 		809.05 		2.59 		
4.42 		1202.62 		809.05 		2.59 		
4.44 		1201.2 		810.44 		2.63 		
4.46 		1201.2 		810.44 		2.63 		
4.48 		1202.62 		809.05 		2.64 		
4.5 		1071.43 		827.78 		0.03 		
4.52 		1168.21 		810.93 		1.11 		
4.54 		1168.21 		810.93 		1.11 		
4.56 		1202.62 		809.05 		2.41 		
4.58 		1202.62 		809.05 		2.76 		
4.6 		1202.62 		809.05 		2.4 		
4.62 		1201.2 		810.44 		2.39 		
4.64 		1201.2 		810.44 		2.39 		
4.66 		1202.62 		809.05 		2.39 		
4.68 		1202.62 		809.05 		2.22 		
4.7 		1202.62 		809.05 		2.5 		
4.72 		1202.62 		809.05 		2.5 		
4.74 		1202.62 		809.05 		2.55 		
4.76 		1212.76 		854.56 		2.93 		
4.78 		1168.69 		915.73 		-1.38 		
4.8 		1168.69 		915.73 		-1.38 		
4.82 		1168.69 		915.73 		-1.38 		
4.84 		1168.69 		915.73 		-1.38 		
4.87 		1202.62 		809.05 		2.76 		
4.89 		1202.62 		809.05 		2.76 		
4.91 		1202.62 		809.05 		2.32 		
4.92 		1202.62 		809.05 		2.32 		
4.94 		1202.62 		809.05 		2.76 		
4.96 		1202.62 		809.05 		2.76 		
4.98 		1202.6 		810.45 		2.48 		
5.01 		1205.05 		852.4 		2.86 		
5.02 		1205.05 		852.4 		2.86 		
5.04 		1209.24 		855.93 		2.91 		
5.06 		1209.24 		855.93 		2.91 		
5.08 		1209.24 		855.93 		2.91 		
5.1 		1209.24 		855.93 		2.91 		
5.12 		1209.24 		855.93 		2.91 		
5.14 		1177.13 		833.35 		-2.57 		
5.16 		1202.62 		809.05 		2.76 		
5.18 		1202.62 		809.05 		2.76 		
5.2 		1202.62 		809.05 		2.76 		
5.22 		1202.62 		809.05 		2.76 		
5.24 		1157.48 		838.81 		-1.45 		
5.26 		1202.62 		809.05 		2.76 		
5.28 		1153.66 		796.91 		2.15 		
5.3 		1153.66 		796.91 		2.15 		
5.32 		1202.62 		809.05 		2.76 		
5.34 		1201.2 		810.44 		2.77 		
5.36 		1202.62 		809.05 		2.76 		
5.38 		1202.62 		809.05 		2.76 		
5.4 		1177.13 		833.35 		-2.52 		
5.42 		1202.62 		809.05 		2.76 		
5.44 		1202.62 		809.05 		2.76 		
5.46 		1202.62 		809.05 		2.76 		
5.48 		1202.62 		809.05 		2.76 		
5.5 		1209.97 		776.22 		2.35 		
5.52 		1153.67 		796.21 		2.15 		
5.54 		1153.67 		796.21 		2.15 		
5.56 		1153.67 		796.21 		2.15 		
5.58 		1202.62 		809.05 		2.43 		
5.6 		1202.62 		809.05 		2.76 		
5.62 		1202.62 		809.05 		2.47 		
5.64 		1168.22 		809.53 		1.18 		
5.66 		1168.22 		809.53 		1.18 		
5.68 		1149.14 		910.69 		-1.24 		
5.7 		1202.62 		809.05 		2.76 		
5.72 		1202.62 		809.05 		2.46 		
5.74 		1202.62 		809.05 		2.46 		
5.76 		1202.62 		809.05 		2.46 		
5.78 		1202.62 		809.05 		2.46 		
5.8 		1202.6 		810.45 		2.49 		
5.82 		1202.6 		810.45 		2.49 		
5.84 		1202.6 		810.45 		2.49 		
5.86 		1202.62 		809.05 		2.5 		
5.88 		1202.62 		809.05 		2.54 		
5.9 		1202.62 		809.05 		2.54 		
5.92 		1202.62 		809.05 		2.54 		
5.94 		1202.62 		809.05 		2.76 		
5.96 		1202.62 		809.05 		2.76 		
5.98 		1201.2 		810.44 		2.77 		
6.0 		1202.62 		809.05 		2.78 		
6.02 		1202.62 		809.05 		2.76 		
6.04 		1202.62 		809.05 		2.76 		
6.06 		1201.2 		810.44 		2.77 		
6.08 		1202.62 		809.05 		2.76 		
6.1 		1202.62 		809.05 		2.76 		
6.12 		1202.62 		809.05 		2.76 		
6.14 		1202.62 		809.05 		2.76 		
6.17 		1202.62 		809.05 		2.47 		
6.18 		1202.62 		809.05 		2.47 		
6.2 		1202.62 		809.05 		2.76 		
6.22 		1202.62 		809.05 		2.76 		
6.24 		1177.13 		833.35 		-1.96 		
6.26 		1201.2 		810.44 		2.77 		
6.28 		1202.62 		809.05 		2.46 		
6.31 		1202.62 		808.35 		2.57 		
6.33 		1202.62 		808.35 		2.57 		
6.35 		1196.59 		855.83 		2.86 		
6.37 		1202.62 		809.05 		2.63 		
6.39 		1168.93 		809.54 		1.43 		
6.41 		1202.62 		809.05 		2.76 		
6.43 		1202.62 		809.05 		2.76 		
6.45 		1202.62 		809.05 		2.76 		
6.47 		1202.62 		809.05 		2.76 		
6.49 		1202.62 		809.05 		2.76 		
6.51 		1202.62 		809.05 		2.76 		
6.53 		1202.62 		809.05 		2.76 		
6.55 		1202.62 		809.05 		2.76 		
6.57 		1202.62 		809.05 		2.76 		
6.59 		1168.22 		809.53 		0.73 		
6.61 		1168.22 		809.53 		0.73 		
6.63 		1166.81 		810.92 		0.9 		
6.65 		1202.62 		809.05 		2.32 		
6.67 		1202.62 		809.05 		2.76 		
6.69 		1201.2 		810.44 		2.77 		
6.71 		1201.2 		810.44 		2.77 		
6.73 		1202.62 		809.05 		2.44 		
6.75 		1168.22 		809.53 		1.03 		
6.77 		1202.62 		809.05 		2.76 		
6.79 		1202.62 		809.05 		2.76 		
6.81 		1202.62 		809.05 		2.76 		
6.83 		1202.62 		809.05 		2.76 		
6.85 		1201.2 		810.44 		2.48 		
6.87 		1154.35 		798.31 		2.37 		
6.89 		1154.35 		798.31 		2.37 		
6.91 		1154.35 		798.31 		2.37 		
6.93 		1202.62 		809.05 		2.76 		
6.95 		1202.62 		809.05 		2.76 		
6.97 		1203.32 		809.05 		2.76 		
6.99 		1203.32 		809.05 		2.76 		
7.01 		1201.2 		810.44 		2.51 		
7.03 		1202.62 		809.05 		2.76 		
7.05 		1202.62 		809.05 		2.78 		
7.07 		1177.13 		833.35 		-2.28 		
7.09 		1177.13 		833.35 		-2.28 		
7.11 		1203.32 		809.05 		2.76 		
7.13 		1202.62 		809.05 		2.32 		
7.15 		1202.62 		809.05 		2.76 		
7.17 		1202.62 		809.05 		2.76 		
7.18 		1202.62 		809.05 		2.76 		
7.21 		1202.64 		806.95 		2.73 		
7.23 		1201.2 		810.44 		2.77 		
7.25 		1202.62 		809.05 		2.32 		
7.27 		1202.62 		809.05 		2.32 		
7.29 		1202.62 		809.05 		2.32 		
7.31 		1168.22 		809.53 		0.91 		
7.33 		1158.9 		834.6 		0.79 		
7.35 		1168.22 		809.53 		1.07 		
7.37 		1168.22 		809.53 		1.07 		
7.39 		1168.22 		809.53 		1.47 		
7.41 		1168.22 		809.53 		1.47 		
7.43 		1149.26 		815.7 		0.91 		
7.45 		1149.26 		815.7 		0.91 		
7.47 		1202.62 		809.05 		2.76 		
7.49 		1202.62 		809.05 		2.76 		
7.51 		1202.62 		809.05 		2.76 		
7.53 		1202.62 		809.05 		2.76 		
7.55 		1202.62 		809.05 		2.76 		
7.57 		1202.62 		809.05 		2.76 		
7.59 		1202.62 		809.05 		2.76 		
7.61 		1202.62 		809.05 		2.76 		
7.63 		1202.62 		809.05 		2.76 		
7.65 		1202.62 		809.05 		2.76 		
7.67 		1177.13 		833.35 		-2.29 		
7.69 		1177.14 		832.65 		-1.27 		
7.71 		1202.62 		809.05 		2.76 		
7.73 		1202.62 		809.05 		2.76 		
7.75 		1202.62 		809.05 		2.76 		
7.77 		1177.13 		833.35 		-2.26 		
7.79 		1202.62 		809.05 		2.76 		
7.81 		1177.13 		833.35 		-2.44 		
7.83 		1177.13 		833.35 		-2.44 		
7.85 		1202.62 		809.05 		2.76 		
7.87 		1202.62 		809.05 		2.78 		
7.89 		1202.62 		809.05 		2.76 		
7.91 		1202.62 		809.05 		2.78 		
7.93 		1202.62 		809.05 		2.78 		
7.95 		1202.62 		809.05 		2.76 		
7.97 		1202.62 		809.05 		2.76 		
7.99 		1202.62 		809.05 		2.76 		
8.01 		1202.62 		809.05 		2.47 		
8.03 		1202.62 		809.05 		2.47 		
8.05 		1157.55 		913.55 		-1.29 		
8.07 		1166.81 		810.92 		1.22 		
8.09 		1168.22 		809.53 		1.01 		
8.11 		1168.22 		809.53 		1.01 		
8.13 		1202.62 		809.05 		2.76 		
8.15 		1202.62 		809.05 		2.76 		
8.17 		1202.62 		809.05 		2.76 		
8.19 		1202.62 		809.05 		2.76 		
8.21 		1202.62 		809.05 		2.76 		
8.23 		1202.62 		809.05 		2.76 		
8.25 		1202.62 		809.05 		2.76 		
8.27 		1203.32 		809.05 		2.76 		
8.29 		1202.62 		809.05 		2.76 		
8.31 		1202.62 		809.05 		2.76 		
8.33 		1202.62 		809.05 		2.76 		
8.35 		1202.62 		809.05 		2.47 		
8.37 		1155.42 		915.63 		-1.28 		
8.39 		1155.42 		915.63 		-1.28 		
8.41 		1202.62 		809.05 		2.76 		
8.43 		1202.62 		809.05 		2.76 		
8.45 		1202.62 		809.05 		2.76 		
8.47 		1202.62 		809.05 		2.78 		
8.49 		1202.62 		809.05 		2.78 		
8.51 		1202.62 		809.05 		2.76 		
8.53 		1202.62 		809.05 		2.76 		
8.55 		1202.62 		809.05 		2.76 		
8.57 		1202.62 		809.05 		2.76 		
8.59 		1202.62 		809.05 		2.47 		
8.61 		1202.62 		809.05 		2.45 		
8.63 		1168.22 		809.53 		1.3 		
8.65 		1168.22 		809.53 		1.3 		
8.67 		1168.22 		809.53 		1.3 		
8.69 		1168.22 		809.53 		1.3 		
8.71 		1202.62 		809.05 		2.76 		
8.73 		1202.62 		809.05 		2.87 		
8.75 		1202.62 		809.05 		2.47 		
8.77 		1202.62 		809.05 		2.47 		
8.79 		1202.62 		809.05 		2.6 		
8.81 		1168.22 		809.53 		1.32 		
8.83 		1149.14 		909.99 		-1.23 		
8.85 		1149.14 		909.99 		-1.23 		
8.87 		1149.14 		909.99 		-1.23 		
8.89 		1149.14 		909.99 		-1.23 		
8.91 		1202.62 		809.05 		2.76 		
8.93 		1177.13 		833.35 		-2.37 		
8.95 		1177.13 		833.35 		-2.37 		
8.97 		1202.62 		809.05 		2.76 		
8.99 		1202.62 		809.05 		2.76 		
9.01 		1202.62 		809.05 		2.76 		
9.03 		1202.62 		809.05 		2.76 		
9.05 		1202.62 		809.05 		2.76 		
9.07 		1202.62 		809.05 		2.76 		
9.1 		1201.2 		810.44 		2.77 		
9.11 		1202.62 		809.05 		2.76 		
9.13 		1177.13 		833.35 		-2.03 		
9.15 		1177.13 		833.35 		-2.03 		
9.17 		1202.62 		809.05 		2.76 		
9.19 		1203.32 		809.05 		2.76 		
9.21 		1202.62 		809.05 		2.76 		
9.23 		1202.62 		809.05 		2.76 		
9.25 		1202.62 		809.05 		2.76 		
9.27 		1202.62 		809.05 		2.76 		
9.3 		1177.13 		833.35 		-2.28 		
9.32 		1202.62 		809.05 		2.76 		
9.33 		1202.62 		809.05 		2.76 		
9.35 		1202.62 		809.05 		2.76 		
9.37 		1201.2 		810.44 		2.77 		
9.39 		1177.13 		833.35 		-2.5 		
9.41 		1202.62 		809.05 		2.76 		
9.43 		1202.62 		809.05 		2.76 		
9.45 		1202.62 		809.05 		2.76 		
9.47 		1202.62 		809.05 		2.76 		
9.49 		1166.35 		864.69 		-2.16 		
9.51 		1217.72 		850.41 		2.82 		
9.53 		1217.72 		850.41 		2.82 		
9.55 		1156.79 		923.34 		-1.31 		
9.58 		1156.79 		923.34 		-1.31 		
9.59 		1156.79 		923.34 		-1.31 		
9.61 		1202.62 		809.05 		2.44 		
9.63 		1202.62 		809.05 		2.76 		
9.65 		1202.62 		809.05 		2.47 		
9.67 		1202.62 		809.05 		2.41 		
9.7 		1201.2 		810.44 		2.53 		
9.71 		1201.2 		810.44 		2.53 		
9.73 		1201.2 		810.44 		2.53 		
9.75 		1201.2 		810.44 		2.53 		
9.78 		1202.62 		809.05 		2.76 		
9.8 		1202.62 		809.05 		2.76 		
9.81 		1202.62 		809.05 		2.76 		
9.83 		1202.62 		809.05 		2.76 		
9.85 		1202.62 		809.05 		2.76 		
9.87 		1202.62 		809.05 		2.77 		
9.89 		1202.62 		809.05 		2.77 		
9.91 		1177.13 		833.35 		-2.27 		
9.93 		1202.62 		809.05 		2.76 		
9.96 		1202.62 		809.05 		2.76 		
9.98 		1166.4 		859.81 		-1.85 		
9.99 		1166.4 		859.81 		-1.85 		
10.0 		1202.62 		809.05 		2.76 		
10.0 		1201.2 		810.44 		2.77 		
10.1 		1202.62 		809.05 		2.76 		
10.1 		1202.62 		809.05 		2.76 		
10.1 		1202.62 		809.05 		2.76 		
10.1 		1172.65 		866.13 		-2.19 		
10.1 		1174.02 		791.43 		2.19 		
10.2 		1202.62 		809.05 		2.39 		
10.2 		1202.62 		809.05 		2.39 		
10.2 		1202.62 		809.05 		2.39 		
10.2 		1202.62 		809.05 		2.56 		
10.2 		1202.62 		809.05 		2.49 		
10.3 		1202.62 		809.05 		2.49 		
10.3 		1202.62 		809.05 		2.49 		
10.3 		1202.62 		809.05 		2.49 		
10.3 		1202.62 		809.05 		2.49 		
10.3 		1202.62 		809.05 		2.62 		
10.4 		1201.2 		810.44 		2.77 		
10.4 		1201.2 		810.44 		2.77 		
10.4 		1167.1 		859.82 		-2.13 		
10.4 		1202.62 		809.05 		2.56 		
10.4 		1195.88 		856.53 		2.85 		
10.5 		1195.88 		856.53 		2.85 		
10.5 		1202.62 		809.05 		2.78 		
10.5 		1202.62 		809.05 		2.76 		
10.5 		1202.62 		809.05 		2.76 		
10.5 		1177.13 		833.35 		-2.01 		
10.6 		1177.13 		833.35 		-2.01 		
10.6 		1202.62 		809.05 		2.76 		
10.6 		1202.62 		809.05 		2.76 		
10.6 		1177.83 		833.36 		-1.96 		
10.6 		1202.62 		809.05 		2.76 		
10.7 		1202.62 		809.05 		2.76 		
10.7 		1177.13 		833.35 		-2.26 		
10.7 		1202.62 		809.05 		2.76 		
10.7 		1202.62 		809.05 		2.76 		
10.7 		1202.62 		809.05 		2.76 		
10.8 		1202.62 		809.05 		2.76 		
10.8 		1177.13 		833.35 		-2.45 		
10.8 		1202.62 		809.05 		2.76 		
10.8 		1202.62 		809.05 		2.76 		
10.8 		1202.62 		809.05 		2.76 		
10.9 		1202.62 		809.05 		2.76 		
10.9 		1146.03 		868.74 		-1.97 		
10.9 		1202.62 		809.05 		2.76 		
10.9 		1202.62 		809.05 		2.76 		
10.9 		1202.62 		809.05 		2.76 		
11.0 		1202.62 		809.05 		2.76 		
11.0 		1202.62 		809.05 		2.76 		
11.0 		1202.62 		809.05 		2.76 		
11.0 		1202.62 		809.05 		2.76 		
11.0 		1202.62 		809.05 		2.76 		
11.1 		1202.62 		809.05 		2.76 		
11.1 		1202.62 		809.05 		2.76 		
11.1 		1202.62 		809.05 		2.76 		
11.1 		1202.62 		809.05 		2.76 		
11.1 		1202.62 		809.05 		2.76 		
11.2 		1202.62 		809.05 		2.76 		
11.2 		1202.62 		809.05 		2.76 		
11.2 		1177.13 		833.35 		-1.96 		
11.2 		1177.13 		833.35 		-1.96 		
11.2 		1202.62 		809.05 		2.78 		
11.3 		1202.6 		810.45 		2.39 		
11.3 		1202.62 		809.05 		2.45 		
11.3 		1202.62 		809.05 		2.45 		
11.3 		1202.62 		809.05 		2.45 		
11.3 		1202.62 		809.05 		2.45 		
11.4 		1202.62 		809.05 		2.41 		
11.4 		1131.6 		915.46 		-1.12 		
11.4 		1131.6 		915.46 		-1.12 		
11.4 		1202.62 		809.05 		2.76 		
11.4 		1202.62 		809.05 		2.76 		
11.5 		1202.62 		809.05 		2.76 		
11.5 		1202.62 		809.05 		2.76 		
11.5 		1177.13 		833.35 		-1.97 		
11.5 		1177.13 		833.35 		-2.48 		
11.5 		1202.62 		809.05 		2.78 		
11.6 		1202.62 		809.05 		2.76 		
11.6 		1202.62 		809.05 		2.76 		
11.6 		1202.62 		809.05 		2.76 		
11.6 		1202.62 		809.05 		2.83 		
11.6 		1202.62 		809.05 		2.46 		
11.7 		1142.16 		907.85 		-1.17 		
11.7 		1142.16 		907.85 		-1.17 		
11.7 		1160.95 		921.26 		-1.33 		
11.7 		1202.62 		809.05 		2.49 		
11.7 		1202.62 		809.05 		2.76 		
11.8 		1202.62 		809.05 		2.76 		
11.8 		1202.62 		809.05 		2.76 		
11.8 		1177.13 		833.35 		-2.0 		
11.8 		1202.62 		809.05 		2.76 		
11.8 		1203.32 		809.05 		2.75 		
11.9 		1203.32 		809.05 		2.75 		
11.9 		1202.62 		809.05 		2.76 		
11.9 		1202.62 		809.05 		2.33 		
11.9 		1202.62 		809.05 		2.76 		
11.9 		1202.62 		809.05 		2.76 		
12.0 		1202.62 		809.05 		2.76 		
12.0 		1202.62 		809.05 		2.78 		
12.0 		1202.62 		809.05 		2.76 		
12.0 		1201.2 		810.44 		2.77 		
12.0 		1160.96 		840.93 		-2.17 		
12.1 		1160.96 		840.93 		-2.17 		
12.1 		1177.13 		833.35 		-2.45 		
12.1 		1201.2 		810.44 		2.77 		
12.1 		1202.62 		809.05 		2.76 		
12.1 		1202.62 		809.05 		2.76 		
12.2 		1201.21 		809.74 		2.76 		
12.2 		1202.62 		809.05 		2.78 		
12.2 		1202.62 		809.05 		2.76 		
12.2 		1202.62 		809.05 		2.76 		
12.2 		1202.62 		809.05 		2.76 		
12.3 		1202.62 		808.35 		2.75 		
12.3 		1177.13 		833.35 		-2.07 		
12.3 		1202.62 		809.05 		2.76 		
12.3 		1202.62 		809.05 		2.76 		
12.3 		1202.62 		809.05 		2.76 		
12.4 		1202.62 		809.05 		2.76 		
12.4 		1203.32 		809.05 		2.76 		
12.4 		1201.2 		810.44 		2.77 		
12.4 		1201.2 		810.44 		2.77 		
12.4 		1202.62 		809.05 		2.76 		
12.5 		1202.62 		809.05 		2.76 		
12.5 		1202.62 		809.05 		2.76 		
12.5 		1177.13 		833.35 		-2.14 		
12.5 		1177.13 		833.35 		-2.14 		
12.5 		1202.62 		809.05 		2.76 		
12.6 		1202.62 		809.05 		2.76 		
12.6 		1202.62 		809.05 		2.76 		
12.6 		1202.62 		809.05 		2.76 		
12.6 		1202.62 		809.05 		2.76 		
12.6 		1202.62 		809.05 		2.76 		
12.7 		1202.62 		809.05 		2.78 		
12.7 		1202.62 		809.05 		2.76 		
12.7 		1202.62 		809.05 		2.76 		
12.7 		1177.14 		832.65 		-1.36 		
12.7 		1177.14 		832.65 		-1.62 		
12.8 		1177.14 		832.65 		-1.34 		
12.8 		1203.32 		809.05 		2.76 		
12.8 		1203.32 		809.05 		2.76 		
12.8 		1202.62 		809.05 		2.76 		
12.8 		1201.2 		810.44 		2.77 		
12.9 		1202.62 		809.05 		2.76 		
12.9 		1153.65 		798.31 		2.17 		
12.9 		1153.65 		798.31 		2.17 		
12.9 		1201.2 		810.44 		2.6 		
12.9 		1201.2 		810.44 		2.6 		
13.0 		1201.2 		810.44 		2.6 		
13.0 		1142.77 		917.63 		-1.2 		
13.0 		1202.62 		809.05 		2.39 		
13.0 		1168.22 		809.53 		1.3 		
13.0 		1168.22 		809.53 		1.36 		
13.1 		1202.62 		809.05 		2.76 		
13.1 		1202.62 		809.05 		2.76 		
13.1 		1202.63 		807.65 		2.27 		
13.1 		1202.62 		809.05 		2.49 		
13.1 		1149.73 		921.87 		-1.26 		
13.2 		1149.73 		921.87 		-1.26 		
13.2 		1149.73 		921.87 		-1.26 		
13.2 		1202.62 		809.05 		2.38 		
13.2 		1201.2 		810.44 		2.8 		
13.2 		1202.62 		809.05 		2.76 		
13.3 		1203.32 		809.05 		2.48 		
13.3 		1203.32 		809.05 		2.48 		
13.3 		1168.22 		809.53 		1.25 		
13.3 		1202.62 		809.05 		2.76 		
13.3 		1202.62 		809.05 		2.76 		
13.4 		1202.62 		809.05 		2.76 		
13.4 		1202.62 		809.05 		2.76 		
13.4 		1202.62 		809.05 		2.76 		
13.4 		1202.62 		809.05 		2.76 		
13.4 		1169.86 		864.02 		-1.59 		
13.5 		1169.86 		864.02 		-1.59 		
13.5 		1202.62 		809.05 		2.76 		
13.5 		1202.62 		809.05 		2.76 		
13.5 		1177.14 		832.65 		-1.28 		
13.5 		1177.14 		832.65 		-1.34 		
13.6 		1177.14 		832.65 		-1.34 		
13.6 		1202.62 		809.05 		2.78 		
13.6 		1177.13 		833.35 		-2.43 		
13.6 		1202.62 		809.05 		2.76 		
13.6 		1202.62 		809.05 		2.76 		
13.7 		1178.54 		833.36 		-2.01 		
13.7 		1216.79 		797.25 		2.69 		
13.7 		1202.62 		809.05 		2.76 		
13.7 		1202.62 		809.05 		2.76 		
13.7 		1202.62 		809.05 		2.76 		
13.8 		1201.2 		810.44 		2.77 		
13.8 		1202.62 		809.05 		2.76 		
13.8 		1202.62 		809.05 		2.76 		
13.8 		1202.62 		809.05 		2.76 		
13.8 		1202.62 		809.05 		2.76 		
13.9 		1202.62 		809.05 		2.76 		
13.9 		1201.2 		810.44 		2.77 		
13.9 		1201.2 		810.44 		2.77 		
13.9 		1201.2 		810.44 		2.77 		
13.9 		1202.62 		809.05 		2.76 		
14.0 		1202.62 		809.05 		2.46 		
14.0 		1203.32 		809.05 		2.76 		
14.0 		1202.62 		809.05 		2.28 		
14.0 		1202.62 		809.05 		2.28 		
14.0 		1202.62 		809.05 		2.76 		
14.1 		1202.62 		809.05 		2.76 		
14.1 		1202.62 		809.05 		2.76 		
14.1 		1202.62 		809.05 		2.3 		
14.1 		1202.62 		809.05 		2.3 		
14.1 		1147.74 		910.68 		-1.22 		
14.2 		1168.74 		919.93 		-1.39 		
14.2 		1168.22 		809.53 		1.1 		
14.2 		1144.89 		917.65 		-1.22 		
14.2 		1144.89 		917.65 		-1.22 		
14.2 		1134.32 		923.86 		-1.16 		
14.3 		1202.62 		809.05 		2.44 		
14.3 		1202.62 		809.05 		2.31 		
14.3 		1202.62 		809.05 		2.31 		
14.3 		1202.62 		809.05 		2.31 		
14.3 		1168.22 		809.53 		1.04 		
14.4 		1168.22 		809.53 		1.43 		
14.4 		1168.22 		809.53 		1.43 		
14.4 		1168.22 		809.53 		1.43 		
14.4 		1202.62 		809.05 		2.76 		
14.4 		1202.6 		810.45 		2.37 		
14.5 		1152.95 		797.6 		2.03 		
14.5 		1152.95 		797.6 		2.03 		
14.5 		1201.2 		810.44 		2.38 		
14.5 		1202.62 		809.05 		2.52 		
14.5 		1202.62 		809.05 		2.61 		
14.6 		1202.94 		852.39 		2.85 		
14.6 		1202.94 		852.39 		2.85 		
14.6 		1202.94 		852.39 		2.85 		
14.6 		1202.94 		852.39 		2.85 		
14.6 		1216.95 		858.09 		2.85 		
14.7 		1202.62 		809.05 		2.53 		
14.7 		1202.62 		809.05 		2.53 		
14.7 		1202.62 		809.05 		2.53 		
14.7 		1202.62 		809.05 		2.53 		
14.7 		1202.62 		809.05 		2.53 		
14.8 		1202.62 		809.05 		2.61 		
14.8 		1205.74 		853.11 		2.75 		
14.8 		1205.74 		853.11 		2.75 		
14.8 		1205.74 		853.11 		2.75 		
14.8 		1205.74 		853.11 		2.75 		
14.9 		1205.74 		853.11 		2.75 		
14.9 		1205.74 		853.11 		2.75 		
14.9 		1205.74 		853.11 		2.75 		
14.9 		1166.63 		921.32 		-1.37 		
14.9 		1202.62 		809.05 		2.42 		
15.0 		1202.62 		809.05 		2.42 		
15.0 		1202.62 		809.05 		2.76 		
15.0 		1177.14 		832.65 		-1.51 		
15.0 		1202.62 		809.05 		2.76 		
15.0 		1202.62 		809.05 		2.76 		
15.1 		1202.62 		809.05 		2.76 		
15.1 		1202.62 		809.05 		2.76 		
15.1 		1202.62 		809.05 		2.76 		
15.1 		1202.62 		809.05 		2.76 		
15.1 		1202.62 		809.05 		2.76 		
15.2 		1202.62 		809.05 		2.76 		
15.2 		1202.62 		809.05 		2.76 		
15.2 		1202.62 		809.05 		2.76 		
15.2 		1202.62 		809.05 		2.76 		
15.2 		1202.62 		809.05 		2.76 		
15.3 		1202.62 		809.05 		2.47 		
15.3 		1202.62 		809.05 		2.76 		
15.3 		1201.2 		810.44 		2.77 		
15.3 		1202.62 		809.05 		2.76 		
15.3 		1202.62 		809.05 		2.76 		
15.4 		1202.62 		809.05 		2.76 		
15.4 		1203.32 		809.05 		2.79 		
15.4 		1201.2 		810.44 		2.77 		
15.4 		1202.62 		809.05 		2.76 		
15.4 		1202.62 		809.05 		2.76 		
15.5 		1202.62 		809.05 		2.76 		
15.5 		1202.62 		809.05 		2.76 		
15.5 		1202.62 		809.05 		2.76 		
15.5 		1202.62 		809.05 		2.76 		
15.5 		1202.62 		809.05 		2.76 		
15.6 		1202.62 		809.05 		2.76 		
15.6 		1202.62 		809.05 		2.47 		
15.6 		1202.62 		809.05 		2.42 		
15.6 		1202.62 		809.05 		2.42 		
15.6 		1202.62 		809.05 		2.53 		
15.7 		1202.62 		809.05 		2.53 		
15.7 		1202.62 		809.05 		2.53 		
15.7 		1202.62 		809.05 		2.53 		
15.7 		1202.62 		809.05 		2.53 		
15.7 		1202.62 		809.05 		2.53 		
15.8 		1178.55 		831.27 		-1.31 		
15.8 		1178.55 		831.27 		-1.31 		
15.8 		1178.55 		831.27 		-1.31 		
15.8 		1202.62 		809.05 		2.76 		
15.8 		1202.62 		809.05 		2.76 		
15.9 		1202.62 		809.05 		2.76 		
15.9 		1202.62 		809.05 		2.76 		
15.9 		1202.62 		809.05 		2.76 		
15.9 		1178.54 		833.36 		-2.31 		
15.9 		1202.62 		809.05 		2.76 		
16.0 		1202.62 		809.05 		2.47 		
16.0 		1202.62 		809.05 		2.41 		
16.0 		1202.62 		809.05 		2.41 		
16.0 		1202.62 		809.05 		2.76 		
16.0 		1202.62 		809.05 		2.76 		
16.1 		1202.62 		809.05 		2.86 		
16.1 		1202.62 		809.05 		2.76 		
16.1 		1202.62 		809.05 		2.76 		
16.1 		1202.62 		809.05 		2.76 		
16.1 		1202.62 		809.05 		2.78 		
16.2 		1202.62 		809.05 		2.76 		
16.2 		1202.62 		809.05 		2.76 		
16.2 		1202.62 		809.05 		2.76 		
16.2 		1202.62 		809.05 		2.76 		
16.3 		1177.13 		833.35 		-2.3 		
16.3 		1202.62 		809.05 		2.76 		
16.3 		1202.62 		809.05 		2.76 		
16.3 		1202.62 		809.05 		2.76 		
16.3 		1177.83 		833.36 		-2.47 		
16.4 		1202.62 		809.05 		2.76 		
16.4 		1202.62 		809.05 		2.78 		
16.4 		1202.62 		809.05 		2.78 		
16.4 		1202.62 		809.05 		2.76 		
16.4 		1177.13 		833.35 		-2.46 		
16.5 		1202.62 		809.05 		2.76 		
16.5 		1202.62 		809.05 		2.76 		
16.5 		1202.62 		809.05 		2.76 		
16.5 		1202.62 		809.05 		2.76 		
16.5 		1202.62 		809.05 		2.76 		
16.6 		1202.62 		809.05 		2.47 		
16.6 		1202.62 		809.05 		2.47 		
16.6 		1168.93 		809.54 		1.07 		
16.6 		1164.55 		912.2 		-1.34 		
16.6 		1202.62 		809.05 		2.41 		
16.7 		1202.62 		809.05 		2.44 		
16.7 		1202.62 		809.05 		2.44 		
16.7 		1202.62 		809.05 		2.76 		
16.7 		1202.62 		809.05 		2.76 		
16.7 		1201.2 		810.44 		2.77 		
16.8 		1202.62 		809.05 		2.44 		
16.8 		1202.62 		809.05 		2.44 		
16.8 		1202.62 		809.05 		2.5 		
16.8 		1202.62 		809.05 		2.57 		
16.8 		1202.62 		809.05 		2.57 		
16.9 		1202.62 		809.05 		2.42 		
16.9 		1202.62 		809.05 		2.42 		
16.9 		1202.62 		809.05 		2.42 		
16.9 		1202.62 		809.05 		2.76 		
16.9 		1177.13 		833.35 		-2.5 		
17.0 		1177.13 		833.35 		-2.5 		
17.0 		1202.62 		809.05 		2.76 		
17.0 		1202.62 		809.05 		2.76 		
17.0 		1202.62 		809.05 		2.76 		
17.0 		1179.94 		833.37 		-2.63 		
17.1 		1179.94 		833.37 		-2.63 		
17.1 		1202.62 		809.05 		2.76 		
17.1 		1202.62 		809.05 		2.76 		
17.1 		1177.13 		833.35 		-1.97 		
17.1 		1202.62 		809.05 		2.76 		
17.2 		1202.62 		809.05 		2.76 		
17.2 		1202.62 		809.05 		2.76 		
17.2 		1202.62 		809.05 		2.76 		
17.2 		1177.13 		833.35 		-2.39 		
17.2 		1202.62 		809.05 		2.76 		
17.3 		1202.62 		809.05 		2.76 		
17.3 		1202.62 		809.05 		2.76 		
17.3 		1202.62 		809.05 		2.76 		
17.3 		1177.13 		833.35 		-2.28 		
17.3 		1177.13 		833.35 		-2.26 		
17.4 		1177.13 		833.35 		-2.26 		
17.4 		1202.62 		809.05 		2.76 		
17.4 		1202.62 		809.05 		2.76 		
17.4 		1202.62 		809.05 		2.76 		
17.4 		1202.62 		809.05 		2.76 		
17.5 		1202.62 		809.05 		2.76 		
17.5 		1177.14 		832.65 		-1.27 		
17.5 		1202.62 		809.05 		2.76 		
17.5 		1209.28 		775.51 		2.19 		
17.5 		1209.28 		775.51 		2.19 		
17.6 		1202.62 		809.05 		2.76 		
17.6 		1177.13 		833.35 		-2.27 		
17.6 		1177.13 		833.35 		-2.27 		
17.6 		1177.13 		833.35 		-2.27 		
17.6 		1202.62 		809.05 		2.76 		
17.7 		1202.62 		809.05 		2.76 		
17.7 		1202.62 		809.05 		2.76 		
17.7 		1202.62 		809.05 		2.77 		
17.7 		1202.62 		809.05 		2.77 		
17.7 		1202.62 		809.05 		2.78 		
17.8 		1202.62 		809.05 		2.76 		
17.8 		1202.62 		809.05 		2.76 		
17.8 		1177.13 		833.35 		-2.32 		
17.8 		1177.13 		833.35 		-2.32 		
17.8 		1202.62 		809.05 		2.76 		
17.9 		1203.32 		809.05 		2.75 		
17.9 		1202.62 		809.05 		2.32 		
17.9 		1202.62 		809.05 		2.48 		
17.9 		1202.62 		809.05 		2.48 		
17.9 		1206.92 		878.27 		-2.32 		
18.0 		1202.62 		809.05 		2.76 		
18.0 		1202.62 		809.05 		2.76 		
18.0 		1177.13 		833.35 		-1.96 		
18.0 		1177.13 		833.35 		-1.96 		
18.0 		1202.62 		809.05 		2.76 		
18.1 		1202.62 		809.05 		2.76 		
18.1 		1202.62 		809.05 		2.76 		
18.1 		1202.62 		809.05 		2.76 		
18.1 		1202.62 		809.05 		2.76 		
18.1 		1202.62 		809.05 		2.76 		
18.2 		1177.14 		832.65 		-1.27 		
18.2 		1202.62 		809.05 		2.76 		
18.2 		1202.62 		809.05 		2.76 		
18.2 		1202.62 		809.05 		2.76 		
18.2 		1202.62 		809.05 		2.76 		
18.3 		1202.62 		809.05 		2.76 		
18.3 		1202.62 		809.05 		2.76 		
18.3 		1177.13 		833.35 		-2.49 		
18.3 		1202.62 		809.05 		2.76 		
18.3 		1202.62 		809.05 		2.76 		
18.4 		1202.62 		809.05 		2.76 		
18.4 		1202.62 		809.05 		2.76 		
18.4 		1202.62 		809.05 		2.47 		
18.4 		1202.62 		809.05 		2.4 		
18.4 		1149.85 		912.8 		-1.24 		
18.5 		1202.62 		809.05 		2.38 		
18.5 		1202.62 		809.05 		2.38 		
18.5 		1155.05 		797.62 		2.13 		
18.5 		1122.51 		914.7 		-1.07 		
18.5 		1202.62 		809.05 		2.61 		
18.6 		1202.62 		809.05 		2.61 		
18.6 		1202.62 		809.05 		2.61 		
18.6 		1202.62 		809.05 		2.61 		
18.6 		1202.62 		809.05 		2.61 		
18.6 		1126.01 		912.62 		-1.08 		
18.7 		1126.01 		912.62 		-1.08 		
18.7 		1126.01 		912.62 		-1.08 		
18.7 		1141.38 		914.83 		-1.19 		
18.7 		1141.38 		914.83 		-1.19 		
18.7 		1141.38 		914.83 		-1.19 		
18.8 		1201.2 		810.44 		2.77 		
18.8 		1202.62 		809.05 		2.76 		
18.8 		1202.62 		809.05 		2.76 		
18.8 		1202.62 		809.05 		2.76 		
18.8 		1202.62 		809.05 		2.76 		
18.9 		1202.62 		809.05 		2.76 		
18.9 		1202.62 		809.05 		2.76 		
18.9 		1202.62 		809.05 		2.76 		
18.9 		1202.62 		809.05 		2.76 		
18.9 		1202.62 		809.05 		2.76 		
19.0 		1202.62 		809.05 		2.76 		
19.0 		1177.14 		832.65 		-1.28 		
19.0 		1202.62 		809.05 		2.76 		
19.0 		1201.2 		810.44 		2.77 		
19.0 		1201.2 		810.44 		2.77 		
19.1 		1202.62 		809.05 		2.76 		
19.1 		1202.62 		809.05 		2.76 		
19.1 		1202.62 		809.05 		2.76 		
19.1 		1202.62 		809.05 		2.78 		
19.1 		1202.62 		809.05 		2.78 		
19.2 		1202.62 		809.05 		2.76 		
19.2 		1202.62 		809.05 		2.47 		
19.2 		1202.62 		809.05 		2.47 		
19.2 		1202.62 		809.05 		2.47 		
19.2 		1202.62 		809.05 		2.48 		
19.3 		1212.09 		850.36 		2.67 		
19.3 		1212.09 		850.36 		2.67 		
19.3 		1212.09 		850.36 		2.67 		
19.3 		1202.62 		809.05 		2.76 		
19.3 		1202.62 		809.05 		2.78 		
19.4 		1202.62 		809.05 		2.76 		
19.4 		1202.62 		809.05 		2.76 		
19.4 		1202.62 		809.05 		2.45 		
19.4 		1202.62 		809.05 		2.45 		
19.4 		1202.62 		809.05 		2.23 		
19.5 		1202.62 		809.05 		2.39 		
19.5 		1158.9 		922.66 		-1.32 		
19.5 		1158.9 		922.66 		-1.32 		
19.5 		1158.9 		922.66 		-1.32 		
19.5 		1149.79 		916.99 		-1.25 		
19.6 		1169.64 		808.15 		1.45 		
19.6 		1202.62 		809.05 		2.76 		
19.6 		1202.62 		809.05 		2.76 		
19.6 		1202.62 		809.05 		2.76 		
19.6 		1177.13 		833.35 		-2.03 		
19.7 		1202.62 		809.05 		2.76 		
19.7 		1201.2 		810.44 		2.77 		
19.7 		1201.2 		810.44 		2.77 		
19.7 		1202.62 		809.05 		2.76 		
19.7 		1201.93 		806.95 		2.73 		
19.8 		1202.62 		809.05 		2.76 		
19.8 		1202.62 		809.05 		2.76 		
19.8 		1202.62 		809.05 		2.76 		
19.8 		1202.62 		809.05 		2.76 		
19.8 		1202.62 		809.05 		2.76 		
19.9 		1202.62 		809.05 		2.76 		
19.9 		1202.62 		809.05 		2.76 		
19.9 		1201.2 		810.44 		2.47 		
19.9 		1201.2 		810.44 		2.47 		
19.9 		1201.2 		810.44 		2.47 		
20.0 		1202.62 		809.05 		2.48 		
20.0 		1202.62 		809.05 		2.48 		
20.0 		1202.62 		809.05 		2.76 		
20.0 		1202.62 		809.05 		2.47 		
20.0 		1202.62 		809.05 		2.6 		
20.1 		1202.62 		809.05 		2.65 		
20.1 		1202.62 		809.05 		2.65 		
20.1 		1202.62 		809.05 		2.4 		
20.1 		1202.62 		809.05 		2.76 		
20.1 		1177.13 		833.35 		-2.52 		
20.2 		1202.62 		809.05 		2.76 		
20.2 		1202.62 		809.05 		2.76 		
20.2 		1202.62 		809.05 		2.76 		
20.2 		1202.6 		810.45 		2.78 		
20.2 		1202.62 		809.05 		2.76 		
20.3 		1202.62 		809.05 		2.76 		
20.3 		1202.62 		809.05 		2.38 		
20.3 		1154.04 		912.83 		-1.27 		
20.3 		1202.62 		809.05 		2.42 		
20.3 		1177.13 		833.35 		-2.69 		
20.4 		1177.13 		833.35 		-2.69 		
20.4 		1203.32 		809.05 		2.59 		
20.4 		1202.62 		808.35 		2.65 		
20.4 		1201.2 		810.44 		2.62 		
20.4 		1201.2 		810.44 		2.62 		
20.5 		1201.2 		810.44 		2.62 		
20.5 		1201.2 		810.44 		2.62 		
20.5 		1201.2 		810.44 		2.62 		
20.5 		1202.62 		809.05 		2.76 		
20.5 		1202.62 		809.05 		2.76 		
20.6 		1202.62 		809.05 		2.76 		
20.6 		1177.14 		832.65 		-1.32 		
20.6 		1202.62 		809.05 		2.76 		
20.6 		1202.62 		809.05 		2.78 		
20.6 		1202.62 		809.05 		2.78 		
20.7 		1202.62 		809.05 		2.76 		
20.7 		1202.62 		809.05 		2.84 		
20.7 		1202.62 		809.05 		2.39 		
20.7 		1202.62 		809.05 		2.76 		
20.7 		1202.62 		809.05 		2.76 		
20.8 		1177.14 		832.65 		-1.27 		
20.8 		1202.62 		809.05 		2.76 		
20.8 		1202.62 		809.05 		2.3 		
20.8 		1202.62 		809.05 		2.3 		
20.8 		1202.62 		809.05 		2.3 		
20.9 		1202.62 		809.05 		2.3 		
20.9 		1202.62 		809.05 		2.3 		
20.9 		1202.62 		809.05 		2.38 		
20.9 		1202.62 		809.05 		2.38 		
20.9 		1205.77 		850.31 		2.73 		
21.0 		1205.77 		850.31 		2.73 		
21.0 		1205.77 		850.31 		2.73 		
21.0 		1202.62 		809.05 		2.35 		
21.0 		1202.62 		809.05 		2.35 		
21.0 		1202.62 		809.05 		2.35 		
21.1 		1202.62 		809.05 		2.35 		
21.1 		1177.14 		832.65 		-1.3 		
21.1 		1177.14 		832.65 		-1.3 		
21.1 		1177.14 		832.65 		-1.3 		
21.1 		1202.62 		809.05 		2.76 		
21.2 		1202.62 		809.05 		2.76 		
21.2 		1202.62 		809.05 		2.78 		
21.2 		1202.62 		809.05 		2.78 		
21.2 		1202.62 		809.05 		2.76 		
21.2 		1202.62 		809.05 		2.74 		
21.3 		1202.62 		809.05 		2.76 		
21.3 		1202.62 		809.05 		2.76 		
21.3 		1202.62 		809.05 		2.76 		
21.3 		1202.62 		809.05 		2.76 		
21.3 		1202.62 		809.05 		2.38 		
21.4 		1202.62 		809.05 		2.76 		
21.4 		1202.62 		809.05 		2.76 		
21.4 		1202.62 		809.05 		2.76 		
21.4 		1202.62 		809.05 		2.78 		
21.4 		1177.13 		833.35 		-2.27 		
21.5 		1177.13 		833.35 		-2.27 		
21.5 		1177.13 		833.35 		-2.27 		
21.5 		1177.13 		833.35 		-2.27 		
21.5 		1202.62 		809.05 		2.76 		
21.5 		1202.62 		809.05 		2.47 		
21.6 		1202.62 		809.05 		2.47 		
21.6 		1202.62 		809.05 		2.57 		
21.6 		1202.62 		809.05 		2.57 		
21.6 		1202.62 		809.05 		2.57 		
21.6 		1202.62 		809.05 		2.57 		
21.7 		1202.62 		809.05 		2.65 		
21.7 		1202.62 		809.05 		2.63 		
21.7 		1154.06 		911.43 		-1.26 		
21.7 		1202.6 		810.45 		2.39 		
21.7 		1202.62 		809.05 		2.39 		
21.8 		1202.62 		809.05 		2.39 		
21.8 		1202.62 		809.05 		2.44 		
21.8 		1206.47 		850.32 		2.8 		
21.8 		1206.47 		850.32 		2.8 		
21.8 		1206.47 		850.32 		2.8 		
21.9 		1206.47 		850.32 		2.8 		
21.9 		1202.62 		809.05 		2.4 		
21.9 		1202.62 		809.05 		2.57 		
21.9 		1202.62 		809.05 		2.57 		
21.9 		1202.62 		809.05 		2.57 		
22.0 		1202.62 		809.05 		2.57 		
22.0 		1204.38 		848.21 		2.81 		
22.0 		1202.62 		809.05 		2.61 		
22.0 		1202.62 		809.05 		2.66 		
22.0 		1202.62 		809.05 		2.66 		
22.1 		1202.6 		810.45 		2.39 		
22.1 		1168.22 		809.53 		1.17 		
22.1 		1168.22 		809.53 		1.17 		
22.1 		1168.22 		809.53 		1.17 		
22.1 		1202.62 		809.05 		2.76 		
22.2 		1202.62 		809.05 		2.76 		
22.2 		1202.62 		809.05 		2.76 		
22.2 		1202.62 		809.05 		2.76 		
22.2 		1202.62 		809.05 		2.76 		
22.2 		1202.62 		809.05 		2.76 		
22.3 		1202.62 		809.05 		2.76 		
22.3 		1202.62 		809.05 		2.76 		
22.3 		1202.62 		809.05 		2.76 		
22.3 		1202.62 		809.05 		2.76 		
22.3 		1202.62 		809.05 		2.76 		
22.4 		1202.62 		809.05 		2.86 		
22.4 		1202.62 		809.05 		2.48 		
22.4 		1202.62 		809.05 		2.47 		
22.4 		1202.62 		809.05 		2.47 		
22.5 		1195.9 		853.73 		2.8 		
22.5 		1202.62 		809.05 		2.45 		
22.5 		1202.62 		809.05 		2.48 		
22.5 		1202.62 		809.05 		2.48 		
22.5 		1202.62 		809.05 		2.48 		
22.6 		1202.62 		809.05 		2.48 		
22.6 		1202.62 		809.05 		2.6 		
22.6 		1202.62 		809.05 		2.6 		
22.6 		1190.29 		853.69 		2.87 		
22.6 		1190.29 		853.69 		2.87 		
22.7 		1190.29 		853.69 		2.87 		
22.7 		1190.29 		853.69 		2.87 		
22.7 		1190.29 		853.69 		2.87 		
22.7 		1202.62 		809.05 		2.62 		
22.7 		1198.67 		858.65 		2.9 		
22.8 		1202.62 		809.05 		2.76 		
22.8 		1202.62 		809.05 		2.76 		
22.8 		1202.62 		809.05 		2.76 		
22.8 		1202.62 		809.05 		2.76 		
22.8 		1202.62 		809.05 		2.75 		
22.9 		1202.62 		809.05 		2.89 		
22.9 		1202.62 		809.05 		2.76 		
22.9 		1177.13 		833.35 		-1.97 		
22.9 		1177.13 		833.35 		-1.97 		
22.9 		1177.13 		833.35 		-2.48 		
23.0 		1177.13 		833.35 		-2.48 		
23.0 		1177.13 		833.35 		-2.48 		
23.0 		1202.62 		809.05 		2.47 		
23.0 		1202.62 		809.05 		2.47 		
23.0 		1203.32 		809.05 		2.39 		
23.1 		1202.62 		809.05 		2.39 		
23.1 		1202.62 		809.05 		2.38 		
23.1 		1202.62 		809.05 		2.38 		
23.1 		1202.62 		809.05 		2.38 		
23.1 		1216.95 		858.09 		2.84 		
23.2 		1202.62 		809.05 		2.76 		
23.2 		1177.13 		833.35 		-1.96 		
23.2 		1177.13 		833.35 		-1.96 		
23.2 		1202.62 		809.05 		2.76 		
23.2 		1202.62 		809.05 		2.76 		
23.3 		1202.62 		809.05 		2.47 		
23.3 		1123.23 		910.51 		-1.06 		
23.3 		1123.23 		910.51 		-1.06 		
23.3 		1202.62 		809.05 		2.6 		
23.3 		1196.59 		855.83 		2.88 		
23.4 		1196.59 		855.83 		2.88 		
23.4 		1196.59 		855.83 		2.88 		
23.4 		1196.59 		855.83 		2.88 		
23.4 		1202.62 		809.05 		2.76 		
23.4 		1177.13 		833.35 		-1.96 		
23.5 		1202.62 		809.05 		2.76 		
23.5 		1202.62 		809.05 		2.76 		
23.5 		1202.62 		809.05 		2.76 		
23.5 		1202.62 		809.05 		2.76 		
23.5 		1202.62 		809.05 		2.76 		
23.6 		1202.62 		809.05 		2.76 		
23.6 		1202.62 		809.05 		2.76 		
23.6 		1201.2 		810.44 		2.77 		
23.6 		1169.94 		778.83 		2.17 		
23.6 		1169.94 		778.83 		2.17 		
23.7 		1169.94 		778.83 		2.17 		
23.7 		1169.94 		778.83 		2.17 		
23.7 		1202.62 		809.05 		2.76 		
23.7 		1202.6 		810.45 		2.78 		
23.7 		1202.62 		809.05 		2.76 		
23.8 		1202.62 		809.05 		2.76 		
23.8 		1202.62 		809.05 		2.76 		
23.8 		1177.13 		833.35 		-1.99 		
23.8 		1177.13 		833.35 		-1.99 		
23.8 		1177.13 		833.35 		-1.99 		
23.9 		1202.62 		809.05 		2.76 		
23.9 		1202.62 		809.05 		2.76 		
23.9 		1177.13 		833.35 		-2.34 		
23.9 		1202.62 		809.05 		2.76 		
23.9 		1202.62 		809.05 		2.76 		
24.0 		1202.62 		809.05 		2.76 		
24.0 		1177.13 		833.35 		-2.45 		
24.0 		1202.62 		809.05 		2.76 		
24.0 		1177.14 		832.65 		-1.49 		
24.0 		1177.14 		832.65 		-1.49 		
24.1 		1202.62 		809.05 		2.76 		
24.1 		1201.2 		810.44 		2.77 		
24.1 		1201.2 		810.44 		2.77 		
24.1 		1202.62 		809.05 		2.29 		
24.1 		1202.62 		809.05 		2.29 		
24.2 		1168.22 		809.53 		1.42 		
24.2 		1202.62 		809.05 		2.76 		
24.2 		1177.13 		833.35 		-2.3 		
24.2 		1177.13 		833.35 		-2.3 		
24.2 		1177.13 		833.35 		-2.3 		
24.3 		1177.13 		833.35 		-2.3 		
24.3 		1177.13 		833.35 		-2.3 		
24.3 		1202.62 		809.05 		2.76 		
24.3 		1202.62 		809.05 		2.76 		
24.3 		1202.62 		809.05 		2.47 		
24.4 		1214.14 		858.07 		2.81 		
24.4 		1202.62 		809.05 		2.76 		
24.4 		1177.83 		833.36 		-1.97 		
24.4 		1177.83 		833.36 		-1.97 		
24.4 		1202.62 		809.05 		2.76 		
24.5 		1202.62 		809.05 		2.78 		
24.5 		1202.62 		809.05 		2.76 		
24.5 		1201.2 		810.44 		2.77 		
24.5 		1201.2 		810.44 		2.77 		
24.5 		1202.62 		809.05 		2.86 		
24.6 		1202.62 		809.05 		2.76 		
24.6 		1202.62 		809.05 		2.76 		
24.6 		1202.62 		809.05 		2.85 		
24.6 		1202.62 		809.05 		2.85 		
24.6 		1202.62 		809.05 		2.76 		
24.7 		1178.54 		833.36 		-1.97 		
24.7 		1202.62 		809.05 		2.76 		
24.7 		1202.62 		809.05 		2.76 		
24.7 		1177.13 		833.35 		-2.48 		
24.7 		1177.13 		833.35 		-2.46 		
24.8 		1202.62 		809.05 		2.76 		
24.8 		1202.62 		809.05 		2.76 		
24.8 		1202.62 		809.05 		2.76 		
24.8 		1202.62 		809.05 		2.76 		
24.8 		1177.13 		833.35 		-2.3 		
24.9 		1202.62 		809.05 		2.76 		
24.9 		1202.62 		809.05 		2.76 		
24.9 		1202.62 		809.05 		2.76 		
24.9 		1177.13 		833.35 		-2.01 		
24.9 		1177.13 		833.35 		-1.96 		
25.0 		1177.13 		833.35 		-1.96 		
25.0 		1177.13 		833.35 		-1.96 		
25.0 		1177.14 		832.65 		-1.32 		
25.0 		1202.62 		809.05 		2.76 		
25.0 		1202.62 		809.05 		2.76 		
25.1 		1202.62 		809.05 		2.46 		
25.1 		1202.62 		809.05 		2.46 		
25.1 		1202.62 		809.05 		2.46 		
25.1 		1202.62 		809.05 		2.46 		
25.1 		1202.62 		809.05 		2.46 		
25.2 		1202.62 		809.05 		2.46 		
25.2 		1202.62 		809.05 		2.76 		
25.2 		1202.62 		809.05 		2.29 		
25.2 		1201.2 		810.44 		2.83 		
25.2 		1177.13 		833.35 		-2.27 		
25.3 		1177.13 		833.35 		-2.27 		
25.3 		1202.62 		809.05 		2.76 		
25.3 		1202.62 		809.05 		2.76 		
25.3 		1202.62 		809.05 		2.76 		
25.3 		1202.62 		809.05 		2.76 		
25.4 		1202.62 		809.05 		2.76 		
25.4 		1202.62 		809.05 		2.31 		
25.4 		1202.62 		809.05 		2.44 		
25.4 		1202.62 		809.05 		2.76 		
25.4 		1202.62 		809.05 		2.76 		
25.5 		1202.62 		809.05 		2.76 		
25.5 		1177.13 		833.35 		-2.01 		
25.5 		1202.62 		809.05 		2.78 		
25.5 		1202.62 		809.05 		2.47 		
25.5 		1202.62 		809.05 		2.57 		
25.6 		1202.62 		809.05 		2.57 		
25.6 		1202.62 		809.05 		2.57 		
25.6 		1202.62 		809.05 		2.57 		
25.6 		1202.62 		809.05 		2.57 		
25.6 		1139.36 		907.83 		-1.15 		
25.7 		1168.22 		809.53 		1.36 		
25.7 		1168.22 		809.53 		1.36 		
25.7 		1168.22 		809.53 		1.36 		
25.7 		1202.62 		809.05 		2.76 		
25.7 		1202.62 		809.05 		2.76 		
25.8 		1202.6 		810.45 		2.78 		
25.8 		1178.54 		833.36 		-1.96 		
25.8 		1202.62 		809.05 		2.75 		
25.8 		1202.62 		809.05 		2.76 		
25.8 		1202.62 		809.05 		2.76 		
25.9 		1202.62 		809.05 		2.76 		
25.9 		1202.62 		809.05 		2.76 		
25.9 		1202.62 		809.05 		2.76 		
25.9 		1202.62 		809.05 		2.76 		
25.9 		1202.62 		809.05 		2.78 		
26.0 		1202.62 		809.05 		2.76 		
26.0 		1177.14 		832.65 		-1.27 		
26.0 		1202.62 		809.05 		2.78 		
26.0 		1202.62 		809.05 		2.78 		
26.0 		1202.62 		809.05 		2.76 		
26.1 		1202.62 		809.05 		2.76 		
26.1 		1202.62 		809.05 		2.76 		
26.1 		1202.62 		809.05 		2.76 		
26.1 		1202.62 		809.05 		2.46 		
26.1 		1168.22 		809.53 		0.98 		
26.2 		1202.62 		809.05 		2.76 		
26.2 		1202.62 		809.05 		2.76 		
26.2 		1202.62 		809.05 		2.76 		
26.2 		1202.62 		809.05 		2.76 		
26.2 		1202.62 		809.05 		2.76 		
26.3 		1202.62 		809.05 		2.22 		
26.3 		1146.24 		921.15 		-1.23 		
26.3 		1146.24 		921.15 		-1.23 		
26.3 		1201.2 		810.44 		2.46 		
26.3 		1202.62 		809.05 		2.5 		
26.4 		1143.93 		786.35 		1.06 		
26.4 		1143.93 		786.35 		1.06 		
26.4 		1202.62 		809.05 		2.76 		
26.4 		1202.62 		809.05 		2.76 		
26.4 		1202.62 		809.05 		2.46 		
26.5 		1131.57 		918.25 		-1.12 		
26.5 		1131.57 		918.25 		-1.12 		
26.5 		1131.57 		918.25 		-1.12 		
26.5 		1131.57 		918.25 		-1.12 		
26.5 		1214.83 		859.47 		2.92 		
26.6 		1125.9 		928.0 		-1.13 		
26.6 		1125.9 		928.0 		-1.13 		
26.6 		1168.22 		809.53 		1.07 		
26.6 		1168.22 		809.53 		1.41 		
26.6 		1202.62 		809.05 		2.76 		
26.7 		1202.62 		809.05 		2.76 		
26.7 		1202.62 		809.05 		2.76 		
26.7 		1202.62 		809.05 		2.76 		
26.7 		1202.62 		809.05 		2.76 		
26.7 		1202.62 		809.05 		2.46 		
26.8 		1202.62 		809.05 		2.46 		
26.8 		1202.62 		809.05 		2.33 		
26.8 		1202.62 		809.05 		2.38 		
26.8 		1202.62 		809.05 		2.76 		
26.8 		1203.32 		809.05 		2.76 		
26.9 		1203.32 		809.05 		2.76 		
26.9 		1202.62 		809.05 		2.46 		
26.9 		1206.49 		848.22 		2.79 		
26.9 		1206.49 		848.22 		2.79 		
26.9 		1206.49 		848.22 		2.79 		
27.0 		1202.62 		809.05 		2.58 		
27.0 		1202.62 		809.05 		2.58 		
27.0 		1204.34 		853.1 		2.82 		
27.0 		1204.34 		853.1 		2.82 		
27.0 		1204.34 		853.1 		2.82 		
27.1 		1204.34 		853.1 		2.82 		
27.1 		1204.34 		853.1 		2.82 		
27.1 		1202.62 		809.05 		2.53 		
27.1 		1202.62 		809.05 		2.53 		
27.1 		1202.62 		809.05 		2.61 		
27.2 		1202.93 		853.09 		2.87 		
27.2 		1202.93 		853.09 		2.87 		
27.2 		1202.93 		853.09 		2.87 		
27.2 		1202.62 		809.05 		2.57 		
27.2 		1202.62 		809.05 		2.57 		
27.3 		1202.62 		809.05 		2.57 		
27.3 		1151.49 		803.88 		2.23 		
27.3 		1202.62 		809.05 		2.58 		
27.3 		1202.62 		809.05 		2.58 		
27.3 		1202.62 		809.05 		2.58 		
27.4 		1198.02 		852.35 		2.78 		
27.4 		1202.62 		809.05 		2.5 		
27.4 		1202.62 		809.05 		2.5 		
27.4 		1202.62 		809.05 		2.5 		
27.4 		1202.62 		809.05 		2.5 		
27.5 		1202.62 		809.05 		2.51 		
27.5 		1202.62 		809.05 		2.37 		
27.5 		1202.62 		809.05 		2.46 		
27.5 		1202.62 		809.05 		2.46 		
27.5 		1215.6 		851.79 		2.75 		
27.6 		1195.16 		857.92 		2.8 		
27.6 		1195.16 		857.92 		2.8 		
27.6 		1195.16 		857.92 		2.8 		
27.6 		1149.27 		815.0 		1.02 		
27.6 		1202.62 		809.05 		2.53 		
27.7 		1202.62 		809.05 		2.76 		
27.7 		1177.13 		833.35 		-2.07 		
27.7 		1177.13 		833.35 		-2.07 		
27.7 		1202.62 		809.05 		2.76 		
27.7 		1202.62 		809.05 		2.76 		
27.8 		1202.62 		809.05 		2.76 		
27.8 		1177.14 		832.65 		-1.29 		
27.8 		1177.14 		832.65 		-1.29 		
27.8 		1202.62 		809.05 		2.76 		
27.8 		1201.2 		810.44 		2.77 		
27.9 		1202.62 		809.05 		2.76 		
27.9 		1202.62 		809.05 		2.76 		
27.9 		1202.62 		809.05 		2.76 		
27.9 		1202.62 		809.05 		2.33 		
27.9 		1202.62 		809.05 		2.72 		
28.0 		1202.62 		809.05 		2.49 		
28.0 		1202.62 		809.05 		2.49 		
28.0 		1202.62 		809.05 		2.49 		
28.0 		1202.62 		809.05 		2.49 		
28.0 		1202.62 		809.05 		2.78 		
28.1 		1202.62 		809.05 		2.76 		
28.1 		1202.62 		809.05 		2.76 		
28.1 		1202.62 		809.05 		2.76 		
28.1 		1202.62 		809.05 		2.76 		
28.1 		1202.62 		809.05 		2.76 		
28.2 		1201.2 		810.44 		2.77 		
28.2 		1201.2 		810.44 		2.77 		
28.2 		1202.62 		809.05 		2.58 		
28.2 		1202.62 		809.05 		2.13 		
28.2 		1202.62 		809.05 		2.76 		
28.3 		1202.62 		809.05 		2.76 		
28.3 		1201.21 		809.74 		2.76 		
28.3 		1202.62 		809.05 		2.76 		
28.3 		1202.62 		809.05 		2.76 		
28.3 		1126.96 		798.84 		-0.73 		
28.4 		1126.96 		798.84 		-0.73 		
28.4 		1177.14 		832.65 		-1.35 		
28.4 		1177.14 		832.65 		-1.34 		
28.4 		1202.62 		809.05 		2.76 		
28.4 		1201.2 		810.44 		2.77 		
28.5 		1201.2 		810.44 		2.77 		
28.5 		1202.62 		809.05 		2.5 		
28.5 		1202.62 		809.05 		2.76 		
28.5 		1177.13 		833.35 		-2.27 		
28.5 		1177.13 		833.35 		-2.27 		
28.6 		1177.13 		833.35 		-2.27 		
28.6 		1177.13 		833.35 		-2.27 		
28.6 		1202.62 		809.05 		2.43 		
28.6 		1202.6 		810.45 		2.62 		
28.6 		1202.6 		810.45 		2.62 		
28.7 		1202.62 		809.05 		2.66 		
28.7 		1202.62 		809.05 		2.66 		
28.7 		1195.19 		855.12 		2.86 		
28.7 		1193.8 		853.72 		2.9 		
28.7 		1193.8 		853.72 		2.9 		
28.8 		1202.62 		809.05 		2.65 		
28.8 		1202.62 		809.05 		2.76 		
28.8 		1201.2 		810.44 		2.77 		
28.8 		1201.2 		810.44 		2.77 		
28.8 		1157.87 		795.54 		2.23 		
28.9 		1140.78 		905.05 		-1.15 		
28.9 		1140.78 		905.05 		-1.15 		
28.9 		1140.78 		905.05 		-1.15 		
28.9 		1140.78 		905.05 		-1.15 		
28.9 		1140.78 		905.05 		-1.15 		
29.0 		1202.6 		810.45 		2.78 		
29.0 		1201.2 		810.44 		2.77 		
29.0 		1201.2 		810.44 		2.77 		
29.0 		1202.62 		809.05 		2.78 		
29.0 		1166.33 		789.99 		2.37 		
29.1 		1202.6 		810.45 		2.78 		
29.1 		1202.62 		809.05 		2.76 		
29.1 		1202.62 		809.05 		2.76 		
29.1 		1168.22 		809.53 		1.35 		
29.2 		1202.6 		810.45 		2.78 		
29.2 		1202.62 		809.05 		2.62 		
29.2 		1201.2 		810.44 		2.23 		
29.2 		1201.2 		810.44 		2.23 		
29.2 		1202.62 		809.05 		2.8 		
29.2 		1202.62 		809.05 		2.75 		
29.3 		1202.62 		809.05 		2.76 		
29.3 		1202.62 		809.05 		2.76 		
29.3 		1202.62 		809.05 		2.76 		
29.3 		1202.62 		809.05 		2.76 		
29.3 		1202.62 		809.05 		2.76 		
29.4 		1201.2 		810.44 		2.77 		
29.4 		1201.2 		810.44 		2.77 		
29.4 		1202.62 		809.05 		2.76 		
29.4 		1201.2 		810.44 		2.77 		
29.4 		1202.62 		809.05 		2.76 		
29.5 		1202.62 		809.05 		2.76 		
29.5 		1202.62 		809.05 		2.76 		
29.5 		1202.62 		809.05 		2.36 		
29.5 		1202.62 		809.05 		2.78 		
29.5 		1202.62 		809.05 		2.78 		
29.6 		1202.62 		809.05 		2.78 		
29.6 		1202.62 		809.05 		2.76 		
29.6 		1202.62 		809.05 		2.76 		
29.6 		1202.62 		809.05 		2.78 		
29.6 		1202.6 		810.45 		2.8 		
29.7 		1202.6 		810.45 		2.8 		
29.7 		1177.13 		833.35 		-2.39 		
29.7 		1089.06 		809.76 		0.18 		
29.7 		1202.62 		809.05 		3.1 		
29.7 		1206.46 		776.2 		3.0 		
29.8 		1206.46 		776.2 		3.0 		
29.8 		1076.13 		771.99 		0.42 		
29.8 		1209.42 		761.51 		2.83 		
29.8 		1177.14 		832.65 		-1.34 		
29.9 		1202.62 		809.05 		2.76 		
29.9 		1202.62 		809.05 		2.76 		
29.9 		1177.13 		833.35 		-2.39 		
29.9 		1177.13 		833.35 		-2.39 		
29.9 		1177.13 		833.35 		-2.39 		
29.9 		1202.62 		809.05 		2.34 		
30.0 		1202.62 		809.05 		2.32 		
30.0 		1202.62 		809.05 		2.32 		
30.0 		1202.62 		809.05 		2.32 		
30.0 		1202.62 		809.05 		2.32 		
30.0 		1202.62 		809.05 		2.32 		
30.1 		1202.62 		809.05 		2.32 		
30.1 		1202.62 		809.05 		2.76 		
30.1 		1202.62 		809.05 		2.39 		
30.1 		1202.62 		809.05 		2.39 		
30.1 		1202.62 		809.05 		2.39 		
30.2 		1202.62 		809.05 		2.39 		
30.2 		1202.62 		809.05 		2.39 		
30.2 		1095.8 		838.43 		-0.05 		
30.2 		1095.8 		838.43 		-0.05 		
30.2 		1095.8 		838.43 		-0.05 		
30.3 		1071.61 		805.48 		0.63 		
30.3 		1202.62 		809.05 		2.89 		
30.3 		1201.2 		810.44 		2.8 		
30.3 		1201.2 		810.44 		2.8 		
30.4 		1202.62 		809.05 		2.34 		
30.4 		1202.62 		809.05 		2.15 		
30.4 		1158.66 		863.94 		-2.11 		
30.4 		1158.66 		863.94 		-2.11 		
30.4 		1158.66 		863.94 		-2.11 		
30.4 		1158.66 		863.94 		-2.11 		
30.5 		1158.66 		863.94 		-2.11 		
30.5 		1158.66 		863.94 		-2.11 		
30.5 		1202.62 		809.05 		2.9 		
30.5 		1202.62 		809.05 		2.9 		
30.5 		1202.62 		809.05 		2.9 		
30.6 		1202.62 		809.05 		2.76 		
30.6 		1202.62 		809.05 		2.76 		
30.6 		1202.62 		809.05 		2.76 		
30.6 		1202.62 		809.05 		2.76 		
30.6 		1202.62 		809.05 		2.76 		
30.7 		1202.62 		809.05 		2.76 		
30.7 		1202.62 		809.05 		2.76 		
30.7 		1202.62 		809.05 		2.76 		
30.7 		1202.62 		809.05 		2.76 		
30.8 		1202.62 		809.05 		2.76 		
30.8 		1202.62 		809.05 		2.76 		
30.8 		1202.62 		809.05 		2.4 		
30.8 		1202.62 		809.05 		2.4 		
30.8 		1202.62 		809.05 		2.41 		
30.9 		1202.62 		809.05 		2.76 		
30.9 		1202.62 		809.05 		2.76 		
30.9 		1209.25 		777.61 		2.28 		
30.9 		1209.25 		777.61 		2.28 		
30.9 		1202.62 		809.05 		2.76 		
31.0 		1202.62 		809.05 		2.76 		
31.0 		1202.62 		809.05 		2.76 		
31.0 		1202.62 		809.05 		2.76 		
31.0 		1162.86 		864.67 		-2.08 		
31.0 		1177.13 		833.35 		-2.28 		
31.1 		1177.13 		833.35 		-2.46 		
31.1 		1177.14 		832.65 		-1.31 		
31.1 		1177.14 		832.65 		-1.31 		
31.1 		1202.62 		809.05 		2.78 		
31.1 		1202.62 		809.05 		2.76 		
31.2 		1202.62 		809.05 		2.76 		
31.2 		1202.62 		809.05 		2.76 		
31.2 		1185.22 		870.42 		-2.2 		
31.2 		1185.22 		870.42 		-2.2 		
31.2 		1185.22 		870.42 		-2.2 		
31.3 		1202.62 		809.05 		2.76 		
31.3 		1202.62 		809.05 		2.76 		
31.3 		1202.62 		808.35 		2.75 		
31.3 		1202.62 		809.05 		2.42 		
31.3 		1202.62 		809.05 		2.78 		
31.4 		1203.32 		809.05 		2.76 		
31.4 		1203.32 		809.05 		2.76 		
31.4 		1202.62 		809.05 		2.76 		
31.4 		1202.62 		809.05 		2.41 		
31.4 		1202.62 		809.05 		2.39 		
31.5 		1202.62 		809.05 		2.39 		
31.5 		1201.2 		810.44 		2.41 		
31.5 		1202.62 		809.05 		2.86 		
31.5 		1202.62 		809.05 		3.03 		
31.5 		1202.62 		809.05 		3.03 		
31.6 		1202.62 		809.05 		3.03 		
31.6 		1202.62 		809.05 		3.03 		
31.6 		1202.62 		809.05 		2.36 		
31.6 		1168.22 		809.53 		1.06 		
31.6 		1168.22 		809.53 		1.01 		
31.7 		1168.22 		809.53 		1.01 		
31.7 		1202.62 		809.05 		2.32 		
31.7 		1218.42 		851.11 		3.09 		
31.7 		1202.62 		809.05 		2.76 		
31.7 		1202.62 		809.05 		2.41 		
31.8 		1202.62 		809.05 		2.41 		
31.8 		1202.61 		809.75 		2.77 		
31.8 		1177.13 		833.35 		-2.51 		
31.8 		1202.62 		809.05 		2.82 		
31.8 		1202.62 		809.05 		2.82 		
31.9 		1202.62 		809.05 		2.49 		
31.9 		1221.25 		849.03 		2.99 		
31.9 		1221.25 		849.03 		2.99 		
31.9 		1221.25 		849.03 		2.99 		
31.9 		1221.25 		849.03 		2.99 		
32.0 		1221.25 		849.03 		2.99 		
32.0 		1221.25 		849.03 		2.99 		
32.0 		1202.62 		809.05 		2.76 		
32.0 		1202.62 		809.05 		2.33 		
32.0 		1202.62 		809.05 		2.33 		
32.1 		1202.62 		809.05 		2.33 		
32.1 		1202.62 		809.05 		2.33 		
32.1 		1202.62 		809.05 		2.76 		
32.1 		1202.62 		809.05 		2.76 		
32.1 		1160.75 		864.65 		-2.18 		
32.2 		1168.22 		809.53 		1.23 		
32.2 		1168.22 		809.53 		1.23 		
32.2 		1168.22 		809.53 		1.23 		
32.2 		1202.62 		809.05 		2.43 		
32.2 		1202.62 		809.05 		2.43 		
32.3 		1077.07 		820.16 		0.09 		
32.3 		1202.62 		809.05 		2.92 		
32.3 		1174.04 		866.84 		-2.32 		
32.3 		1174.04 		866.84 		-2.32 		
32.3 		1202.62 		809.05 		2.9 		
32.4 		1177.13 		833.35 		-2.36 		
32.4 		1202.62 		809.05 		2.76 		
32.4 		1202.62 		809.05 		2.76 		
32.4 		1208.58 		774.81 		2.24 		
32.4 		1202.62 		809.05 		2.37 		
32.5 		1165.97 		911.53 		-1.35 		
32.5 		1202.62 		809.05 		2.41 		
32.5 		1202.62 		809.05 		2.41 		
32.5 		1203.32 		809.05 		2.73 		
32.5 		1203.32 		809.05 		2.73 		
32.6 		1203.32 		809.05 		2.73 		
32.6 		1203.32 		809.05 		2.73 		
32.6 		1203.32 		809.05 		2.73 		
32.6 		1202.62 		809.05 		2.92 		
32.6 		1202.62 		809.05 		2.92 		
32.7 		1199.47 		847.47 		-3.07 		
32.7 		1199.47 		847.47 		-3.07 		
32.7 		1199.47 		847.47 		-3.07 		
32.7 		1199.47 		847.47 		-3.07 		
32.7 		1199.47 		847.47 		-3.07 		
32.8 		1199.47 		847.47 		-3.07 		
32.8 		1199.47 		847.47 		-3.07 		
32.8 		1199.47 		847.47 		-3.07 		
32.8 		1202.93 		853.79 		2.92 		
32.8 		1202.93 		853.79 		2.92 		
32.9 		1202.62 		809.05 		2.8 		
32.9 		1202.62 		809.05 		2.8 		
32.9 		1202.62 		809.05 		2.8 		
32.9 		1202.62 		809.05 		2.8 		
32.9 		1168.08 		908.74 		-1.38 		
33.0 		1166.81 		810.92 		1.13 		
33.0 		1166.81 		810.92 		1.13 		
33.0 		1166.81 		810.92 		1.13 		
33.0 		1166.81 		810.92 		1.13 		
33.0 		1201.2 		810.44 		2.77 		
33.1 		1202.62 		809.05 		2.76 		
33.1 		1202.62 		809.05 		2.76 		
33.1 		1202.62 		809.05 		2.76 		
33.1 		1202.62 		809.05 		2.76 		
33.1 		1168.21 		810.93 		1.33 		
33.2 		1202.62 		809.05 		2.41 		
33.2 		1202.62 		809.05 		2.41 		
33.2 		1202.62 		809.05 		2.76 		
33.2 		1202.62 		809.05 		2.76 		
33.2 		1202.62 		809.05 		2.78 		
33.3 		1177.14 		832.65 		-1.86 		
33.3 		1177.14 		832.65 		-1.86 		
33.3 		1203.32 		809.05 		2.79 		
33.3 		1202.62 		809.05 		2.47 		
33.3 		1202.62 		809.05 		2.76 		
33.4 		1202.62 		809.05 		2.76 		
33.4 		1170.6 		783.03 		2.25 		
33.4 		1202.62 		809.05 		2.82 		
33.4 		1202.62 		809.05 		2.91 		
33.4 		1202.62 		809.05 		2.91 		
33.5 		1202.62 		809.05 		2.91 		
33.5 		1202.62 		809.05 		2.91 		
33.5 		1197.28 		780.36 		2.64 		
33.5 		1202.62 		809.05 		2.82 		
33.5 		1201.59 		846.09 		3.05 		
33.6 		1201.59 		846.09 		3.05 		
33.6 		1075.72 		815.96 		0.12 		
33.6 		1202.62 		809.05 		2.52 		
33.6 		1202.62 		809.05 		2.52 		
33.6 		1202.62 		809.05 		2.52 		
33.7 		1202.62 		809.05 		2.48 		
33.7 		1202.62 		809.05 		2.76 		
33.7 		1202.62 		809.05 		2.76 		
33.7 		1201.21 		809.04 		2.75 		
33.7 		1201.21 		809.04 		2.75 		
33.8 		1202.62 		809.05 		2.76 		
33.8 		1202.62 		809.05 		2.45 		
33.8 		1202.6 		810.45 		2.78 		
33.8 		1202.62 		809.05 		2.76 		
33.8 		1202.62 		809.05 		2.76 		
33.9 		1202.62 		809.05 		2.76 		
33.9 		1202.62 		809.05 		2.76 		
33.9 		1177.13 		833.35 		-1.97 		
33.9 		1177.13 		833.35 		-1.97 		
33.9 		1202.62 		809.05 		2.76 		
34.0 		1202.62 		809.05 		2.76 		
34.0 		1202.62 		809.05 		2.41 		
34.0 		1202.62 		809.05 		2.76 		
34.0 		1202.62 		809.05 		2.76 		
34.0 		1202.62 		808.35 		2.75 		
34.1 		1203.32 		809.05 		2.76 		
34.1 		1202.62 		809.05 		2.76 		
34.1 		1202.62 		809.05 		2.76 		
34.1 		1202.62 		809.05 		2.76 		
34.1 		1202.62 		809.05 		2.76 		
34.2 		1202.62 		809.05 		2.76 		
34.2 		1202.62 		809.05 		2.76 		
34.2 		1202.62 		809.05 		2.76 		
34.2 		1201.2 		810.44 		2.82 		
34.2 		1202.62 		809.05 		2.82 		
34.3 		1193.84 		848.83 		-3.13 		
34.3 		1193.84 		848.83 		-3.13 		
34.3 		1193.84 		848.83 		-3.13 		
34.3 		1202.62 		809.05 		2.94 		
34.3 		1202.62 		809.05 		2.94 		
34.4 		1202.62 		809.05 		2.94 		
34.4 		1177.13 		833.35 		-2.52 		
34.4 		1177.13 		833.35 		-2.52 		
34.4 		1177.13 		833.35 		-2.52 		
34.4 		1177.13 		833.35 		-2.52 		
34.5 		1177.13 		833.35 		-2.52 		
34.5 		1177.13 		833.35 		-2.52 		
34.5 		1177.13 		833.35 		-2.52 		
34.5 		1202.62 		809.05 		2.91 		
34.5 		1202.62 		808.35 		2.89 		
34.6 		1202.62 		808.35 		2.89 		
34.6 		1202.62 		808.35 		2.89 		
34.6 		1202.62 		808.35 		2.89 		
34.6 		1202.62 		809.05 		2.82 		
34.6 		1202.62 		809.05 		2.76 		
34.7 		1202.62 		809.05 		2.33 		
34.7 		1202.62 		809.05 		2.33 		
34.7 		1202.62 		809.05 		2.86 		
34.7 		1202.62 		809.05 		2.86 		
34.7 		1202.62 		809.05 		2.86 		
34.8 		1202.62 		809.05 		2.86 		
34.8 		1202.62 		809.05 		2.58 		
34.8 		1202.62 		809.05 		2.58 		
34.8 		1202.62 		809.05 		2.58 		
34.9 		1202.62 		809.05 		2.74 		
34.9 		1202.62 		809.05 		2.74 		
34.9 		1202.62 		809.05 		2.74 		
34.9 		1202.62 		809.05 		2.74 		
34.9 		1174.72 		791.43 		2.56 		
34.9 		1174.72 		791.43 		2.56 		
35.0 		1174.72 		791.43 		2.56 		
35.0 		1174.72 		791.43 		2.56 		
35.0 		1174.72 		791.43 		2.56 		
35.0 		1058.23 		817.25 		0.1 		
35.0 		1058.23 		817.25 		0.1 		
35.1 		1058.23 		817.25 		0.1 		
35.1 		1058.23 		817.25 		0.1 		
35.1 		1058.23 		817.25 		0.1 		
35.1 		1058.23 		817.25 		0.1 		
35.1 		1058.23 		817.25 		0.1 		
35.2 		1202.6 		810.45 		2.36 		
35.2 		1202.62 		809.05 		2.76 		
35.2 		1202.62 		809.05 		2.76 		
35.2 		1167.05 		865.4 		-1.32 		
35.3 		1201.2 		810.44 		2.77 		
35.3 		1201.2 		810.44 		2.77 		
35.3 		1202.62 		809.05 		2.76 		
35.3 		1202.62 		809.05 		2.4 		
35.3 		1202.62 		809.05 		2.4 		
35.3 		1202.62 		809.05 		2.4 		
35.4 		1202.62 		809.05 		2.4 		
35.4 		1202.62 		809.05 		2.76 		
35.4 		1202.62 		809.05 		2.76 		
35.4 		1162.13 		867.46 		-2.26 		
35.5 		1162.13 		867.46 		-2.26 		
35.5 		1162.13 		867.46 		-2.26 		
35.5 		1162.13 		867.46 		-2.26 		
35.5 		1202.62 		809.05 		2.76 		
35.5 		1202.62 		809.05 		2.76 		
35.6 		1202.62 		809.05 		2.76 		
35.6 		1202.62 		809.05 		2.76 		
35.6 		1161.44 		866.75 		-2.1 		
35.6 		1159.34 		866.74 		-2.04 		
35.6 		1168.22 		809.53 		1.41 		
35.7 		1168.22 		809.53 		1.41 		
35.7 		1202.62 		809.05 		2.76 		
35.7 		1202.62 		809.05 		2.34 		
35.7 		1201.2 		810.44 		2.77 		
35.7 		1201.2 		810.44 		2.77 		
35.8 		1202.62 		809.05 		2.76 		
35.8 		1177.13 		833.35 		-2.6 		
35.8 		1179.24 		833.37 		-2.6 		
35.8 		1177.13 		833.35 		-2.55 		
35.8 		1177.13 		833.35 		-2.55 		
35.9 		1203.32 		809.05 		2.76 		
35.9 		1202.62 		809.05 		2.34 		
35.9 		1195.01 		873.98 		-2.4 		
35.9 		1195.01 		873.98 		-2.4 		
35.9 		1202.62 		809.05 		2.68 		
36.0 		1202.62 		809.05 		2.68 		
36.0 		1202.62 		809.05 		2.68 		
36.0 		1202.62 		809.05 		2.68 		
36.0 		1202.62 		809.05 		2.68 		
36.0 		1140.68 		916.23 		-1.18 		
36.1 		1140.68 		916.23 		-1.18 		
36.1 		1140.68 		916.23 		-1.18 		
36.1 		1202.62 		809.05 		2.76 		
36.1 		1201.2 		810.44 		2.33 		
36.1 		1201.2 		810.44 		2.33 		
36.2 		1202.62 		809.05 		2.76 		
36.2 		1202.62 		809.05 		2.76 		
36.2 		1202.62 		809.05 		2.76 		
36.2 		1202.62 		809.05 		2.76 		
36.2 		1202.62 		809.05 		2.76 		
36.3 		1202.62 		809.05 		2.76 		
36.3 		1177.13 		833.35 		-2.15 		
36.3 		1202.62 		809.05 		2.75 		
36.3 		1202.62 		809.05 		2.75 		
36.3 		1202.62 		809.05 		2.76 		
36.4 		1202.62 		809.05 		2.38 		
36.4 		1202.62 		809.05 		2.38 		
36.4 		1202.62 		809.05 		2.38 		
36.4 		1202.62 		809.05 		2.38 		
36.4 		1168.22 		809.53 		1.18 		
36.5 		1168.22 		809.53 		1.18 		
36.5 		1202.62 		809.05 		2.35 		
36.5 		1202.62 		809.05 		2.35 		
36.5 		1202.62 		809.05 		2.76 		
36.5 		1202.62 		809.05 		2.76 		
36.6 		1202.62 		809.05 		2.76 		
36.6 		1201.21 		809.74 		2.76 		
36.6 		1201.21 		809.74 		2.76 		
36.6 		1202.62 		809.05 		2.76 		
36.6 		1201.2 		810.44 		2.76 		
36.7 		1202.62 		809.05 		2.42 		
36.7 		1201.2 		810.44 		2.86 		
36.7 		1201.2 		810.44 		2.86 		
36.7 		1202.62 		809.05 		2.32 		
36.7 		1134.14 		785.6 		0.97 		
36.8 		1216.93 		861.59 		3.0 		
36.8 		1216.93 		861.59 		3.0 		
36.8 		1167.29 		915.72 		-1.37 		
36.8 		1167.29 		915.72 		-1.37 		
36.8 		1167.29 		915.72 		-1.37 		
36.9 		1202.62 		809.05 		2.34 		
36.9 		1202.62 		809.05 		2.34 		
36.9 		1202.62 		809.05 		2.48 		
36.9 		1202.62 		809.05 		2.48 		
36.9 		1202.62 		809.05 		2.67 		
37.0 		1177.13 		833.35 		-2.41 		
37.0 		1177.13 		833.35 		-2.41 		
37.0 		1201.2 		810.44 		2.77 		
37.0 		1177.14 		832.65 		-1.4 		
37.0 		1202.62 		809.05 		2.78 		
37.1 		1202.62 		809.05 		2.78 		
37.1 		1177.13 		833.35 		-2.14 		
37.1 		1177.13 		833.35 		-2.14 		
37.1 		1177.13 		833.35 		-2.14 		
37.1 		1172.64 		866.83 		-2.3 		
37.2 		1172.64 		866.83 		-2.3 		
37.2 		1146.98 		913.47 		-1.22 		
37.2 		1202.62 		809.05 		2.32 		
37.2 		1177.13 		833.35 		-2.5 		
37.2 		1202.62 		809.05 		2.76 		
37.3 		1202.62 		809.05 		2.76 		
37.3 		1202.62 		809.05 		2.76 		
37.3 		1202.62 		809.05 		2.78 		
37.3 		1202.62 		809.05 		2.78 		
37.3 		1202.62 		809.05 		2.78 		
37.4 		1202.62 		809.05 		2.72 		
37.4 		1162.42 		912.19 		-1.33 		
37.4 		1202.62 		809.05 		2.76 		
37.4 		1202.62 		809.05 		2.76 		
37.4 		1202.62 		809.05 		2.76 		
37.5 		1201.22 		808.34 		2.31 		
37.5 		1202.62 		809.05 		2.36 		
37.5 		1202.62 		809.05 		2.55 		
37.5 		1202.62 		809.05 		2.55 		
37.5 		1168.22 		809.53 		1.17 		
37.6 		1168.22 		809.53 		1.38 		
37.6 		1201.2 		810.44 		2.8 		
37.6 		1202.62 		809.05 		2.36 		
37.6 		1202.62 		809.05 		2.36 		
37.6 		1202.62 		809.05 		2.34 		
37.7 		1202.62 		809.05 		2.37 		
37.7 		1202.62 		809.05 		2.35 		
37.7 		1202.62 		809.05 		2.76 		
37.7 		1202.62 		809.05 		2.76 		
37.7 		1202.62 		809.05 		2.35 		
37.8 		1202.62 		809.05 		2.35 		
37.8 		1202.62 		809.05 		2.35 		
37.8 		1201.21 		809.74 		2.35 		
37.8 		1201.21 		809.74 		2.35 		
37.8 		1202.62 		809.05 		2.76 		
37.9 		1202.62 		809.05 		2.34 		
37.9 		1177.13 		833.35 		-2.56 		
37.9 		1177.13 		833.35 		-2.56 		
37.9 		1202.62 		809.05 		2.76 		
37.9 		1177.13 		833.35 		-2.36 		
38.0 		1202.62 		809.05 		2.76 		
38.0 		1202.62 		809.05 		2.46 		
38.0 		1202.62 		809.05 		2.46 		
38.0 		1202.62 		809.05 		2.76 		
38.0 		1202.62 		809.05 		2.76 		
38.1 		1202.62 		809.05 		2.76 		
38.1 		1160.03 		868.14 		-2.24 		
38.1 		1160.03 		868.14 		-2.24 		
38.1 		1202.62 		809.05 		2.72 		
38.1 		1202.62 		809.05 		2.72 		
38.2 		1202.62 		809.05 		2.72 		
38.2 		1202.62 		809.05 		2.35 		
38.2 		1168.22 		809.53 		1.06 		
38.2 		1201.2 		810.44 		2.37 		
38.2 		1202.62 		809.05 		2.46 		
38.3 		1177.13 		833.35 		-2.54 		
38.3 		1177.13 		833.35 		-2.54 		
38.3 		1204.34 		776.89 		2.31 		
38.3 		1177.16 		830.56 		-1.31 		
38.3 		1158.18 		832.54 		-0.99 		
38.4 		1202.62 		809.05 		2.76 		
38.4 		1202.62 		809.05 		2.76 		
38.4 		1202.62 		809.05 		2.76 		
38.4 		1202.62 		809.05 		2.76 		
38.4 		1202.62 		809.05 		2.76 		
38.5 		1202.62 		809.05 		2.76 		
38.5 		1202.62 		809.05 		2.76 		
38.5 		1202.62 		809.05 		2.76 		
38.5 		1202.62 		809.05 		2.76 		
38.5 		1202.62 		809.05 		2.76 		
38.6 		1202.62 		809.05 		2.76 		
38.6 		1202.62 		809.05 		2.76 		
38.6 		1202.62 		809.05 		2.76 		
38.6 		1202.62 		809.05 		2.76 		
38.6 		1202.62 		809.05 		2.76 		
38.7 		1201.2 		810.44 		2.77 		
38.7 		1201.2 		810.44 		2.77 		
38.7 		1201.2 		810.44 		2.77 		
38.7 		1202.62 		809.05 		2.31 		
38.7 		1202.62 		809.05 		2.31 		
38.8 		1168.22 		809.53 		1.13 		
38.8 		1151.89 		914.91 		-1.26 		
38.8 		1202.62 		809.05 		2.22 		
38.8 		1168.22 		809.53 		1.05 		
38.8 		1168.22 		809.53 		1.05 		
38.9 		1202.62 		809.05 		2.76 		
38.9 		1202.62 		809.05 		2.32 		
38.9 		1177.13 		833.35 		-2.59 		
38.9 		1177.13 		833.35 		-2.59 		
38.9 		1177.13 		833.35 		-1.97 		
39.0 		1177.13 		833.35 		-2.56 		
39.0 		1201.2 		810.44 		2.77 		
39.0 		1202.62 		809.05 		2.37 		
39.0 		1202.62 		809.05 		2.37 		
39.0 		1202.62 		809.05 		2.37 		
39.1 		1176.43 		918.6 		-1.46 		
39.1 		1176.43 		918.6 		-1.46 		
39.1 		1176.43 		918.6 		-1.46 		
39.1 		1176.43 		918.6 		-1.46 		
39.1 		1176.43 		918.6 		-1.46 		
39.2 		1176.43 		918.6 		-1.46 		
39.2 		1149.8 		912.1 		-1.24 		
39.2 		1175.14 		908.1 		-1.42 		
39.2 		1175.14 		908.1 		-1.42 		
39.2 		1175.14 		908.1 		-1.42 		
39.3 		1202.62 		809.05 		2.76 		
39.3 		1159.33 		868.13 		-2.19 		
39.3 		1159.33 		868.13 		-2.19 		
39.3 		1161.43 		867.45 		-2.34 		
39.3 		1181.34 		833.38 		-2.63 		
39.4 		1202.62 		809.05 		2.76 		
39.4 		1202.62 		809.05 		2.76 		
39.4 		1202.62 		809.05 		2.76 		
39.4 		1202.62 		809.05 		2.76 		
39.4 		1201.2 		810.44 		2.34 		
39.5 		1202.62 		809.05 		2.36 		
39.5 		1146.28 		914.17 		-1.22 		
39.5 		1146.28 		914.17 		-1.22 		
39.5 		1202.62 		809.05 		2.16 		
39.5 		1180.01 		908.83 		-1.46 		
39.6 		1202.62 		809.05 		2.76 		
39.6 		1202.62 		809.05 		2.76 		
39.6 		1202.62 		809.05 		2.34 		
39.6 		1202.62 		809.05 		2.76 		
39.6 		1202.62 		809.05 		2.76 		
39.7 		1202.62 		809.05 		2.76 		
39.7 		1202.62 		809.05 		2.76 		
39.7 		1202.62 		809.05 		2.76 		
39.7 		1202.62 		809.05 		2.76 		
39.7 		1202.62 		809.05 		2.76 		
39.8 		1202.62 		809.05 		2.76 		
39.8 		1202.62 		809.05 		2.76 		
39.8 		1202.62 		809.05 		2.76 		
39.8 		1202.62 		809.05 		2.76 		
39.8 		1202.62 		809.05 		2.76 		
39.9 		1202.62 		809.05 		2.76 		
39.9 		1202.62 		809.05 		2.76 		
39.9 		1202.61 		809.75 		2.77 		
39.9 		1177.14 		832.65 		-1.34 		
39.9 		1201.2 		810.44 		2.77 		
40.0 		1201.2 		810.44 		2.77 		
40.0 		1177.13 		833.35 		-2.4 		
40.0 		1177.13 		833.35 		-2.33 		
40.0 		1119.22 		802.98 		-0.73 		
40.0 		1201.2 		810.44 		2.77 		
40.1 		1201.2 		810.44 		2.77 		
40.1 		1202.6 		810.45 		2.78 		
40.1 		1202.62 		809.05 		2.76 		
40.1 		1202.62 		809.05 		2.76 		
40.1 		1202.62 		809.05 		2.76 		
40.2 		1202.62 		809.05 		2.76 		
40.2 		1167.06 		864.7 		-2.18 		
40.2 		1088.11 		837.68 		-0.04 		
40.2 		1202.62 		809.05 		2.34 		
40.2 		1202.62 		809.05 		2.34 		
40.3 		1202.62 		809.05 		2.76 		
40.3 		1176.44 		832.65 		-1.34 		
40.3 		1177.14 		832.65 		-1.47 		
40.3 		1177.14 		832.65 		-1.47 		
40.3 		1177.14 		832.65 		-1.47 		
40.4 		1177.14 		832.65 		-1.47 		
40.4 		1190.16 		867.66 		-2.21 		
40.4 		1202.62 		809.05 		2.76 		
40.4 		1177.14 		832.65 		-1.3 		
40.4 		1177.14 		832.65 		-1.3 		
40.5 		1201.2 		810.44 		2.77 		
40.5 		1162.12 		868.15 		-2.25 		
40.5 		1162.12 		868.15 		-2.25 		
40.5 		1162.12 		868.15 		-2.25 		
40.5 		1148.42 		909.99 		-1.22 		
40.6 		1202.62 		809.05 		2.78 		
40.6 		1202.62 		809.05 		2.36 		
40.6 		1202.62 		809.05 		2.36 		
40.6 		1202.62 		809.05 		2.36 		
40.6 		1202.62 		809.05 		2.36 		
40.7 		1202.62 		809.05 		2.76 		
40.7 		1201.21 		809.04 		2.32 		
40.7 		1201.21 		809.04 		2.32 		
40.7 		1201.21 		809.04 		2.32 		
40.7 		1158.24 		917.77 		-1.31 		
40.8 		1202.62 		809.05 		2.76 		
40.8 		1202.62 		809.05 		2.76 		
40.8 		1202.62 		809.05 		2.76 		
40.8 		1201.2 		810.44 		2.77 		
40.8 		1206.44 		777.6 		2.12 		
40.9 		1202.62 		809.05 		2.57 		
40.9 		1202.62 		809.05 		2.68 		
40.9 		1202.62 		809.05 		2.68 		
40.9 		1202.62 		809.05 		2.68 		
40.9 		1202.62 		809.05 		2.68 		
41.0 		1202.62 		809.05 		2.68 		
41.0 		1168.22 		809.53 		1.03 		
41.0 		1168.22 		809.53 		1.03 		
41.0 		1169.64 		808.15 		1.44 		
41.0 		1169.64 		808.15 		1.44 		
41.1 		1169.64 		808.15 		1.44 		
41.1 		1169.64 		808.15 		1.44 		
41.1 		1169.64 		808.15 		1.44 		
41.1 		1168.22 		809.53 		0.93 		
41.1 		1168.22 		809.53 		0.93 		
41.2 		1168.22 		809.53 		0.93 		
41.2 		1202.62 		809.05 		2.71 		
41.2 		1202.62 		809.05 		2.71 		
41.2 		1202.62 		809.05 		2.76 		
41.2 		1202.62 		809.05 		2.76 		
41.3 		1202.62 		809.05 		2.48 		
41.3 		1202.62 		809.05 		2.48 		
41.3 		1202.62 		809.05 		2.55 		
41.3 		1072.15 		824.31 		0.59 		
41.3 		1149.01 		923.27 		-1.26 		
41.4 		1202.62 		809.05 		2.36 		
41.4 		1202.62 		809.05 		2.36 		
41.4 		1202.62 		809.05 		2.36 		
41.4 		1202.62 		809.05 		2.36 		
41.4 		1168.22 		809.53 		1.07 		
41.5 		1168.22 		809.53 		1.3 		
41.5 		1168.22 		809.53 		1.3 		
41.5 		1175.13 		909.5 		-1.42 		
41.5 		1175.13 		909.5 		-1.42 		
41.5 		1202.62 		809.05 		2.42 		
41.6 		1202.62 		809.05 		2.42 		
41.6 		1178.63 		909.52 		-1.45 		
41.6 		1202.62 		809.05 		2.76 		
41.6 		1177.13 		833.35 		-2.52 		
41.6 		1202.62 		809.05 		2.67 		
41.7 		1202.62 		809.05 		2.67 		
41.7 		1202.62 		809.05 		2.67 		
41.7 		1205.08 		848.91 		2.77 		
41.7 		1174.33 		919.28 		-1.43 		
41.7 		1155.98 		930.32 		-1.32 		
41.8 		1155.98 		930.32 		-1.32 		
41.8 		1168.22 		809.53 		1.47 		
41.8 		1202.62 		809.05 		2.76 		
41.8 		1161.44 		866.75 		-2.06 		
41.8 		1161.44 		866.75 		-2.06 		
41.9 		1177.14 		832.65 		-2.39 		
41.9 		1202.62 		809.05 		2.57 		
41.9 		1202.62 		809.05 		2.66 		
41.9 		1202.62 		809.05 		2.66 		
41.9 		1202.62 		809.05 		2.66 		
42.0 		1202.62 		809.05 		2.66 		
42.0 		1202.62 		809.05 		2.66 		
42.0 		1202.62 		809.05 		2.33 		
42.0 		1202.62 		809.05 		2.76 		
42.0 		1202.62 		809.05 		2.76 		
42.1 		1202.6 		810.45 		2.46 		
42.1 		1202.6 		810.45 		2.46 		
42.1 		1202.6 		810.45 		2.46 		
42.1 		1202.6 		810.45 		2.46 		
42.1 		1202.6 		810.45 		2.46 		
42.2 		1202.6 		810.45 		2.46 		
42.2 		1202.6 		810.45 		2.46 		
42.2 		1202.6 		810.45 		2.46 		
42.2 		1202.62 		809.05 		2.76 		
42.3 		1202.62 		809.05 		2.34 		
42.3 		1202.62 		809.05 		2.76 		
42.3 		1160.03 		867.44 		-1.99 		
42.3 		1168.22 		809.53 		1.41 		
42.3 		1168.22 		809.53 		1.41 		
42.3 		1168.22 		809.53 		1.41 		
42.4 		1168.22 		809.53 		1.41 		
42.4 		1202.62 		809.05 		2.76 		
42.4 		1202.62 		809.05 		2.76 		
42.4 		1202.62 		809.05 		2.76 		
42.4 		1161.43 		867.45 		-2.21 		
42.5 		1202.62 		809.05 		2.76 		
42.5 		1202.62 		809.05 		2.34 		
42.5 		1202.62 		809.05 		2.34 		
42.5 		1168.22 		809.53 		1.14 		
42.5 		1168.22 		809.53 		1.14 		
42.6 		1168.22 		809.53 		1.14 		
42.6 		1168.22 		809.53 		1.14 		
42.6 		1202.62 		809.05 		2.32 		
42.6 		1177.13 		833.35 		-2.51 		
42.7 		1202.62 		809.05 		2.76 		
42.7 		1202.62 		809.05 		2.33 		
42.7 		1202.62 		809.05 		2.33 		
42.7 		1202.62 		809.05 		2.76 		
42.7 		1202.62 		809.05 		2.76 		
42.8 		1160.73 		868.14 		-2.19 		
42.8 		1174.37 		915.08 		-1.42 		
42.8 		1174.37 		915.08 		-1.42 		
42.8 		1202.62 		809.05 		2.76 		
42.8 		1161.42 		868.85 		-2.23 		
42.9 		1202.62 		809.05 		2.76 		
42.9 		1202.62 		809.05 		2.78 		
42.9 		1202.62 		809.05 		2.78 		
42.9 		1202.62 		809.05 		2.76 		
42.9 		1202.62 		809.05 		2.76 		
43.0 		1202.62 		809.05 		2.33 		
43.0 		1202.62 		809.05 		2.81 		
43.0 		1202.62 		809.05 		2.81 		
43.0 		1202.62 		809.05 		2.76 		
43.0 		1201.2 		810.44 		2.77 		
43.1 		1201.2 		810.44 		2.34 		
43.1 		1201.2 		810.44 		2.34 		
43.1 		1168.22 		809.53 		1.15 		
43.1 		1168.22 		809.53 		1.09 		
43.1 		1202.62 		809.05 		2.37 		
43.2 		1202.62 		809.05 		2.76 		
43.2 		1202.62 		809.05 		2.76 		
43.2 		1202.62 		809.05 		2.76 		
43.2 		1202.62 		809.05 		2.76 		
43.2 		1202.62 		809.05 		2.57 		
43.3 		1202.62 		809.05 		2.44 		
43.3 		1202.62 		809.05 		2.44 		
43.3 		1202.62 		809.05 		2.44 		
43.3 		1202.62 		809.05 		2.44 		
43.3 		1169.64 		808.15 		0.99 		
43.4 		1169.64 		808.15 		0.99 		
43.4 		1202.62 		809.05 		2.34 		
43.4 		1165.26 		910.82 		-1.36 		
43.4 		1168.22 		809.53 		1.41 		
43.4 		1202.6 		810.45 		2.37 		
43.5 		1202.6 		810.45 		2.37 		
43.5 		1202.62 		809.05 		2.56 		
43.5 		1202.62 		809.05 		2.56 		
43.5 		1090.96 		832.11 		0.57 		
43.5 		1202.62 		809.05 		2.36 		
43.6 		1202.62 		809.05 		2.36 		
43.6 		1202.62 		809.05 		2.76 		
43.6 		1202.62 		809.05 		2.76 		
43.6 		1202.62 		809.05 		2.76 		
43.6 		1202.62 		809.05 		2.76 		
43.7 		1202.62 		809.05 		2.37 		
43.7 		1162.13 		867.46 		-2.18 		
43.7 		1166.81 		810.92 		0.91 		
43.7 		1201.2 		810.44 		2.77 		
43.7 		1201.2 		810.44 		2.77 		
43.8 		1202.62 		809.05 		2.37 		
43.8 		1202.62 		809.05 		2.76 		
43.8 		1202.62 		809.05 		2.34 		
43.8 		1162.44 		912.19 		-1.33 		
43.8 		1162.44 		912.19 		-1.33 		
43.9 		1202.62 		809.05 		2.2 		
43.9 		1202.62 		809.05 		2.2 		
43.9 		1202.62 		809.05 		2.2 		
43.9 		1202.62 		809.05 		2.5 		
43.9 		1168.22 		809.53 		1.32 		
44.0 		1202.62 		809.05 		2.76 		
44.0 		1202.62 		809.05 		2.76 		
44.0 		1202.62 		809.05 		2.76 		
44.0 		1202.62 		809.05 		2.76 		
44.0 		1202.62 		809.05 		2.5 		
44.1 		1202.62 		809.05 		2.58 		
44.1 		1202.6 		810.45 		2.34 		
44.1 		1168.22 		809.53 		1.38 		
44.1 		1168.22 		809.53 		1.38 		
44.1 		1168.22 		809.53 		1.38 		
44.2 		1168.22 		809.53 		1.38 		
44.2 		1177.14 		832.65 		-1.36 		
44.2 		1177.14 		832.65 		-1.36 		
44.2 		1177.14 		832.65 		-1.34 		
44.2 		1202.6 		810.45 		2.78 		
44.3 		1202.62 		809.05 		2.76 		
44.3 		1202.62 		809.05 		2.36 		
44.3 		1202.62 		809.05 		2.36 		
44.3 		1168.22 		809.53 		1.4 		
44.3 		1202.62 		809.05 		2.76 		
44.4 		1177.14 		832.65 		-1.35 		
44.4 		1202.62 		809.05 		2.76 		
44.4 		1202.62 		809.05 		2.76 		
44.4 		1202.62 		809.05 		2.76 		
44.4 		1190.89 		787.32 		2.21 		
44.5 		1202.62 		809.05 		2.76 		
44.5 		1160.04 		866.74 		-2.14 		
44.5 		1160.04 		866.74 		-2.14 		
44.5 		1181.45 		906.75 		-1.47 		
44.5 		1181.45 		906.75 		-1.47 		
44.6 		1181.45 		906.75 		-1.47 		
44.6 		1202.62 		809.05 		2.54 		
44.6 		1202.62 		809.05 		2.36 		
44.6 		1168.22 		809.53 		1.31 		
44.6 		1202.62 		809.05 		2.76 		
44.7 		1202.62 		809.05 		2.52 		
44.7 		1202.62 		809.05 		2.52 		
44.7 		1173.32 		868.93 		-2.29 		
44.7 		1202.62 		809.05 		2.76 		
44.7 		1201.2 		810.44 		2.77 		
44.8 		1202.62 		809.05 		2.76 		
44.8 		1202.62 		809.05 		2.76 		
44.8 		1202.62 		809.05 		2.76 		
44.8 		1202.62 		809.05 		2.76 		
44.8 		1202.62 		809.05 		2.39 		
44.9 		1202.62 		809.05 		2.39 		
44.9 		1202.62 		809.05 		2.76 		
44.9 		1202.62 		809.05 		2.76 		
44.9 		1202.62 		809.05 		2.33 		
44.9 		1190.45 		922.2 		-1.57 		
45.0 		1190.45 		922.2 		-1.57 		
45.0 		1202.62 		809.05 		2.76 		
45.0 		1202.62 		809.05 		2.76 		
45.0 		1202.62 		809.05 		2.76 		
45.0 		1202.62 		809.05 		2.36 		
45.1 		1202.62 		809.05 		2.36 		
45.1 		1201.2 		810.44 		2.37 		
45.1 		1190.86 		866.97 		-2.37 		
45.1 		1202.62 		809.05 		2.76 		
45.1 		1202.62 		809.05 		2.76 		
45.2 		1202.62 		809.05 		2.48 		
45.2 		1202.62 		809.05 		2.37 		
45.2 		1186.33 		910.27 		-1.51 		
45.2 		1202.62 		809.05 		2.34 		
45.2 		1202.62 		809.05 		2.34 		
45.3 		1202.62 		809.05 		2.34 		
45.3 		1202.62 		809.05 		2.34 		
45.3 		1202.62 		809.05 		2.42 		
45.3 		1162.82 		868.16 		-2.31 		
45.3 		1162.82 		868.16 		-2.31 		
45.4 		1169.64 		808.15 		1.09 		
45.4 		1201.91 		809.05 		2.78 		
45.4 		1202.62 		809.05 		2.76 		
45.4 		1202.62 		809.05 		2.76 		
45.4 		1202.62 		809.05 		2.76 		
45.5 		1202.62 		809.05 		2.76 		
45.5 		1202.62 		809.05 		2.34 		
45.5 		1202.62 		809.05 		2.76 		
45.5 		1202.62 		809.05 		2.76 		
45.5 		1202.62 		809.05 		2.34 		
45.6 		1162.82 		868.16 		-2.23 		
45.6 		1202.62 		809.05 		2.66 		
45.6 		1202.62 		809.05 		2.66 		
45.6 		1201.52 		854.48 		3.01 		
45.6 		1177.13 		833.35 		-2.4 		
45.7 		1202.62 		809.05 		2.76 		
45.7 		1202.62 		809.05 		2.33 		
45.7 		1202.62 		809.05 		2.33 		
45.7 		1202.62 		809.05 		2.61 		
45.7 		1202.62 		809.05 		2.61 		
45.8 		1202.62 		809.05 		2.61 		
45.8 		1202.62 		809.05 		2.61 		
45.8 		1202.62 		809.05 		2.61 		
45.8 		1202.62 		809.05 		2.61 		
45.8 		1202.62 		809.05 		2.61 		
45.9 		1202.62 		809.05 		2.76 		
45.9 		1202.62 		809.05 		2.35 		
45.9 		1202.62 		809.05 		2.35 		
45.9 		1202.62 		809.05 		2.15 		
45.9 		1202.62 		809.05 		2.15 		
46.0 		1202.62 		809.05 		2.15 		
46.0 		1202.62 		809.05 		2.35 		
46.0 		1202.62 		809.05 		2.35 		
46.0 		1177.13 		833.35 		-2.54 		
46.0 		1202.62 		809.05 		2.78 		
46.1 		1202.62 		809.05 		2.38 		
46.1 		1202.62 		809.05 		2.38 		
46.1 		1202.62 		809.05 		2.38 		
46.1 		1202.62 		809.05 		2.38 		
46.1 		1202.62 		809.05 		2.76 		
46.2 		1202.6 		810.45 		2.78 		
46.2 		1202.6 		810.45 		2.78 		
46.2 		1161.43 		867.45 		-2.17 		
46.2 		1202.62 		809.05 		2.78 		
46.2 		1202.62 		809.05 		2.38 		
46.3 		1202.62 		809.05 		2.38 		
46.3 		1202.62 		809.05 		2.46 		
46.3 		1202.62 		809.05 		2.34 		
46.3 		1202.62 		809.05 		2.76 		
46.3 		1202.62 		809.05 		2.37 		
46.4 		1202.62 		809.05 		2.37 		
46.4 		1162.82 		868.16 		-2.3 		
46.4 		1202.62 		809.05 		2.61 		
46.4 		1202.62 		809.05 		2.73 		
46.4 		1202.62 		809.05 		2.79 		
46.5 		1202.62 		809.05 		2.79 		
46.5 		1202.62 		809.05 		2.75 		
46.5 		1202.62 		809.05 		2.75 		
46.5 		1202.62 		809.05 		2.75 		
46.5 		1201.2 		810.44 		2.58 		
46.6 		1201.2 		810.44 		2.58 		
46.6 		1202.62 		809.05 		2.71 		
46.6 		1202.62 		809.05 		2.71 		
46.6 		1202.62 		809.05 		2.71 		
46.6 		1202.62 		809.05 		2.35 		
46.7 		1202.62 		809.05 		2.35 		
46.7 		1202.62 		809.05 		2.76 		
46.7 		1202.62 		809.05 		2.54 		
46.7 		1202.62 		809.05 		2.76 		
46.7 		1202.62 		809.05 		2.76 		
46.8 		1202.62 		809.05 		2.76 		
46.8 		1179.94 		833.37 		-2.62 		
46.8 		1202.2 		780.38 		2.18 		
46.8 		1202.2 		780.38 		2.18 		
46.8 		1202.2 		780.38 		2.18 		
46.9 		1202.2 		780.38 		2.18 		
46.9 		1202.62 		809.05 		2.76 		
46.9 		1202.62 		808.35 		2.75 		
46.9 		1202.62 		808.35 		2.75 		
46.9 		1202.62 		809.05 		2.34 		
47.0 		1202.62 		809.05 		2.34 		
47.0 		1202.62 		809.05 		2.34 		
47.0 		1202.62 		809.05 		2.2 		
47.0 		1202.62 		809.05 		2.2 		
47.0 		1202.62 		809.05 		2.2 		
47.1 		1202.62 		809.05 		2.2 		
47.1 		1168.22 		809.53 		1.18 		
47.1 		1202.62 		809.05 		2.37 		
47.1 		1202.62 		809.05 		2.37 		
47.1 		1202.62 		809.05 		2.37 		
47.2 		1202.62 		809.05 		2.76 		
47.2 		1202.62 		809.05 		2.55 		
47.2 		1168.22 		809.53 		1.05 		
47.2 		1168.22 		809.53 		1.05 		
47.2 		1202.62 		809.05 		2.76 		
47.3 		1202.62 		809.05 		2.32 		
47.3 		1202.62 		809.05 		2.46 		
47.3 		1202.62 		809.05 		2.46 		
47.3 		1202.62 		809.05 		2.46 		
47.3 		1202.62 		809.05 		2.47 		
47.4 		1202.62 		809.05 		2.76 		
47.4 		1201.2 		810.44 		2.33 		
47.4 		1201.2 		810.44 		2.33 		
47.4 		1169.48 		915.05 		-1.39 		
47.4 		1202.6 		810.45 		2.81 		
47.5 		1202.62 		809.05 		2.76 		
47.5 		1202.62 		809.05 		2.76 		
47.5 		1202.62 		809.05 		2.76 		
47.5 		1202.62 		809.05 		2.32 		
47.5 		1202.62 		809.05 		2.32 		
47.6 		1202.62 		809.05 		2.32 		
47.6 		1202.62 		809.05 		2.76 		
47.6 		1202.62 		809.05 		2.76 		
47.6 		1202.62 		809.05 		2.36 		
47.6 		1134.47 		904.31 		-1.11 		
47.7 		1202.62 		809.05 		2.36 		
47.7 		1202.62 		809.05 		2.36 		
47.7 		1202.62 		809.05 		2.36 		
47.7 		1202.62 		809.05 		2.36 		
47.7 		1202.62 		809.05 		2.76 		
47.8 		1090.28 		830.01 		0.02 		
47.8 		1090.28 		830.01 		0.02 		
47.8 		1202.62 		809.05 		2.68 		
47.8 		1202.62 		809.05 		2.76 		
47.8 		1202.62 		809.05 		2.48 		
47.9 		1081.82 		837.64 		-0.06 		
47.9 		1081.82 		837.64 		-0.06 		
47.9 		1177.13 		833.35 		-2.52 		
47.9 		1202.62 		809.05 		2.76 		
47.9 		1174.02 		791.43 		2.17 		
48.0 		1174.02 		791.43 		2.17 		
48.0 		1168.22 		809.53 		1.15 		
48.0 		1161.79 		912.9 		-1.32 		
48.0 		1168.22 		809.53 		0.97 		
48.0 		1168.22 		809.53 		1.19 		
48.1 		1168.22 		809.53 		1.19 		
48.1 		1202.62 		809.05 		2.21 		
48.1 		1202.62 		809.05 		2.76 		
48.1 		1202.62 		809.05 		2.76 		
48.1 		1202.62 		809.05 		2.76 		
48.2 		1161.42 		868.85 		-2.07 		
48.2 		1095.42 		801.44 		0.26 		
48.2 		1202.62 		809.05 		2.3 		
48.2 		1132.35 		907.79 		-1.1 		
48.2 		1132.35 		907.79 		-1.1 		
48.3 		1202.62 		809.05 		2.76 		
48.3 		1202.62 		809.05 		2.55 		
48.3 		1177.13 		833.35 		-2.55 		
48.3 		1202.62 		809.05 		2.71 		
48.3 		1202.62 		809.05 		2.71 		
48.4 		1157.56 		907.26 		-1.28 		
48.4 		1202.62 		809.05 		2.48 		
48.4 		1086.66 		765.09 		0.85 		
48.4 		1086.66 		765.09 		0.85 		
48.4 		1086.66 		765.09 		0.85 		
48.5 		1202.62 		809.05 		2.75 		
48.5 		1204.34 		853.1 		3.03 		
48.5 		1192.4 		853.01 		3.0 		
48.5 		1192.4 		853.01 		3.0 		
48.5 		1192.4 		853.01 		3.0 		
48.6 		1202.62 		809.05 		2.79 		
48.6 		1201.2 		810.44 		2.76 		
48.6 		1202.62 		809.05 		2.78 		
48.6 		1202.62 		809.05 		2.78 		
48.6 		1160.73 		868.14 		-2.19 		
